num branch_node: 7
num leaf_node: 8
num feature: 57
tree_depth: 3
num label: 2
nDC: 2432

***variables
a: 1 - 399 -> 399
s: 400 - 32606 -> 32207
z: 32607 - 69414 -> 36808
g: 69415 - 69430 -> 16
x: 69431 - 78632 -> 9202
ml: 78633 - 82289 -> 3657
cl: 82290 - 85533 -> 3244

variables***
[debug] --> CL ML ratio 5
the cl header --> p wcnf 85533 3819071 19878

timeout 900s ~/SAT_Project/loandra-master/loandra_static -pmreslin-cglim=30 -weight-strategy=1 -print-model -verbosity=1 ./solutions/spam_0.1_mc1.5_s2352_r5/phase_1_clauses_final >./solutions/spam_0.1_mc1.5_s2352_r5/phase_1_loandra_res

Start to read loandra res
*loandra status: SATISFIABLE
-ml sat and violated: 2420 | 1237  | total #ml: 3657 | -violated weight: 1237
13 -- [1687  568]
15 -- [1508 1032]
17 -- [2394 3638]
29 -- [2703 2626]
36 -- [2110 2490]
39 -- [4336 2693]
40 -- [3301 4353]
43 -- [3912 2113]
46 -- [3057 4194]
49 -- [3542 2716]
50 -- [ 814 1654]
52 -- [3731 4222]
56 -- [3395 2633]
61 -- [144 881]
62 -- [4121 3505]
66 -- [ 379 1463]
71 -- [4242 3175]
72 -- [3064 3685]
75 -- [1851 2663]
76 -- [4198 3814]
79 -- [645 685]
83 -- [1938 2938]
84 -- [3334 3996]
87 -- [4529 4092]
92 -- [2899 3166]
94 -- [3901 3784]
95 -- [3798 2479]
109 -- [1230  305]
117 -- [3521 3433]
119 -- [736  54]
121 -- [1111  680]
124 -- [138 199]
125 -- [1585  551]
127 -- [2646 2332]
136 -- [4097 4430]
139 -- [ 929 1714]
147 -- [2484 3990]
152 -- [4524 4582]
153 -- [4028 4551]
154 -- [2415 2926]
155 -- [2997 1920]
156 -- [3108 2135]
162 -- [ 549 1040]
164 -- [3458 3280]
165 -- [2016 4514]
168 -- [2405 4115]
171 -- [4520 3109]
176 -- [3633 2071]
177 -- [1760  233]
178 -- [3595 3850]
179 -- [3142 2447]
183 -- [2959 2119]
187 -- [3050 4215]
188 -- [1754 1258]
191 -- [3489 4489]
192 -- [ 371 1558]
198 -- [2799 4046]
203 -- [2278 1853]
207 -- [ 152 1226]
210 -- [1505 1323]
211 -- [2244 2889]
213 -- [294 742]
215 -- [2421 4588]
217 -- [1776   26]
218 -- [3181 2228]
219 -- [1723  116]
220 -- [3100 4523]
221 -- [ 391 1704]
224 -- [2760 3701]
230 -- [3304 3700]
232 -- [4278 4185]
236 -- [1983 2958]
237 -- [4388 4025]
241 -- [2909 3410]
242 -- [2961 2277]
243 -- [2776 1984]
244 -- [4288 2631]
245 -- [4369 2393]
246 -- [3430 4519]
247 -- [4082 2663]
249 -- [4467 4038]
250 -- [4033 4150]
254 -- [1985 3657]
257 -- [3307 4426]
258 -- [4383 2469]
259 -- [544 620]
260 -- [4524 1930]
262 -- [ 463 1168]
267 -- [4250 1940]
270 -- [1399 1317]
275 -- [2838 2416]
278 -- [2965 2110]
282 -- [3368 4112]
283 -- [2783 3596]
286 -- [2642 3985]
287 -- [2834 3748]
291 -- [4347 4099]
301 -- [2827 4435]
303 -- [552 269]
305 -- [1299 1224]
315 -- [1559 1561]
319 -- [2950 2538]
320 -- [2528 1872]
327 -- [1938 3277]
330 -- [1640 1578]
331 -- [2664 2232]
333 -- [1555 1727]
336 -- [873 588]
337 -- [4445 2323]
339 -- [2030 3767]
343 -- [4339 3565]
344 -- [3806 2654]
346 -- [3731 3541]
347 -- [2171 3059]
349 -- [781 429]
351 -- [1048 1387]
353 -- [463 969]
355 -- [3923 4128]
359 -- [3662 2757]
361 -- [2212 3534]
363 -- [3268 3679]
364 -- [2581 3108]
366 -- [2978 2649]
367 -- [1967 4465]
368 -- [2927 2171]
369 -- [3526 3593]
380 -- [1194 1622]
386 -- [1351  993]
391 -- [3071 4164]
393 -- [3291 1894]
394 -- [3143 2997]
395 -- [2144 2304]
399 -- [3530 3393]
402 -- [3408 1886]
403 -- [2364 4097]
404 -- [2194 4461]
406 -- [3293 4061]
412 -- [3108 3191]
413 -- [4318 3552]
417 -- [3579 3700]
423 -- [3014 4502]
425 -- [3112 4523]
437 -- [ 324 1759]
455 -- [4348 4198]
460 -- [2833 2711]
464 -- [ 373 1594]
468 -- [ 412 1205]
469 -- [2735 3538]
471 -- [4121 2495]
472 -- [3638 2740]
474 -- [2579 2774]
478 -- [4277 4545]
479 -- [1722  502]
482 -- [1623  178]
488 -- [3985 3206]
491 -- [1641 1481]
492 -- [4246 1972]
493 -- [4118 2403]
495 -- [2542 4331]
496 -- [2352 4355]
500 -- [ 943 1781]
503 -- [3733 1927]
507 -- [402 459]
510 -- [3428 2963]
511 -- [3182 3508]
514 -- [1675 1513]
515 -- [1992 3848]
517 -- [2461 1898]
519 -- [ 789 1105]
521 -- [403 525]
524 -- [3023 2791]
525 -- [852 543]
526 -- [2073 2075]
528 -- [ 206 1223]
532 -- [1622  744]
533 -- [531 916]
537 -- [2342 4011]
545 -- [2382 4341]
552 -- [829 358]
555 -- [3439 2368]
556 -- [4441 3540]
560 -- [3278 2308]
561 -- [931 805]
562 -- [1954 2567]
567 -- [ 36 694]
569 -- [4517 3332]
574 -- [1675   84]
579 -- [2177 1890]
580 -- [2840 4232]
584 -- [2627 4533]
586 -- [1668  683]
592 -- [2892 4203]
594 -- [3996 2183]
599 -- [2305 4470]
601 -- [1531 1453]
604 -- [3289 4076]
605 -- [1531 1404]
607 -- [3280 3905]
610 -- [2764 2809]
617 -- [3918 2096]
618 -- [1469 1284]
624 -- [241 781]
628 -- [ 719 1545]
637 -- [4485 3067]
639 -- [ 833 1265]
641 -- [ 634 1687]
642 -- [2307 4208]
645 -- [693 152]
646 -- [3957 2613]
647 -- [2124 3523]
652 -- [3053 4590]
653 -- [2163 2588]
654 -- [ 245 1752]
663 -- [2548 3612]
666 -- [1058  441]
667 -- [2341 2497]
669 -- [3974 3235]
672 -- [2220 3325]
675 -- [1371 1436]
679 -- [2149 3301]
680 -- [2540 4411]
684 -- [2639 2182]
690 -- [2920 3864]
692 -- [3765 4259]
694 -- [3198 3917]
696 -- [2412 2865]
697 -- [2631 4442]
704 -- [2133 3897]
705 -- [3499 3821]
706 -- [3310 3022]
707 -- [1178  166]
709 -- [4507 4166]
710 -- [3251 3594]
715 -- [4183 2709]
717 -- [3765 3829]
718 -- [3418 2451]
724 -- [4265 2797]
725 -- [4006 3806]
732 -- [282 743]
733 -- [1789 1413]
734 -- [1173 1433]
735 -- [4336 1952]
736 -- [4221 4054]
743 -- [4464 3741]
748 -- [4337 3483]
751 -- [2680 1897]
755 -- [4394 3125]
756 -- [4374 4158]
770 -- [ 703 1290]
771 -- [4489 2027]
775 -- [3441 2830]
780 -- [ 455 1435]
783 -- [3228 2157]
786 -- [2575 4344]
787 -- [344 186]
789 -- [2544 3512]
792 -- [1091  687]
796 -- [2175 2318]
797 -- [4134 2284]
798 -- [2357 1853]
799 -- [3780 4432]
801 -- [2332 4445]
805 -- [2243 4028]
807 -- [4358 3026]
808 -- [2758 2751]
811 -- [2134 4102]
814 -- [3192 2113]
822 -- [3024 2317]
828 -- [4295 1903]
831 -- [2293 4286]
833 -- [2770 4004]
834 -- [1415 1512]
842 -- [4590 2424]
848 -- [2096 3887]
851 -- [2032 3160]
852 -- [4465 3569]
860 -- [2673 4069]
863 -- [3321 4255]
865 -- [1365 1783]
867 -- [4153 3170]
868 -- [2971 2818]
878 -- [2955 2991]
880 -- [2155 1927]
883 -- [2038 3213]
894 -- [3960 3505]
896 -- [1919 4534]
902 -- [3519 3160]
904 -- [3337 1887]
908 -- [2200 1936]
909 -- [963 587]
911 -- [3174 4502]
912 -- [3759 4391]
913 -- [3120 2552]
917 -- [4401 2394]
921 -- [4253 3277]
922 -- [4527 1854]
924 -- [1245  550]
928 -- [2740 2123]
929 -- [628 860]
930 -- [2830 2077]
932 -- [1658  168]
933 -- [184 628]
936 -- [3934 3072]
945 -- [3575 2526]
959 -- [2708 1860]
964 -- [4458 3972]
965 -- [3160 3445]
968 -- [1412 1376]
969 -- [4062 4340]
970 -- [2540 2932]
974 -- [3814 3986]
986 -- [2796 4520]
987 -- [1614  377]
990 -- [4415 3009]
991 -- [3941 2151]
993 -- [1511  540]
996 -- [3231 3362]
1000 -- [2474 2770]
1004 -- [2695 2322]
1005 -- [2081 2778]
1009 -- [2442 2231]
1012 -- [4187 2096]
1013 -- [287 595]
1014 -- [4421 3652]
1016 -- [4177 3976]
1017 -- [2580 4056]
1020 -- [3362 2237]
1022 -- [4252 4521]
1024 -- [2224 2524]
1025 -- [1643 1463]
1028 -- [2954 4392]
1030 -- [4156 2790]
1032 -- [1192  556]
1033 -- [4264 4458]
1037 -- [2175 4357]
1041 -- [3929 4210]
1042 -- [2557 3164]
1044 -- [4264 4134]
1046 -- [2767 2119]
1047 -- [4584 2819]
1049 -- [1292 1032]
1052 -- [3368 4326]
1053 -- [4069 3665]
1054 -- [2186 2845]
1057 -- [ 325 1673]
1059 -- [400 558]
1060 -- [2226 1895]
1063 -- [4455 4231]
1068 -- [3698 3863]
1070 -- [548  28]
1075 -- [2084 2505]
1079 -- [4554 4177]
1082 -- [3879 2392]
1083 -- [3440 3252]
1085 -- [2177 2250]
1087 -- [2431 3323]
1088 -- [2378 4435]
1090 -- [1856 2155]
1091 -- [1182 1205]
1095 -- [1508  732]
1098 -- [2276 2218]
1102 -- [  87 1723]
1103 -- [2300 4339]
1105 -- [2369 2887]
1109 -- [3298 2400]
1117 -- [1886 3080]
1119 -- [2651 4281]
1126 -- [4104 2917]
1128 -- [4155 4369]
1129 -- [659 974]
1133 -- [3227 4233]
1134 -- [ 357 1289]
1137 -- [2347 3180]
1138 -- [3897 2865]
1141 -- [4299 4095]
1145 -- [2777 4104]
1146 -- [1233  884]
1152 -- [ 27 140]
1153 -- [1402 1236]
1155 -- [3501 2464]
1156 -- [620 859]
1158 -- [2868 1869]
1160 -- [2794 4266]
1161 -- [2367 3308]
1163 -- [4223 3541]
1167 -- [3906 3804]
1173 -- [3699 1969]
1184 -- [1531  639]
1186 -- [1721  576]
1187 -- [4236 4383]
1188 -- [2241 2304]
1190 -- [3326 2659]
1193 -- [2743 4415]
1196 -- [ 353 1629]
1201 -- [ 53 478]
1202 -- [1586  936]
1203 -- [4190 4401]
1205 -- [ 451 1559]
1206 -- [2538 4478]
1207 -- [3214 4048]
1208 -- [1382  959]
1209 -- [2936 2468]
1210 -- [1911 3829]
1212 -- [1383   23]
1215 -- [3011 2640]
1217 -- [2204 2323]
1218 -- [3022 3594]
1221 -- [4178 3143]
1222 -- [2884 2706]
1225 -- [ 536 1383]
1226 -- [3966 3359]
1231 -- [3359 3263]
1233 -- [3671 2545]
1236 -- [2443 4555]
1239 -- [789 829]
1240 -- [3776 4402]
1241 -- [3238 2642]
1245 -- [2085 2096]
1246 -- [1007 1233]
1249 -- [198 916]
1254 -- [3024 2601]
1255 -- [1988 2198]
1262 -- [969 310]
1263 -- [128   7]
1264 -- [2882 2677]
1266 -- [2029 2735]
1267 -- [1478  449]
1269 -- [2791 3498]
1271 -- [1605 1645]
1273 -- [2227 2302]
1278 -- [482 179]
1282 -- [609 152]
1283 -- [187 207]
1284 -- [456 635]
1286 -- [4352 4171]
1294 -- [2843 3159]
1297 -- [2730 4421]
1298 -- [ 536 1243]
1299 -- [ 574 1652]
1301 -- [2939 2113]
1303 -- [2638 3244]
1316 -- [4092 4327]
1319 -- [2539 2181]
1323 -- [4371 2713]
1327 -- [3251 1940]
1335 -- [3761 2401]
1337 -- [3839 2988]
1338 -- [4403 3087]
1340 -- [1773  897]
1344 -- [2634 4473]
1357 -- [2208 4411]
1359 -- [3962 4353]
1360 -- [404 475]
1361 -- [4541 4415]
1366 -- [1287  776]
1368 -- [3644 4563]
1378 -- [535 125]
1382 -- [2298 2849]
1383 -- [2561 3937]
1384 -- [3289 3048]
1398 -- [2572 1946]
1400 -- [1890 3280]
1401 -- [2424 3832]
1403 -- [4517 3324]
1405 -- [358 159]
1406 -- [2829 4573]
1407 -- [1977 1946]
1410 -- [3525 4054]
1420 -- [1276  805]
1422 -- [2567 3557]
1423 -- [4408 2476]
1429 -- [2898 2421]
1430 -- [3088 2879]
1433 -- [3022 2670]
1438 -- [3029 2755]
1443 -- [2219 2985]
1444 -- [2466 3447]
1449 -- [4178 2128]
1450 -- [ 217 1591]
1455 -- [2364 3250]
1457 -- [1376  562]
1461 -- [ 591 1414]
1464 -- [2875 4166]
1467 -- [2979 2271]
1471 -- [2988 2989]
1472 -- [1489  100]
1473 -- [3612 4325]
1476 -- [2990 3888]
1477 -- [1988 2724]
1478 -- [1050  351]
1481 -- [500 519]
1482 -- [ 131 1459]
1490 -- [2934 4239]
1492 -- [2954 2626]
1493 -- [2615 2539]
1494 -- [578 640]
1497 -- [1525  111]
1499 -- [ 170 1720]
1502 -- [ 539 1194]
1506 -- [2952 4347]
1514 -- [3535 2390]
1524 -- [2710 2171]
1525 -- [2876 3400]
1528 -- [1529  535]
1534 -- [2642 3396]
1535 -- [970 645]
1539 -- [2436 4038]
1540 -- [3302 3883]
1541 -- [2679 4196]
1549 -- [3353 4389]
1550 -- [1080  478]
1551 -- [4417 4445]
1552 -- [3235 2443]
1557 -- [3669 3170]
1558 -- [3419 2001]
1561 -- [2462 2244]
1562 -- [293 856]
1563 -- [294 301]
1564 -- [4380 3979]
1567 -- [2921 2639]
1569 -- [2926 4297]
1574 -- [303 535]
1576 -- [1585 1202]
1581 -- [1803 1318]
1588 -- [4581 4585]
1590 -- [2353 3077]
1591 -- [4333 1987]
1594 -- [2579 3606]
1595 -- [3206 1966]
1602 -- [2799 1872]
1603 -- [2096 2044]
1609 -- [1245  106]
1610 -- [3841 3780]
1612 -- [3446 4298]
1625 -- [2464 2326]
1631 -- [1966 2626]
1632 -- [1070  166]
1636 -- [4538 2834]
1637 -- [4431 4218]
1639 -- [1869 2875]
1641 -- [4345 2530]
1642 -- [3342 2926]
1644 -- [2757 2380]
1645 -- [4204 2694]
1646 -- [3542 2743]
1652 -- [3269 3021]
1653 -- [4377 3372]
1658 -- [2528 2583]
1662 -- [1055 1691]
1665 -- [ 145 1653]
1668 -- [364 704]
1675 -- [2583 2930]
1679 -- [477 879]
1681 -- [2802 3949]
1691 -- [2481 3400]
1692 -- [3571 1961]
1693 -- [2598 2004]
1697 -- [3278 3821]
1698 -- [1865 3710]
1705 -- [1897 4231]
1706 -- [421 844]
1713 -- [447 518]
1714 -- [3053 3711]
1721 -- [2255 2120]
1727 -- [2498 3251]
1729 -- [4442 2753]
1733 -- [2527 2120]
1735 -- [3106 3986]
1742 -- [1253   67]
1745 -- [2830 2918]
1747 -- [2148 4030]
1749 -- [1143  582]
1750 -- [1363 1316]
1754 -- [2591 2833]
1763 -- [3320 2480]
1766 -- [3372 3900]
1767 -- [3257 4336]
1770 -- [660 216]
1771 -- [3567 1940]
1774 -- [2510 4434]
1775 -- [535 638]
1779 -- [3776 3450]
1780 -- [4165 4340]
1781 -- [1761  766]
1789 -- [2789 3729]
1794 -- [3245 4524]
1795 -- [ 620 1178]
1802 -- [1158 1242]
1809 -- [2844 3888]
1814 -- [1133  440]
1819 -- [2429 3582]
1820 -- [4127 4458]
1823 -- [4598 3963]
1824 -- [1615  125]
1825 -- [519  43]
1826 -- [4035 2736]
1828 -- [4158 2798]
1829 -- [422 701]
1832 -- [3458 1981]
1839 -- [2121 2295]
1842 -- [2238 2184]
1846 -- [ 690 1277]
1848 -- [2302 2438]
1849 -- [1351 1389]
1852 -- [205  67]
1855 -- [4100 3618]
1865 -- [4342 3260]
1868 -- [2566 3138]
1870 -- [4397 3214]
1871 -- [1869 2273]
1873 -- [3246 3187]
1874 -- [2062 2272]
1875 -- [3164 3637]
1881 -- [4151 2030]
1882 -- [2262 4253]
1883 -- [3155 4157]
1890 -- [2021 2744]
1894 -- [  82 1268]
1897 -- [2461 2716]
1899 -- [2623 4082]
1904 -- [  80 1244]
1906 -- [4081 4178]
1908 -- [ 124 1506]
1909 -- [2341 3778]
1918 -- [3038 2632]
1920 -- [1501  482]
1925 -- [3128 4226]
1940 -- [ 21 501]
1942 -- [2199 3962]
1944 -- [251 626]
1953 -- [2021 2799]
1955 -- [ 693 1685]
1956 -- [4192 3197]
1958 -- [1946 4443]
1960 -- [4336 3333]
1962 -- [1933 2346]
1965 -- [3089 3489]
1966 -- [1741 1335]
1971 -- [1355  860]
1972 -- [4597 3883]
1976 -- [4535 4482]
1981 -- [2467 4431]
1982 -- [3643 4433]
1986 -- [4258 3250]
1987 -- [ 129 1521]
1988 -- [2872 4215]
1991 -- [1314  659]
1992 -- [3545 2388]
1993 -- [4210 3907]
1996 -- [1889 4150]
2002 -- [3242 3806]
2005 -- [2587 3705]
2006 -- [3532 3750]
2007 -- [2843 3514]
2009 -- [2153 3776]
2011 -- [3795 2580]
2012 -- [3952 4353]
2021 -- [2308 2453]
2023 -- [2127 4249]
2025 -- [1886 2511]
2027 -- [ 924 1376]
2030 -- [2564 4341]
2037 -- [2467 4061]
2045 -- [1225 1692]
2049 -- [1207  169]
2051 -- [4082 3119]
2052 -- [2627 3524]
2053 -- [3358 3027]
2054 -- [2746 2770]
2055 -- [3999 4008]
2057 -- [ 853 1360]
2060 -- [ 294 1018]
2063 -- [ 381 1562]
2068 -- [1965 4486]
2072 -- [4561 4332]
2075 -- [2193 2548]
2077 -- [4344 3599]
2078 -- [1623  884]
2079 -- [1330  734]
2080 -- [1481  152]
2082 -- [3202 3962]
2089 -- [659 444]
2090 -- [2555 3405]
2095 -- [1329 1138]
2099 -- [631 960]
2107 -- [567 776]
2108 -- [3345 3312]
2109 -- [ 257 1722]
2110 -- [2986 3742]
2111 -- [3557 2635]
2116 -- [4321 3121]
2119 -- [4149 2809]
2120 -- [3549 3056]
2122 -- [1310  308]
2128 -- [4477 3620]
2133 -- [2113 3129]
2134 -- [4239 2701]
2136 -- [2808 3890]
2138 -- [2470 3302]
2140 -- [3968 1851]
2149 -- [1658  332]
2154 -- [1081  475]
2156 -- [2321 2009]
2157 -- [  33 1348]
2162 -- [2410 2278]
2164 -- [3686 2589]
2165 -- [4062 3549]
2169 -- [ 794 1299]
2170 -- [1954 4467]
2173 -- [3320 4210]
2174 -- [487   7]
2176 -- [4122 4466]
2177 -- [4421 2481]
2185 -- [ 111 1040]
2188 -- [2758 2072]
2197 -- [1333 1495]
2202 -- [1908 3313]
2206 -- [ 602 1436]
2208 -- [2798 4129]
2213 -- [1938 3234]
2218 -- [3034 3986]
2219 -- [789 595]
2222 -- [4391 3918]
2225 -- [2613 3043]
2226 -- [1073    7]
2227 -- [2584 4392]
2233 -- [370   1]
2234 -- [1833 2990]
2235 -- [1620 1362]
2238 -- [2548 2814]
2241 -- [ 357 1767]
2243 -- [3392 2852]
2245 -- [349   7]
2246 -- [3545 4462]
2248 -- [1535  587]
2253 -- [624 970]
2257 -- [111 551]
2258 -- [859 858]
2262 -- [2352 1971]
2265 -- [2208 3782]
2267 -- [2566 3032]
2270 -- [4378 3901]
2271 -- [2483 3453]
2277 -- [1226  113]
2278 -- [2922 4458]
2280 -- [4096 3392]
2281 -- [3096 2047]
2286 -- [  71 1633]
2287 -- [3264 2283]
2289 -- [2890 3308]
2294 -- [3692 3121]
2296 -- [777 463]
2298 -- [1961 2209]
2300 -- [2621 4000]
2302 -- [3901 2031]
2310 -- [2159 2347]
2311 -- [3435 3454]
2313 -- [1531 1406]
2314 -- [ 221 1531]
2316 -- [3643 3917]
2322 -- [2474 4421]
2324 -- [ 12 844]
2336 -- [2117 3359]
2337 -- [4443 1835]
2338 -- [3040 4069]
2340 -- [1483 1801]
2341 -- [3052 2573]
2342 -- [865 566]
2345 -- [2038 4102]
2346 -- [4115 3785]
2347 -- [3732 1855]
2350 -- [3017 3028]
2351 -- [3657 2634]
2352 -- [2163 3066]
2355 -- [3535 3992]
2361 -- [402 494]
2363 -- [3639 3379]
2365 -- [3232 2454]
2368 -- [2254 4279]
2370 -- [4262 4584]
2371 -- [4323 3437]
2373 -- [2959 1856]
2374 -- [111 731]
2375 -- [4183 3227]
2384 -- [3889 4446]
2385 -- [2518 4288]
2386 -- [4239 4099]
2387 -- [4352 2649]
2388 -- [4215 3406]
2389 -- [751 739]
2390 -- [1138 1489]
2393 -- [1940 4393]
2394 -- [1940 4539]
2396 -- [1721  845]
2397 -- [4403 3469]
2399 -- [2312 2080]
2401 -- [855 841]
2406 -- [2249 2434]
2413 -- [4084 3147]
2415 -- [3646 1872]
2416 -- [4303 1911]
2418 -- [4380 2539]
2419 -- [3482 3754]
2421 -- [2028 4155]
2426 -- [ 308 1042]
2427 -- [2639 4125]
2428 -- [3872 4160]
2429 -- [1426   60]
2432 -- [2803 2394]
2433 -- [3868 4333]
2438 -- [140 860]
2439 -- [2317 4383]
2445 -- [2922 2791]
2448 -- [2505 4174]
2451 -- [4460 3624]
2452 -- [ 945 1603]
2459 -- [3834 3486]
2461 -- [2611 2917]
2462 -- [3303 3750]
2467 -- [501 250]
2468 -- [1539 1530]
2469 -- [602 208]
2470 -- [4396 3866]
2471 -- [2857 2021]
2472 -- [4590 4566]
2473 -- [3892 2641]
2475 -- [4343 3566]
2478 -- [4564 3162]
2483 -- [2472 3917]
2485 -- [ 356 1803]
2487 -- [2968 4374]
2488 -- [2298 4600]
2489 -- [3936 4398]
2490 -- [3186 3806]
2495 -- [4212 3551]
2497 -- [1036  370]
2498 -- [  32 1050]
2502 -- [3858 2488]
2503 -- [1851 2584]
2505 -- [2497 4242]
2506 -- [1740   62]
2507 -- [2408 2004]
2510 -- [2642 1994]
2515 -- [2402 1925]
2517 -- [1482 1646]
2518 -- [250 321]
2520 -- [3461 2299]
2521 -- [1382   35]
2522 -- [3400 3453]
2530 -- [  14 1666]
2533 -- [ 310 1810]
2535 -- [2332 4501]
2536 -- [3802 4189]
2537 -- [3867 1943]
2545 -- [1952 4435]
2548 -- [3379 3808]
2549 -- [1080  113]
2554 -- [4255 1817]
2557 -- [3782 3992]
2559 -- [3612 2882]
2561 -- [2301 4333]
2563 -- [4169 3176]
2566 -- [369  43]
2568 -- [4332 3795]
2570 -- [381 661]
2571 -- [314 858]
2572 -- [3986 3034]
2574 -- [2353 2433]
2577 -- [3831 2791]
2583 -- [4431 2946]
2586 -- [3259 2530]
2590 -- [2603 2486]
2595 -- [2834 1842]
2596 -- [3385 2051]
2597 -- [3803 4280]
2598 -- [4165 4425]
2607 -- [3910 4175]
2609 -- [2055 3071]
2611 -- [509 968]
2614 -- [1915 3218]
2617 -- [1710  345]
2623 -- [2965 4253]
2631 -- [3016 1963]
2632 -- [4209 2095]
2633 -- [4353 3037]
2634 -- [1641 1724]
2635 -- [2753 2315]
2636 -- [3021 4487]
2637 -- [179 358]
2645 -- [ 379 1335]
2649 -- [3942 3389]
2651 -- [1919 1816]
2661 -- [3240 3297]
2663 -- [4043 4285]
2664 -- [  10 1664]
2668 -- [3866 1930]
2670 -- [4012 3661]
2680 -- [4041 3395]
2692 -- [1537  804]
2693 -- [2262 3806]
2695 -- [4411 3331]
2696 -- [3694 2131]
2698 -- [2838 2050]
2700 -- [3748 3518]
2710 -- [2134 3284]
2712 -- [2713 4343]
2714 -- [2815 2879]
2715 -- [ 53 889]
2721 -- [3190 2997]
2722 -- [4439 3532]
2725 -- [2558 2387]
2728 -- [2382 4427]
2729 -- [1908 2428]
2731 -- [ 681 1048]
2735 -- [4577 4427]
2738 -- [3473 2613]
2746 -- [359 995]
2747 -- [2767 3073]
2749 -- [2539 4559]
2752 -- [   4 1516]
2757 -- [889 267]
2759 -- [ 156 1555]
2760 -- [  15 1233]
2761 -- [2315 3907]
2766 -- [1696  701]
2767 -- [4351 4215]
2769 -- [3070 3293]
2775 -- [4070 3681]
2776 -- [2716 4350]
2779 -- [2944 4139]
2789 -- [3465 2021]
2790 -- [3974 2799]
2791 -- [2138 4258]
2792 -- [1104 1413]
2793 -- [3400 2859]
2794 -- [2950 2909]
2795 -- [4232 3886]
2799 -- [1738  354]
2804 -- [1422  558]
2805 -- [1298 1308]
2807 -- [ 63 901]
2808 -- [497 383]
2816 -- [1011  624]
2819 -- [2707 2603]
2827 -- [3446 3891]
2831 -- [170 750]
2832 -- [1286  736]
2837 -- [2226 4262]
2839 -- [1072 1247]
2840 -- [2228 2596]
2841 -- [3996 2067]
2844 -- [2511 2760]
2847 -- [ 780 1158]
2848 -- [1781   54]
2852 -- [1662 1641]
2854 -- [4428 4053]
2857 -- [2949 4557]
2859 -- [3332 2442]
2863 -- [ 143 1238]
2864 -- [ 321 1772]
2876 -- [ 965 1107]
2879 -- [1787  518]
2881 -- [2073 3411]
2882 -- [3436 2643]
2885 -- [296 747]
2886 -- [4188 2166]
2887 -- [4463 4356]
2890 -- [ 544 1700]
2891 -- [3171 3909]
2893 -- [2524 3505]
2894 -- [ 793 1424]
2895 -- [1919 2553]
2900 -- [4008 3046]
2902 -- [4481 2292]
2904 -- [3949 3518]
2905 -- [3963 2415]
2906 -- [3343 4344]
2910 -- [4390 2300]
2912 -- [4408 2373]
2913 -- [2867 3666]
2915 -- [4381 4454]
2916 -- [3193 2503]
2920 -- [958 975]
2921 -- [2568 4441]
2922 -- [3289 3740]
2925 -- [4419 3919]
2928 -- [2584 3258]
2929 -- [2957 4271]
2931 -- [464 567]
2933 -- [ 981 1438]
2934 -- [4520 3474]
2941 -- [ 631 1442]
2943 -- [3627 4464]
2944 -- [4029 2641]
2946 -- [3711 3425]
2952 -- [ 306 1740]
2954 -- [2991 2752]
2959 -- [3136 2949]
2961 -- [4341 4330]
2966 -- [2008 2441]
2967 -- [4578 3888]
2971 -- [2009 2330]
2972 -- [4325 3533]
2973 -- [4558 2201]
2976 -- [1606  355]
2978 -- [3022 3013]
2980 -- [3440 3851]
2981 -- [1926 3385]
2984 -- [4486 4526]
2985 -- [1061 1447]
2992 -- [3775 2734]
2994 -- [2696 3457]
3004 -- [2477 2386]
3007 -- [ 899 1402]
3009 -- [4250 3476]
3011 -- [4092 3674]
3012 -- [3312 3630]
3013 -- [1304  593]
3014 -- [2293 4393]
3015 -- [1816 3440]
3019 -- [ 319 1540]
3022 -- [1250  783]
3029 -- [149 781]
3031 -- [3391 2144]
3032 -- [2442 2594]
3038 -- [4486 3633]
3039 -- [4197 2456]
3042 -- [1203 1690]
3044 -- [4528 2004]
3045 -- [1774  612]
3046 -- [ 288 1614]
3051 -- [4336 2118]
3058 -- [4351 3313]
3059 -- [3044 3296]
3064 -- [2858 2988]
3068 -- [1511   54]
3069 -- [1837 3716]
3070 -- [3584 4082]
3072 -- [3120 4390]
3076 -- [3187 3588]
3079 -- [1224 1382]
3085 -- [  18 1595]
3093 -- [4437 3955]
3099 -- [2035 2420]
3100 -- [3517 1896]
3102 -- [3106 4209]
3103 -- [  45 1326]
3111 -- [2131 2960]
3114 -- [1511 1319]
3115 -- [2783 2914]
3119 -- [3701 2979]
3120 -- [3632 4288]
3127 -- [3187 1921]
3133 -- [4496 3073]
3136 -- [2572 3937]
3137 -- [2224 3079]
3138 -- [2662 3299]
3139 -- [2943 2216]
3141 -- [3069 2132]
3144 -- [3026 3061]
3145 -- [1636  981]
3146 -- [2802 4047]
3147 -- [2539 3885]
3150 -- [4002 2596]
3152 -- [3393 2654]
3153 -- [1331  503]
3155 -- [532 306]
3156 -- [4105 2761]
3157 -- [3193 3118]
3158 -- [2749 2944]
3159 -- [2124 3037]
3161 -- [2624 2443]
3163 -- [3539 4144]
3174 -- [2935 2488]
3175 -- [ 694 1650]
3176 -- [1139  370]
3179 -- [2401 2419]
3180 -- [2199 4175]
3181 -- [107 787]
3184 -- [2073 2853]
3194 -- [903 454]
3198 -- [1521   78]
3199 -- [2947 2149]
3204 -- [3999 3400]
3206 -- [4418 2487]
3207 -- [ 705 1191]
3213 -- [ 479 1318]
3219 -- [1941 4116]
3233 -- [4424 2910]
3239 -- [1584  575]
3241 -- [1241 1563]
3243 -- [2095 3889]
3244 -- [2656 3435]
3254 -- [2026 4012]
3255 -- [1341 1606]
3259 -- [1872 3565]
3261 -- [1651 1234]
3262 -- [2062 3559]
3264 -- [2013 3903]
3266 -- [207 985]
3270 -- [1438  506]
3271 -- [4333 3194]
3274 -- [2715 4030]
3277 -- [536 818]
3282 -- [4517 3566]
3283 -- [1418  145]
3284 -- [3025 3113]
3286 -- [139 916]
3290 -- [4109 4133]
3292 -- [2741 2809]
3293 -- [684 378]
3296 -- [3578 4504]
3298 -- [4249 2026]
3299 -- [  5 658]
3305 -- [488 456]
3307 -- [107 115]
3309 -- [1751  215]
3310 -- [3921 3187]
3312 -- [2201 2076]
3313 -- [918 528]
3318 -- [2501 3509]
3319 -- [4215 2417]
3320 -- [ 500 1127]
3321 -- [ 258 1519]
3342 -- [4399 4233]
3343 -- [3451 2635]
3347 -- [3264 1888]
3348 -- [1801 1719]
3349 -- [4435 2036]
3353 -- [4246 3870]
3354 -- [4249 2745]
3356 -- [1957 4460]
3360 -- [4249 3241]
3361 -- [3895 3435]
3365 -- [2358 4398]
3368 -- [3907 4411]
3369 -- [357 599]
3370 -- [2761 2520]
3373 -- [1533  267]
3378 -- [1233  220]
3380 -- [2539 3659]
3384 -- [3078 4038]
3385 -- [2906 2292]
3396 -- [1333 1358]
3401 -- [2990 3393]
3402 -- [3949 3279]
3404 -- [2560 4487]
3407 -- [1537 1432]
3411 -- [3886 2974]
3412 -- [3291 4223]
3417 -- [4396 3341]
3420 -- [3018 3845]
3424 -- [3870 4190]
3428 -- [4518 2405]
3431 -- [2266 2368]
3434 -- [1979 2979]
3435 -- [3692 1895]
3436 -- [3094 3862]
3440 -- [1044 1463]
3441 -- [3400 3431]
3446 -- [4146 2249]
3448 -- [2441 4239]
3451 -- [2113 3488]
3454 -- [  38 1126]
3457 -- [2559 4458]
3459 -- [4321 2741]
3460 -- [1946 3062]
3466 -- [2548 3923]
3469 -- [ 365 1590]
3474 -- [4389 2292]
3476 -- [ 836 1138]
3477 -- [ 784 1415]
3478 -- [2920 2587]
3481 -- [3810 4281]
3483 -- [2339 2956]
3487 -- [4306 3749]
3488 -- [ 127 1256]
3500 -- [4307 4350]
3501 -- [1860 4084]
3503 -- [3643 3193]
3505 -- [1918 3554]
3507 -- [3612 4231]
3511 -- [1887 4485]
3513 -- [1227  106]
3515 -- [4160 3301]
3517 -- [3146 4133]
3518 -- [4441 3613]
3521 -- [4358 1833]
3522 -- [ 495 1319]
3526 -- [1879 4439]
3528 -- [2419 2459]
3531 -- [2174 4180]
3534 -- [2823 3506]
3537 -- [1896 4306]
3538 -- [254 457]
3540 -- [3092 2943]
3544 -- [4230 4258]
3547 -- [  61 1600]
3548 -- [4325 4294]
3549 -- [3312 2413]
3552 -- [1853 1969]
3554 -- [526 906]
3556 -- [1910 2226]
3560 -- [1244 1759]
3565 -- [2616 2002]
3568 -- [3295 3041]
3569 -- [3373 2277]
3572 -- [3798 3694]
3575 -- [4177 3988]
3579 -- [3344 4253]
3581 -- [ 28 179]
3585 -- [2927 2120]
3588 -- [907 240]
3593 -- [3749 2351]
3596 -- [4159 2878]
3597 -- [2974 2855]
3598 -- [4289 1993]
3605 -- [2219 4404]
3609 -- [748 602]
3610 -- [754 166]
3611 -- [1993 2113]
3614 -- [2325 4362]
3618 -- [2215 1946]
3622 -- [4285 4517]
3630 -- [2980 4076]
3631 -- [4587 2657]
3632 -- [3037 2149]
3635 -- [2736 2872]
3637 -- [3084 2394]
3638 -- [867 552]
3643 -- [ 433 1707]
3646 -- [3872 2219]
3647 -- [4270 3372]
3648 -- [4576 3379]
3649 -- [1088 1287]
3652 -- [2446 3269]
3653 -- [4084 2511]
-cl sat and violated: 2150 | 1094  | total #cl: 3244 | -violated weight: 5470
2 -- [1687 3645]
4 -- [ 676 4005]
5 -- [2991  819]
9 -- [2161 1323]
11 -- [2249  616]
12 -- [3254  544]
15 -- [2674 1498]
16 -- [3518 1363]
21 -- [2661  850]
25 -- [3663  593]
31 -- [1885  828]
32 -- [3238 1399]
37 -- [1239 4398]
44 -- [1050 2643]
45 -- [ 351 2571]
46 -- [2734  371]
49 -- [1126 3589]
53 -- [2103  853]
56 -- [1587 2689]
57 -- [1258 3425]
62 -- [2646 1648]
64 -- [4523  787]
65 -- [3996 1592]
71 -- [2147  588]
72 -- [ 329 2166]
73 -- [1617 4457]
74 -- [4419  962]
77 -- [1903  529]
81 -- [4170 1424]
82 -- [2962 1808]
92 -- [4223 1443]
93 -- [1711 4374]
96 -- [1712 4341]
98 -- [2703 1645]
103 -- [4540 1623]
105 -- [4279  376]
106 -- [3309 1311]
112 -- [4108 1745]
113 -- [2931 1790]
115 -- [3514  794]
116 -- [2036  679]
117 -- [ 263 3535]
119 -- [4056 1709]
121 -- [ 354 4450]
122 -- [ 530 2495]
123 -- [ 748 1950]
130 -- [ 239 2499]
131 -- [2889  599]
134 -- [1855  492]
140 -- [3906 1548]
141 -- [ 530 3247]
142 -- [2643 1544]
145 -- [3877 1672]
149 -- [2194 1711]
153 -- [ 592 3225]
154 -- [1207 2739]
156 -- [4576 1517]
159 -- [ 652 4209]
162 -- [1348 3248]
163 -- [3426  256]
164 -- [1885 1035]
165 -- [ 443 2415]
166 -- [3451 1279]
173 -- [4411  386]
176 -- [ 948 2381]
180 -- [1462 1819]
186 -- [3979 1487]
189 -- [2651  500]
202 -- [1115 2313]
204 -- [4012 1780]
206 -- [ 868 3292]
207 -- [2224 1017]
211 -- [1925  675]
212 -- [2773  287]
218 -- [ 801 4275]
220 -- [2703  378]
221 -- [1462 2159]
222 -- [ 386 3433]
226 -- [3776 1534]
227 -- [1723 3319]
228 -- [1440 4430]
229 -- [ 282 2315]
235 -- [1672 4495]
238 -- [  81 3963]
239 -- [ 675 2374]
241 -- [3481  722]
244 -- [3184  187]
245 -- [3052  391]
247 -- [3396 1738]
248 -- [ 631 1838]
249 -- [ 448 3163]
253 -- [2062 1161]
255 -- [2734  381]
258 -- [4486 1730]
259 -- [4426 1485]
262 -- [4421  268]
265 -- [1332 2063]
270 -- [1589 3420]
277 -- [2751 1726]
278 -- [4070 1255]
279 -- [2671 1206]
282 -- [3892  216]
292 -- [ 459 4192]
294 -- [1225 2532]
295 -- [1506 4225]
296 -- [ 401 2580]
297 -- [ 839 4372]
300 -- [4180   87]
301 -- [3597  860]
307 -- [4415  122]
308 -- [1155 2760]
319 -- [3136  893]
322 -- [ 180 3526]
323 -- [3499  773]
324 -- [4361 1256]
327 -- [3202 1419]
328 -- [ 475 3732]
333 -- [4343 1460]
334 -- [3138  547]
335 -- [ 953 4517]
340 -- [4141  963]
343 -- [1206 2831]
345 -- [ 589 3326]
348 -- [1649 4596]
349 -- [ 676 3387]
350 -- [ 926 3018]
351 -- [2809 1772]
352 -- [2211 1582]
358 -- [2948  974]
360 -- [4244  427]
361 -- [3433   31]
362 -- [4199 1230]
364 -- [3847 1241]
365 -- [3164 1746]
366 -- [ 194 3076]
367 -- [1361 4548]
370 -- [1326 2417]
373 -- [4004  807]
378 -- [3526  161]
379 -- [3691  815]
380 -- [2226  288]
381 -- [ 668 1855]
389 -- [3615  916]
391 -- [ 159 4371]
392 -- [1025 3888]
393 -- [1323 2595]
397 -- [2166 1185]
398 -- [4323 1409]
402 -- [3583 1711]
405 -- [1717 2441]
410 -- [1774 3628]
412 -- [1044 3909]
414 -- [4167  571]
418 -- [ 923 3005]
420 -- [2900  433]
429 -- [4434  151]
430 -- [3805 1614]
433 -- [ 579 3775]
434 -- [ 462 1813]
435 -- [ 242 2459]
436 -- [ 770 4471]
437 -- [ 478 4550]
439 -- [ 773 3061]
440 -- [1883  176]
445 -- [1604 3548]
446 -- [1942 1096]
452 -- [4011  841]
455 -- [4005 1373]
456 -- [3729  301]
458 -- [4205  985]
462 -- [1433 4292]
465 -- [2364 1003]
467 -- [3393  824]
468 -- [ 295 3890]
469 -- [2061 1323]
477 -- [2763 1640]
478 -- [4341  709]
481 -- [2516   66]
486 -- [3496 1762]
488 -- [3757  159]
489 -- [ 824 2281]
494 -- [1351 4511]
497 -- [1518 3731]
498 -- [3234  619]
500 -- [4496  535]
503 -- [3405 1123]
506 -- [1931 1759]
507 -- [2603  784]
514 -- [4005 1008]
515 -- [4218 1775]
516 -- [1127 4532]
517 -- [3016  545]
519 -- [1181 4007]
520 -- [3419  511]
522 -- [2170  736]
523 -- [1586 3989]
524 -- [2833  487]
528 -- [   0 2212]
532 -- [1585 3938]
539 -- [3535  617]
541 -- [2496  423]
543 -- [4431  909]
546 -- [ 270 2548]
548 -- [  81 3435]
549 -- [3162  778]
553 -- [3383   60]
554 -- [ 308 3429]
561 -- [4477  229]
563 -- [2035  769]
573 -- [3070 1639]
574 -- [ 414 2421]
577 -- [1422 2173]
580 -- [ 749 2538]
594 -- [   5 3216]
599 -- [1745 3746]
600 -- [4125  395]
601 -- [ 567 2921]
606 -- [ 964 2431]
614 -- [  46 3164]
617 -- [3994  536]
618 -- [ 152 4004]
619 -- [4185 1609]
621 -- [ 119 3426]
628 -- [ 839 1988]
631 -- [2815 1675]
635 -- [4128  967]
636 -- [3028  817]
639 -- [1582 3024]
641 -- [3113  497]
644 -- [2557  453]
645 -- [3932 1096]
648 -- [2783  171]
656 -- [1106 4454]
662 -- [1974 1377]
667 -- [4550  661]
668 -- [1357 2259]
671 -- [2491  568]
673 -- [ 757 3776]
676 -- [1972 1663]
677 -- [1225 1828]
678 -- [3704  751]
679 -- [1705 4547]
681 -- [3345 1334]
683 -- [ 454 2081]
684 -- [4057  216]
687 -- [1323 4562]
689 -- [4532  540]
693 -- [1422 3561]
697 -- [3472 1473]
699 -- [ 841 3391]
700 -- [ 857 2833]
706 -- [1542 2826]
710 -- [ 614 4133]
718 -- [2142 1652]
721 -- [  23 2614]
725 -- [1606 2547]
727 -- [4183  546]
730 -- [4461 1504]
731 -- [1590 3449]
732 -- [2175 1483]
734 -- [1517 3840]
739 -- [1536 3260]
740 -- [ 552 4126]
747 -- [ 455 2703]
753 -- [1076 2865]
758 -- [1803 4027]
759 -- [ 278 3832]
762 -- [ 766 1968]
767 -- [1430 4265]
771 -- [ 441 3579]
774 -- [3611 1424]
779 -- [1422 4094]
780 -- [2299 1464]
781 -- [4438 1270]
783 -- [2942 1729]
785 -- [2944 1515]
788 -- [ 964 3269]
789 -- [1171 2009]
794 -- [1379 4409]
795 -- [ 395 3754]
799 -- [1248 3557]
800 -- [4524  203]
801 -- [3126 1658]
802 -- [1538 4271]
805 -- [2171 1203]
807 -- [ 441 3244]
811 -- [3408 1281]
818 -- [4027 1351]
819 -- [1478 1828]
820 -- [ 500 4407]
822 -- [3919 1393]
829 -- [4152 1494]
837 -- [3984 1234]
840 -- [3833   41]
843 -- [1708 2542]
845 -- [ 602 3502]
847 -- [4280  570]
851 -- [ 288 2544]
853 -- [ 650 3710]
858 -- [4312  571]
861 -- [3388  906]
863 -- [1545 2395]
866 -- [1533 3303]
868 -- [  60 2284]
870 -- [1205 2787]
871 -- [2004  433]
873 -- [3761  235]
875 -- [1600 4437]
877 -- [1206 3066]
882 -- [ 269 4239]
884 -- [ 860 3618]
885 -- [2307 1399]
888 -- [2500  533]
889 -- [1333 3332]
897 -- [ 985 2510]
902 -- [4363  458]
908 -- [ 296 3765]
910 -- [1568 2131]
912 -- [ 484 3863]
913 -- [1223 1910]
914 -- [ 800 2783]
915 -- [ 544 1824]
918 -- [ 234 3996]
919 -- [1094 2603]
932 -- [1276 3832]
933 -- [ 638 2461]
934 -- [  81 2926]
938 -- [1526 2634]
939 -- [ 701 3360]
942 -- [ 906 3213]
945 -- [1973  621]
950 -- [1037 2421]
951 -- [  98 3911]
952 -- [ 486 2496]
957 -- [ 999 4347]
964 -- [4557  533]
969 -- [ 148 3064]
975 -- [1933  858]
976 -- [1408 2259]
977 -- [1177 2680]
978 -- [ 188 2722]
981 -- [4562 1559]
983 -- [1695 3787]
994 -- [1208 2196]
1001 -- [ 453 2472]
1003 -- [ 892 4548]
1006 -- [2276  909]
1009 -- [2580  706]
1013 -- [1865  481]
1018 -- [ 450 2368]
1021 -- [3309 1322]
1027 -- [2718  515]
1028 -- [1048 4254]
1029 -- [3485 1111]
1034 -- [ 378 3402]
1035 -- [1840  704]
1038 -- [ 868 4241]
1041 -- [ 134 2275]
1043 -- [  33 2551]
1044 -- [4321 1028]
1045 -- [3276  567]
1056 -- [3518   54]
1060 -- [ 545 3213]
1066 -- [1623 3876]
1070 -- [1218 4424]
1071 -- [ 714 3268]
1072 -- [ 889 2263]
1073 -- [4553  918]
1074 -- [3202  792]
1075 -- [1695 3538]
1078 -- [ 401 4242]
1079 -- [1569 2491]
1083 -- [ 744 3404]
1086 -- [4348 1723]
1089 -- [3214  125]
1092 -- [4329  770]
1094 -- [ 594 4474]
1097 -- [4183 1198]
1098 -- [ 827 4169]
1104 -- [1322 4183]
1106 -- [ 338 4352]
1110 -- [1611 4253]
1113 -- [ 675 3177]
1116 -- [3850  148]
1121 -- [ 912 1962]
1122 -- [1855  605]
1123 -- [ 835 2447]
1126 -- [1799 2130]
1127 -- [1082 1852]
1128 -- [4597  452]
1130 -- [3662 1478]
1133 -- [1236 3067]
1140 -- [4435 1734]
1145 -- [3094  829]
1146 -- [1592 2783]
1151 -- [2304  572]
1152 -- [2943   15]
1153 -- [1011 2299]
1160 -- [ 758 4250]
1161 -- [1336 2807]
1163 -- [3674 1233]
1166 -- [2644  172]
1172 -- [ 146 4387]
1176 -- [3026 1443]
1178 -- [ 793 4134]
1179 -- [3385 1426]
1181 -- [2644 1450]
1186 -- [2810  774]
1190 -- [1801 3769]
1193 -- [1796 1985]
1195 -- [  19 3075]
1196 -- [1647 4086]
1197 -- [1602 2900]
1201 -- [ 655 4184]
1211 -- [2179   79]
1213 -- [ 745 2900]
1215 -- [2830  128]
1219 -- [ 546 4532]
1220 -- [4454  484]
1221 -- [1624 2073]
1225 -- [4383    0]
1227 -- [ 952 2579]
1233 -- [4046  862]
1235 -- [1668 3429]
1239 -- [2219  700]
1242 -- [3267 1506]
1247 -- [ 720 4340]
1249 -- [4157   71]
1250 -- [ 391 3074]
1257 -- [2421 1448]
1258 -- [1319 3393]
1260 -- [2296  383]
1262 -- [ 353 4253]
1265 -- [4400 1739]
1266 -- [3224 1651]
1269 -- [ 211 2238]
1270 -- [1016 3843]
1273 -- [3407  985]
1274 -- [ 743 3275]
1276 -- [3239  236]
1277 -- [  50 3067]
1279 -- [1111 2104]
1281 -- [1138 3272]
1282 -- [3972 1597]
1286 -- [  28 3066]
1288 -- [  67 3618]
1291 -- [1681 4523]
1292 -- [1544 2613]
1300 -- [ 166 2622]
1305 -- [3969 1490]
1308 -- [ 150 2141]
1309 -- [ 324 4248]
1311 -- [3064 1375]
1312 -- [3315 1107]
1313 -- [2535  215]
1314 -- [ 751 3642]
1316 -- [ 295 2132]
1317 -- [2298  195]
1319 -- [1382 3621]
1320 -- [2474  351]
1326 -- [3133 1781]
1328 -- [ 844 4327]
1331 -- [ 284 3692]
1339 -- [4458  891]
1340 -- [ 751 2706]
1341 -- [2574 1194]
1344 -- [3038  921]
1345 -- [2149  609]
1352 -- [3067  824]
1353 -- [ 100 3562]
1356 -- [2030 1201]
1357 -- [3841 1198]
1360 -- [ 194 2838]
1362 -- [4372  625]
1365 -- [3749  289]
1369 -- [2064 1646]
1371 -- [2052  472]
1382 -- [  20 2525]
1390 -- [4447  463]
1392 -- [1855  642]
1395 -- [4036 1685]
1397 -- [4133 1392]
1398 -- [1032 2642]
1400 -- [1287 2964]
1401 -- [1071 2542]
1402 -- [3225  156]
1404 -- [1559 2150]
1411 -- [1038 2443]
1414 -- [1145 3290]
1415 -- [1351 2928]
1417 -- [ 147 2060]
1422 -- [4445  648]
1427 -- [1668 4136]
1433 -- [4105  233]
1436 -- [4046 1435]
1438 -- [2507 1711]
1440 -- [ 513 4046]
1441 -- [2196 1301]
1446 -- [1617 3574]
1452 -- [2686 1201]
1455 -- [3742  359]
1460 -- [3816 1663]
1464 -- [1070 2459]
1466 -- [2213 1584]
1469 -- [3749  492]
1470 -- [2171  669]
1474 -- [1869  228]
1475 -- [1951  705]
1479 -- [2580  300]
1482 -- [3018 1108]
1484 -- [ 601 2257]
1486 -- [3219 1623]
1492 -- [ 543 2804]
1494 -- [1917  145]
1497 -- [1747 1854]
1500 -- [2574  843]
1502 -- [3326 1598]
1513 -- [1603 4590]
1514 -- [ 854 3798]
1516 -- [ 645 3921]
1519 -- [ 262 2228]
1520 -- [2544  864]
1522 -- [1738 2078]
1523 -- [3097 1623]
1524 -- [2661   90]
1525 -- [ 318 4428]
1526 -- [2062 1264]
1528 -- [4347 1116]
1529 -- [ 694 2743]
1530 -- [1409 3706]
1534 -- [1244 2049]
1535 -- [3935   61]
1540 -- [1143 3453]
1546 -- [ 888 2806]
1550 -- [ 417 4450]
1552 -- [4334  659]
1553 -- [ 627 2608]
1557 -- [ 353 4012]
1560 -- [2191  166]
1563 -- [3263 1334]
1564 -- [3061 1723]
1578 -- [ 590 3977]
1579 -- [1270 1833]
1582 -- [ 945 2105]
1583 -- [3258  427]
1587 -- [2400 1088]
1588 -- [4186 1762]
1589 -- [4432  112]
1590 -- [2438  770]
1594 -- [2621 1446]
1595 -- [1381 4128]
1602 -- [4539 1576]
1604 -- [ 124 4435]
1609 -- [2900  947]
1619 -- [1627 1941]
1620 -- [ 884 4190]
1621 -- [2232  461]
1629 -- [ 504 4340]
1630 -- [2027  439]
1631 -- [3419 1737]
1636 -- [3400 1024]
1637 -- [2132 1283]
1642 -- [4337 1171]
1643 -- [ 824 2196]
1644 -- [1579 2319]
1645 -- [2943 1150]
1660 -- [2822  770]
1662 -- [4335 1324]
1665 -- [4436 1460]
1666 -- [1537 1955]
1667 -- [4323 1409]
1668 -- [3041 1691]
1670 -- [1330 3388]
1671 -- [2828  795]
1677 -- [ 594 3722]
1678 -- [2244 1640]
1680 -- [3264 1282]
1681 -- [   5 2993]
1686 -- [4233 1509]
1687 -- [1516 2910]
1689 -- [2548  575]
1691 -- [2452  747]
1693 -- [ 766 2099]
1695 -- [3385 1216]
1698 -- [2132 1806]
1704 -- [3026 1704]
1714 -- [1959  235]
1715 -- [3113 1678]
1716 -- [1543 4486]
1718 -- [1668 2954]
1720 -- [ 134 2203]
1722 -- [1849  621]
1724 -- [2490 1540]
1725 -- [  28 3053]
1726 -- [ 145 3860]
1727 -- [3339 1496]
1728 -- [3070  220]
1731 -- [4435 1788]
1732 -- [ 536 2893]
1736 -- [3096  502]
1742 -- [2215 1506]
1744 -- [ 629 2357]
1745 -- [1226 2120]
1746 -- [ 699 2056]
1752 -- [3942  700]
1753 -- [4518  624]
1755 -- [2306 1036]
1758 -- [1235 3767]
1766 -- [3618  770]
1770 -- [3336 1623]
1784 -- [3993  946]
1785 -- [1333 2053]
1787 -- [ 408 2220]
1788 -- [3160  711]
1789 -- [3612  441]
1790 -- [3269 1121]
1792 -- [1446 2488]
1794 -- [1559 3744]
1795 -- [ 946 4377]
1801 -- [ 923 4465]
1802 -- [ 246 4464]
1804 -- [ 770 3653]
1806 -- [ 909 1833]
1810 -- [1493 3022]
1811 -- [  24 3702]
1813 -- [ 713 3160]
1817 -- [1950  839]
1827 -- [4464  713]
1831 -- [  95 3737]
1836 -- [2106   26]
1839 -- [2806  665]
1843 -- [1682 2899]
1850 -- [2081  157]
1853 -- [1724 3232]
1857 -- [3876 1533]
1858 -- [1969  838]
1862 -- [2188 1630]
1868 -- [1292 4422]
1872 -- [1542 3707]
1877 -- [3735 1630]
1879 -- [ 375 2598]
1884 -- [2431 1782]
1885 -- [ 354 3711]
1886 -- [2204  241]
1887 -- [ 805 2858]
1889 -- [ 807 3976]
1891 -- [2885 1558]
1894 -- [1848 1668]
1895 -- [2343 1717]
1896 -- [3765  613]
1905 -- [2882 1042]
1906 -- [ 855 3946]
1915 -- [2587  961]
1916 -- [4236  626]
1920 -- [ 537 2063]
1921 -- [4166 1753]
1925 -- [3904  166]
1934 -- [2548  764]
1935 -- [ 514 1872]
1936 -- [1062 3909]
1938 -- [2502  145]
1949 -- [4524  353]
1955 -- [3548  337]
1958 -- [1531 2494]
1959 -- [2425 1226]
1961 -- [ 962 2740]
1962 -- [1646 3604]
1965 -- [2936 1041]
1966 -- [1865 1792]
1967 -- [ 111 3614]
1976 -- [3121 1387]
1977 -- [1887 1704]
1981 -- [2928  766]
1982 -- [ 361 3127]
1983 -- [4001  437]
1986 -- [ 135 4288]
1988 -- [2292  198]
1990 -- [3330    5]
1993 -- [2480 1676]
1994 -- [1311 3187]
1996 -- [ 750 3071]
2000 -- [2544 1756]
2002 -- [3024  752]
2004 -- [4430  857]
2007 -- [2777  148]
2008 -- [ 958 4176]
2009 -- [2186  490]
2010 -- [1182 3798]
2011 -- [2227  586]
2012 -- [ 676 2121]
2013 -- [ 791 4340]
2015 -- [2545 1314]
2027 -- [3147 1336]
2028 -- [ 699 3552]
2031 -- [ 747 2910]
2033 -- [1537 1992]
2037 -- [1221 4395]
2044 -- [2038 1592]
2046 -- [ 822 3161]
2048 -- [ 440 3215]
2050 -- [1448 4460]
2051 -- [2306  757]
2054 -- [2263 1205]
2058 -- [4242  175]
2060 -- [1433 4475]
2062 -- [ 298 2119]
2063 -- [4075 1258]
2064 -- [1674 2010]
2068 -- [4144 1740]
2072 -- [1717 4306]
2090 -- [2241 1506]
2094 -- [ 723 4454]
2096 -- [ 606 2866]
2100 -- [2949  814]
2102 -- [1919  142]
2103 -- [4344 1798]
2105 -- [2251 1438]
2109 -- [3419  320]
2110 -- [ 310 2876]
2113 -- [ 138 2706]
2114 -- [3514  194]
2115 -- [1519 3222]
2117 -- [4524  149]
2118 -- [ 500 2633]
2124 -- [3304  948]
2126 -- [ 987 2674]
2127 -- [1150 3326]
2128 -- [4515  738]
2134 -- [2476 1726]
2137 -- [4460   44]
2144 -- [4569  287]
2145 -- [2882 1665]
2147 -- [ 946 3194]
2150 -- [4582  606]
2152 -- [2643  804]
2157 -- [ 151 3433]
2163 -- [3791  518]
2165 -- [1416 3374]
2167 -- [1652 2475]
2169 -- [ 809 2738]
2171 -- [2119  191]
2174 -- [3298 1658]
2175 -- [ 868 3946]
2185 -- [1295 2405]
2186 -- [2626 1603]
2188 -- [3354 1534]
2190 -- [4070 1048]
2191 -- [4529 1506]
2192 -- [3153 1323]
2195 -- [1143 2835]
2196 -- [1665 2740]
2197 -- [1354 4280]
2200 -- [  24 3591]
2201 -- [3158 1563]
2202 -- [ 283 2917]
2203 -- [1837 1184]
2205 -- [3334  440]
2208 -- [1206 4455]
2211 -- [4172  325]
2212 -- [3754  571]
2216 -- [1269 1927]
2219 -- [4458  492]
2223 -- [3696 1339]
2224 -- [4008 1400]
2225 -- [ 427 1872]
2234 -- [3387  242]
2237 -- [2958 1437]
2238 -- [4383 1593]
2244 -- [ 357 2700]
2262 -- [1111 3561]
2264 -- [3545  523]
2265 -- [4482  613]
2267 -- [ 886 3850]
2269 -- [3297 1272]
2271 -- [4207  144]
2276 -- [3026  930]
2278 -- [1351 4570]
2281 -- [1117 4408]
2283 -- [2305  493]
2290 -- [ 437 3815]
2291 -- [ 752 2429]
2292 -- [1623 3342]
2298 -- [3207  774]
2301 -- [ 982 2121]
2311 -- [2052 1716]
2315 -- [ 547 3429]
2316 -- [2405  862]
2321 -- [ 682 2882]
2322 -- [ 620 2312]
2325 -- [1690 4549]
2326 -- [1567 3847]
2327 -- [3159   31]
2330 -- [ 795 4366]
2336 -- [ 588 3502]
2339 -- [1720 2879]
2345 -- [1096 3420]
2346 -- [2197  846]
2348 -- [ 234 3159]
2349 -- [ 457 2854]
2350 -- [3870 1623]
2353 -- [2087 1149]
2354 -- [4209  793]
2356 -- [1675 2006]
2357 -- [ 339 2378]
2365 -- [ 659 2288]
2367 -- [4435  608]
2372 -- [4464 1352]
2374 -- [2384  256]
2375 -- [4190  427]
2377 -- [4157  837]
2379 -- [2442  284]
2383 -- [2710 1559]
2385 -- [2257 1580]
2391 -- [3158  627]
2392 -- [1919 1798]
2400 -- [ 229 3486]
2402 -- [2583 1041]
2403 -- [1893 1615]
2404 -- [2359 1535]
2405 -- [2686 1577]
2407 -- [2173   98]
2417 -- [2652  235]
2429 -- [3682 1584]
2431 -- [3202 1570]
2433 -- [4106  166]
2434 -- [  58 3890]
2438 -- [2447 1342]
2443 -- [ 343 2400]
2444 -- [2112  403]
2446 -- [1996  870]
2449 -- [2010 1615]
2455 -- [2300 1433]
2456 -- [1293 4363]
2457 -- [4350  316]
2459 -- [1631 4439]
2462 -- [1724 3297]
2469 -- [ 244 3548]
2476 -- [ 646 3302]
2478 -- [1875 1533]
2481 -- [4164 1654]
2482 -- [ 796 2783]
2487 -- [1556 4273]
2489 -- [4449 1781]
2492 -- [3495 1700]
2496 -- [2201 1188]
2499 -- [3996 1534]
2500 -- [ 694 3574]
2504 -- [2060  399]
2505 -- [ 783 4047]
2508 -- [4454   12]
2511 -- [4280 1318]
2516 -- [2998 1092]
2520 -- [ 720 2056]
2522 -- [3445  963]
2524 -- [ 925 1988]
2525 -- [ 624 1858]
2527 -- [1790 3407]
2531 -- [ 871 4184]
2532 -- [ 460 3197]
2535 -- [1798 3526]
2536 -- [ 661 2532]
2538 -- [1748 4111]
2539 -- [2163  307]
2540 -- [ 531 3160]
2552 -- [1703 2386]
2557 -- [2564 1438]
2559 -- [ 378 2848]
2560 -- [2963   17]
2561 -- [3483 1654]
2569 -- [3354 1238]
2573 -- [2052  210]
2576 -- [  11 3652]
2577 -- [1606 4364]
2580 -- [4157 1436]
2585 -- [  28 2375]
2588 -- [ 845 1872]
2600 -- [ 475 4287]
2601 -- [3251  522]
2603 -- [ 453 3069]
2609 -- [ 421 2133]
2614 -- [3820 1356]
2616 -- [ 343 2429]
2617 -- [3027 1170]
2618 -- [3969 1321]
2620 -- [2087 1313]
2623 -- [1811 2368]
2625 -- [2284   79]
2628 -- [2689  920]
2631 -- [4597 1101]
2633 -- [3612   18]
2637 -- [ 624 3677]
2638 -- [ 405 4144]
2640 -- [4012 1657]
2645 -- [2580  439]
2647 -- [ 893 3699]
2648 -- [3041  393]
2652 -- [1117 4353]
2654 -- [1517 3239]
2656 -- [3422 1223]
2657 -- [1203 2640]
2662 -- [4387 1692]
2663 -- [ 853 2317]
2672 -- [1674 1960]
2673 -- [ 956 2386]
2680 -- [2626 1715]
2686 -- [1516 1814]
2691 -- [2328   26]
2693 -- [3505  277]
2696 -- [4381  324]
2697 -- [2468  537]
2698 -- [1110 4433]
2700 -- [ 633 1852]
2703 -- [4084 1110]
2704 -- [ 104 3170]
2706 -- [3508 1639]
2712 -- [1270 4197]
2713 -- [ 709 2080]
2714 -- [3981 1605]
2717 -- [ 560 2566]
2719 -- [1257 2189]
2723 -- [1143 4312]
2733 -- [1424 3105]
2742 -- [4025  119]
2743 -- [3850  964]
2745 -- [2674  813]
2753 -- [4363  672]
2756 -- [1872  760]
2759 -- [2817  496]
2765 -- [ 383 2625]
2768 -- [1888  260]
2773 -- [3804  906]
2776 -- [3765 1154]
2781 -- [ 379 3821]
2782 -- [1871  437]
2783 -- [3648  111]
2785 -- [ 611 3073]
2788 -- [4592  588]
2790 -- [4564 1517]
2791 -- [3769  453]
2794 -- [  53 3279]
2797 -- [3368  741]
2801 -- [2760  210]
2806 -- [ 457 2705]
2807 -- [1590 3449]
2815 -- [1663 3403]
2816 -- [2726   46]
2822 -- [1194 2214]
2824 -- [3026  738]
2825 -- [4464 1156]
2829 -- [3123 1790]
2831 -- [2566  288]
2832 -- [ 945 3374]
2834 -- [2646  809]
2837 -- [1850 1041]
2842 -- [3105  677]
2845 -- [2178  933]
2849 -- [ 786 3521]
2850 -- [4266 1414]
2855 -- [4454  419]
2859 -- [  11 3276]
2860 -- [4184 1407]
2866 -- [4253 1505]
2867 -- [ 257 4177]
2872 -- [2857 1019]
2875 -- [   6 4444]
2879 -- [1556 2775]
2884 -- [3248 1310]
2890 -- [3952  478]
2891 -- [2573 1501]
2895 -- [2305  450]
2897 -- [1002 2219]
2898 -- [2189  704]
2909 -- [4219  914]
2915 -- [3269  896]
2916 -- [2683 1063]
2918 -- [2705 1511]
2925 -- [3441  581]
2930 -- [ 468 2520]
2935 -- [4424 1337]
2938 -- [1633 3918]
2939 -- [ 511 1869]
2940 -- [2805  897]
2943 -- [2313  634]
2945 -- [2148 1640]
2958 -- [ 649 4421]
2959 -- [  98 2345]
2960 -- [1638 4403]
2963 -- [1690 3178]
2964 -- [ 865 4520]
2972 -- [3707 1585]
2977 -- [ 578 2154]
2978 -- [4145  370]
2981 -- [ 967 2865]
2984 -- [1640 3084]
2985 -- [4451  217]
2988 -- [2657 1354]
2991 -- [2998 1772]
2994 -- [1441 3251]
2996 -- [2646  642]
3003 -- [3744  308]
3006 -- [ 360 3027]
3008 -- [ 414 3440]
3009 -- [4104  144]
3014 -- [ 563 4196]
3015 -- [1447 2402]
3019 -- [ 781 2823]
3025 -- [2259 1080]
3026 -- [ 543 3469]
3030 -- [ 983 3073]
3031 -- [1447 4155]
3032 -- [3810 1326]
3035 -- [1009 3505]
3041 -- [3123  590]
3043 -- [ 571 3964]
3044 -- [3440 1802]
3050 -- [2183 1287]
3051 -- [1659 2997]
3056 -- [3313  898]
3057 -- [  74 3510]
3058 -- [4411  762]
3060 -- [1714 2312]
3062 -- [ 589 2958]
3063 -- [2998 1154]
3066 -- [4082   72]
3069 -- [2009 1756]
3070 -- [ 498 3864]
3071 -- [3211  578]
3073 -- [ 370 3639]
3080 -- [2120  854]
3082 -- [3832 1390]
3086 -- [ 886 4392]
3089 -- [1745 3670]
3091 -- [ 114 3170]
3098 -- [ 219 2879]
3099 -- [2668 1488]
3101 -- [3768 1230]
3104 -- [ 544 4344]
3108 -- [ 378 2041]
3111 -- [2087  569]
3114 -- [ 170 2550]
3116 -- [ 491 3551]
3121 -- [1558 3410]
3124 -- [ 306 2395]
3127 -- [1982  688]
3128 -- [ 481 2917]
3130 -- [1198 2949]
3131 -- [3962 1584]
3132 -- [3937  757]
3133 -- [2303   67]
3135 -- [3825  306]
3139 -- [1410 4515]
3142 -- [1022 2756]
3149 -- [4213 1393]
3151 -- [3468 1478]
3153 -- [2328  619]
3156 -- [1334 2182]
3157 -- [1260 2306]
3160 -- [ 364 3345]
3161 -- [ 593 3960]
3164 -- [1603 2949]
3165 -- [3400  417]
3168 -- [3563  705]
3170 -- [ 162 4498]
3171 -- [1566 3476]
3174 -- [ 422 4178]
3176 -- [3269  197]
3177 -- [ 557 4155]
3178 -- [1764 2352]
3188 -- [ 786 2666]
3189 -- [1386 3091]
3190 -- [3313  829]
3196 -- [3207  932]
3199 -- [1333 3794]
3200 -- [3686 1705]
3201 -- [1941 1481]
3207 -- [1834 1579]
3213 -- [2062  706]
3214 -- [ 985 3150]
3215 -- [2880  402]
3217 -- [4459 1325]
3219 -- [ 899 3711]
3221 -- [ 891 1824]
3222 -- [3787 1623]
3224 -- [3410  460]
3226 -- [ 876 3057]
3227 -- [  23 2842]
3229 -- [4011  283]
3233 -- [2223  856]
3235 -- [1946 1184]
3236 -- [1495 2425]
3237 -- [3615   10]
3240 -- [ 671 1909]
3241 -- [3861  698]
3242 -- [4170 1290]
7 -time: 0.02200 -dim: (11172, 2)
8 -time: 0.00014 -dim: (7, 57)
9 -time: 4.12054 -dim: (1835400, 3)
10 -time: 5.92883 -dim: (1730141, 3)
11_12 -time: 0.20223 -dim: [110424, 2]
13 -time: 0.07989 -dim: (36808, 4)
14_15 -time: 0.03560 -dim: [798, 2]
16 -time: 0.00002 -dim: (0, 2)
17_18 -time: 0.39914 -dim: [73616, 3]
19 -time: 0.00010 -dim: (1, 1)
20 -time: 0.24141 -dim: (0, 4601)
21 -time: 0.00082 -dim: (1, 4601)
22 -time: 0.00007 -dim: (3244, 3)
23 -time: 0.00004 -dim: (3244, 3)
24 -time: 0.00004 -dim: (0, 5)
25 -time: 0.00007 -dim: (3657, 3)
26 -time: 0.00006 -dim: (3657, 3)
smtPr 22-26 -time: 0.02222 -dim: nan
slvr_header -time: 1.95751 -dim: nan
*solver* -time: 900.20239 -dim: nan
res_read -time: 0.07584 -dim: nan
-- SUM CL TIME: 11.05322          |  SUM other TIME: 902.23574          |  SUM TIME: 913.28896
