num branch_node: 7
num leaf_node: 8
num feature: 57
tree_depth: 3
num label: 2
nDC: 2432

***variables
a: 1 - 399 -> 399
s: 400 - 32606 -> 32207
z: 32607 - 69414 -> 36808
g: 69415 - 69430 -> 16
x: 69431 - 78632 -> 9202
ml: 78633 - 80344 -> 1712
cl: 80345 - 81852 -> 1508

variables***
[debug] --> CL ML ratio 1
the cl header --> p wcnf 81852 3808028 3221

timeout 900s ~/SAT_Project/loandra-master/loandra_static -pmreslin-cglim=30 -weight-strategy=1 -print-model -verbosity=1 ./solutions/spam_0.1_mc0.7_s2352_r1/phase_1_clauses_final >./solutions/spam_0.1_mc0.7_s2352_r1/phase_1_loandra_res

Start to read loandra res
*loandra status: SATISFIABLE
-ml sat and violated: 1428 | 284  | total #ml: 1712 | -violated weight: 284
11 -- [ 388 1634]
13 -- [1687  568]
15 -- [1508 1032]
24 -- [3206 3986]
30 -- [3543 4404]
32 -- [955 799]
37 -- [3401 3932]
45 -- [1361  524]
51 -- [1384  610]
58 -- [758 541]
59 -- [842 867]
61 -- [144 881]
65 -- [4372 3299]
73 -- [1535 1138]
79 -- [645 685]
89 -- [3454 3928]
91 -- [251 270]
107 -- [1046  967]
113 -- [ 750 1594]
118 -- [ 418 1314]
125 -- [1585  551]
136 -- [4097 4430]
140 -- [159 686]
157 -- [  57 1229]
177 -- [1760  233]
184 -- [  67 1748]
185 -- [1647  899]
187 -- [3050 4215]
192 -- [ 371 1558]
201 -- [  57 1025]
202 -- [742 193]
207 -- [ 152 1226]
210 -- [1505 1323]
217 -- [1776   26]
219 -- [1723  116]
221 -- [ 391 1704]
223 -- [3918 4443]
229 -- [ 516 1017]
231 -- [1754  711]
239 -- [1683  831]
253 -- [3989 3260]
256 -- [212 429]
262 -- [ 463 1168]
268 -- [4326 2039]
271 -- [ 253 1325]
274 -- [4508 2014]
281 -- [1476  894]
289 -- [ 825 1346]
294 -- [1514  730]
295 -- [254 137]
296 -- [ 444 1293]
301 -- [2827 4435]
303 -- [552 269]
306 -- [ 998 1410]
307 -- [4338 4079]
308 -- [1578 1307]
324 -- [1692  871]
330 -- [1640 1578]
333 -- [1555 1727]
337 -- [4445 2323]
342 -- [1526    8]
351 -- [1048 1387]
352 -- [ 399 1788]
353 -- [463 969]
365 -- [1529  740]
370 -- [2189 3299]
379 -- [268 658]
380 -- [1194 1622]
384 -- [1467 1735]
386 -- [1351  993]
401 -- [220 376]
409 -- [1338 1604]
410 -- [ 987 1497]
414 -- [803 209]
426 -- [ 74 845]
433 -- [1138 1563]
434 -- [611 634]
435 -- [2804 3738]
436 -- [1213 1178]
437 -- [ 324 1759]
449 -- [1159  157]
450 -- [ 423 1543]
462 -- [ 299 1467]
464 -- [ 373 1594]
468 -- [ 412 1205]
482 -- [1623  178]
485 -- [ 68 227]
488 -- [3985 3206]
489 -- [1469  390]
491 -- [1641 1481]
500 -- [ 943 1781]
504 -- [1208 1183]
506 -- [ 119 1273]
507 -- [402 459]
513 -- [1745 1685]
517 -- [2461 1898]
518 -- [4443 3778]
520 -- [ 357 1387]
522 -- [377 291]
532 -- [1622  744]
568 -- [1642 1753]
570 -- [388 731]
572 -- [2772 2508]
585 -- [ 704 1442]
600 -- [592 117]
604 -- [3289 4076]
622 -- [2715 3989]
624 -- [241 781]
625 -- [1495 1031]
628 -- [ 719 1545]
633 -- [1702  669]
641 -- [ 634 1687]
644 -- [1734 1716]
645 -- [693 152]
654 -- [ 245 1752]
661 -- [2533 1933]
668 -- [1154  935]
675 -- [1371 1436]
682 -- [ 451 1184]
685 -- [699 271]
686 -- [1367  426]
689 -- [3352 2237]
697 -- [2631 4442]
711 -- [1599 1110]
715 -- [4183 2709]
719 -- [3897 3201]
723 -- [2071 3339]
733 -- [1789 1413]
740 -- [1162 1515]
750 -- [982 623]
752 -- [1485 1187]
760 -- [ 234 1324]
763 -- [   9 1121]
768 -- [595 674]
769 -- [ 660 1430]
778 -- [1372  714]
792 -- [1091  687]
795 -- [ 869 1159]
800 -- [2313 4548]
801 -- [2332 4445]
803 -- [ 597 1220]
813 -- [ 115 1068]
825 -- [ 109 1340]
839 -- [ 488 1461]
850 -- [3738 4346]
865 -- [1365 1783]
870 -- [764 303]
872 -- [ 473 1529]
892 -- [895  48]
895 -- [1532  130]
896 -- [1919 4534]
900 -- [1523  605]
901 -- [561 238]
903 -- [1901 2508]
905 -- [1042  978]
909 -- [963 587]
926 -- [1342  263]
932 -- [1658  168]
934 -- [ 987 1060]
938 -- [ 564 1763]
942 -- [1167  326]
946 -- [3969 2484]
949 -- [ 104 1549]
955 -- [146  21]
956 -- [3539 3989]
962 -- [198 435]
971 -- [1706 1797]
984 -- [211 270]
993 -- [1511  540]
994 -- [2811 3150]
1007 -- [1199  768]
1013 -- [287 595]
1015 -- [799 796]
1019 -- [1437  224]
1020 -- [3362 2237]
1032 -- [1192  556]
1036 -- [1305 1716]
1040 -- [ 614 1665]
1049 -- [1292 1032]
1057 -- [ 325 1673]
1059 -- [400 558]
1062 -- [1092  605]
1078 -- [ 254 1058]
1088 -- [2378 4435]
1095 -- [1508  732]
1096 -- [625 810]
1111 -- [1130 1457]
1114 -- [1040 1548]
1116 -- [1199 1425]
1126 -- [4104 2917]
1132 -- [ 599 1582]
1146 -- [1233  884]
1150 -- [ 886 1595]
1153 -- [1402 1236]
1156 -- [620 859]
1162 -- [1255 1090]
1174 -- [1352  904]
1178 -- [200  36]
1182 -- [3655 3413]
1186 -- [1721  576]
1195 -- [158 647]
1204 -- [1218  913]
1212 -- [1383   23]
1225 -- [ 536 1383]
1232 -- [1515  991]
1240 -- [3776 4402]
1246 -- [1007 1233]
1249 -- [198 916]
1252 -- [ 506 1756]
1260 -- [1747 1053]
1262 -- [969 310]
1267 -- [1478  449]
1271 -- [1605 1645]
1276 -- [2531 3381]
1282 -- [609 152]
1305 -- [ 446 1452]
1311 -- [991 979]
1318 -- [1129 1457]
1328 -- [ 907 1109]
1330 -- [2753 1932]
1338 -- [4403 3087]
1351 -- [570 847]
1355 -- [1756  206]
1367 -- [436 746]
1378 -- [535 125]
1384 -- [3289 3048]
1386 -- [38 92]
1387 -- [1249  556]
1391 -- [ 824 1628]
1408 -- [212 647]
1411 -- [1529  386]
1412 -- [1653 1761]
1415 -- [1345  696]
1421 -- [1552 1448]
1425 -- [1108 1189]
1432 -- [649 289]
1435 -- [277 934]
1437 -- [1061 1120]
1445 -- [2380 3150]
1448 -- [  74 1571]
1454 -- [666 465]
1460 -- [ 421 1379]
1461 -- [ 591 1414]
1463 -- [130 596]
1471 -- [2988 2989]
1478 -- [1050  351]
1487 -- [484 284]
1491 -- [283 214]
1493 -- [2615 2539]
1496 -- [2637 4404]
1497 -- [1525  111]
1499 -- [ 170 1720]
1509 -- [1180  385]
1516 -- [1565  634]
1528 -- [1529  535]
1533 -- [ 486 1217]
1535 -- [970 645]
1540 -- [3302 3883]
1546 -- [1494  380]
1551 -- [4417 4445]
1555 -- [1669  720]
1576 -- [1585 1202]
1579 -- [573 365]
1581 -- [1803 1318]
1586 -- [ 303 1208]
1595 -- [3206 1966]
1599 -- [1811 1624]
1618 -- [4273 3989]
1624 -- [1442  502]
1633 -- [  38 1250]
1647 -- [1968 2733]
1661 -- [1111   27]
1663 -- [286  37]
1665 -- [ 145 1653]
1667 -- [ 140 1784]
1671 -- [415 280]
1678 -- [ 103 1343]
1679 -- [477 879]
1680 -- [2861 2334]
1684 -- [984 709]
1687 -- [1035 1428]
1696 -- [1513 1472]
1706 -- [421 844]
1707 -- [3062 4195]
-cl sat and violated: 557 | 951  | total #cl: 1508 | -violated weight: 951
0 -- [3023  377]
1 -- [ 257 3911]
2 -- [1687 3645]
4 -- [ 676 4005]
6 -- [4386  311]
9 -- [2161 1323]
12 -- [3254  544]
13 -- [ 783 2451]
14 -- [2211 1803]
16 -- [3518 1363]
22 -- [1572 3237]
23 -- [1964  739]
24 -- [4451  327]
25 -- [3663  593]
26 -- [2805 1319]
28 -- [1142 3928]
32 -- [3238 1399]
35 -- [1084 4591]
37 -- [1239 4398]
40 -- [4450  501]
43 -- [1086 4270]
45 -- [ 351 2571]
46 -- [2734  371]
47 -- [3631 1201]
48 -- [1267 2860]
49 -- [1126 3589]
53 -- [2103  853]
57 -- [1258 3425]
59 -- [3784  260]
61 -- [3459 1531]
66 -- [3967  353]
67 -- [3849 1048]
68 -- [1802 4525]
71 -- [2147  588]
73 -- [1617 4457]
74 -- [4419  962]
75 -- [2444  239]
79 -- [1718 1951]
80 -- [4510 1201]
81 -- [4170 1424]
82 -- [2962 1808]
83 -- [2049 1039]
85 -- [2249 1508]
88 -- [1086 3717]
89 -- [ 708 3155]
92 -- [4223 1443]
93 -- [1711 4374]
96 -- [1712 4341]
98 -- [2703 1645]
100 -- [ 126 3143]
101 -- [ 892 3060]
102 -- [ 348 3899]
103 -- [4540 1623]
104 -- [3592 1080]
106 -- [3309 1311]
107 -- [3510  912]
111 -- [1976  774]
112 -- [4108 1745]
113 -- [2931 1790]
114 -- [ 139 3134]
115 -- [3514  794]
118 -- [2016 1646]
119 -- [4056 1709]
120 -- [1866  919]
121 -- [ 354 4450]
122 -- [ 530 2495]
123 -- [ 748 1950]
125 -- [3733   86]
126 -- [1458 3245]
128 -- [4190  324]
129 -- [1113 1905]
130 -- [ 239 2499]
131 -- [2889  599]
132 -- [4281  853]
138 -- [3189 1342]
141 -- [ 530 3247]
144 -- [4023  799]
145 -- [3877 1672]
147 -- [1489 3660]
148 -- [ 313 2561]
149 -- [2194 1711]
150 -- [3477  890]
153 -- [ 592 3225]
154 -- [1207 2739]
156 -- [4576 1517]
157 -- [1688 3961]
165 -- [ 443 2415]
166 -- [3451 1279]
167 -- [2018  206]
171 -- [1513 2987]
172 -- [1197 2994]
173 -- [4411  386]
174 -- [2939  971]
175 -- [  31 3192]
176 -- [ 948 2381]
178 -- [ 399 2387]
179 -- [2974 1096]
180 -- [1462 1819]
181 -- [2612  754]
182 -- [1719 1995]
185 -- [ 368 1933]
186 -- [3979 1487]
187 -- [ 408 3523]
188 -- [3885  203]
189 -- [2651  500]
191 -- [ 777 3143]
193 -- [ 713 2841]
194 -- [2847 1669]
195 -- [2634 1675]
199 -- [1624 3577]
200 -- [ 644 4565]
201 -- [3164   69]
203 -- [4306  557]
206 -- [ 868 3292]
207 -- [2224 1017]
209 -- [2419 1443]
210 -- [1887 1700]
212 -- [2773  287]
217 -- [1686 4420]
219 -- [4104   73]
220 -- [2703  378]
221 -- [1462 2159]
222 -- [ 386 3433]
226 -- [3776 1534]
227 -- [1723 3319]
230 -- [ 189 3043]
233 -- [ 469 2327]
234 -- [2972  157]
235 -- [1672 4495]
240 -- [3023 1076]
242 -- [1458 2702]
244 -- [3184  187]
245 -- [3052  391]
246 -- [2028 1109]
247 -- [3396 1738]
248 -- [ 631 1838]
251 -- [   6 3311]
255 -- [2734  381]
257 -- [4451 1037]
261 -- [1773 3597]
262 -- [4421  268]
263 -- [1792 3921]
264 -- [1688 3536]
265 -- [1332 2063]
267 -- [1944  557]
268 -- [2181 1561]
270 -- [1589 3420]
271 -- [ 337 1967]
274 -- [1504 2284]
275 -- [1015 3200]
276 -- [3417  519]
277 -- [2751 1726]
278 -- [4070 1255]
280 -- [3052  408]
281 -- [1983  898]
282 -- [3892  216]
283 -- [ 940 2763]
284 -- [ 647 4161]
285 -- [1935  363]
287 -- [ 852 2109]
289 -- [ 990 2844]
291 -- [2487 1708]
293 -- [ 570 3592]
294 -- [1225 2532]
295 -- [1506 4225]
296 -- [ 401 2580]
300 -- [4180   87]
301 -- [3597  860]
305 -- [3588  509]
306 -- [4285  266]
310 -- [2189   43]
311 -- [1086 2840]
312 -- [3031  360]
313 -- [1086 2326]
315 -- [2236 1304]
316 -- [4127 1257]
318 -- [1635 2756]
319 -- [3136  893]
320 -- [4064  905]
321 -- [2683  750]
323 -- [3499  773]
324 -- [4361 1256]
325 -- [3599  564]
326 -- [3317 1603]
327 -- [3202 1419]
328 -- [ 475 3732]
329 -- [2395 1296]
330 -- [2661  728]
331 -- [ 980 2328]
332 -- [3972  557]
333 -- [4343 1460]
334 -- [3138  547]
336 -- [3673   99]
338 -- [ 519 3949]
339 -- [ 721 4023]
341 -- [2082  417]
343 -- [1206 2831]
345 -- [ 589 3326]
346 -- [2935  172]
348 -- [1649 4596]
349 -- [ 676 3387]
350 -- [ 926 3018]
354 -- [3715 1037]
359 -- [ 332 4589]
360 -- [4244  427]
361 -- [3433   31]
362 -- [4199 1230]
365 -- [3164 1746]
367 -- [1361 4548]
370 -- [1326 2417]
371 -- [1276 3431]
372 -- [2512 1484]
373 -- [4004  807]
374 -- [1999  250]
375 -- [ 704 1880]
376 -- [1953  933]
377 -- [1646 2071]
378 -- [3526  161]
379 -- [3691  815]
380 -- [2226  288]
383 -- [ 128 3857]
384 -- [ 664 4139]
385 -- [  86 3817]
388 -- [  86 4538]
389 -- [3615  916]
390 -- [ 586 3549]
391 -- [ 159 4371]
393 -- [1323 2595]
394 -- [2291 1773]
396 -- [  41 3829]
398 -- [4323 1409]
400 -- [ 666 2490]
401 -- [2790   47]
402 -- [3583 1711]
404 -- [3220 1269]
405 -- [1717 2441]
406 -- [1800 2463]
407 -- [3588 1689]
408 -- [2143  109]
410 -- [1774 3628]
411 -- [3469 1432]
412 -- [1044 3909]
414 -- [4167  571]
415 -- [3452  163]
419 -- [4420  483]
420 -- [2900  433]
422 -- [ 255 2041]
423 -- [3788 1504]
425 -- [3439   71]
427 -- [ 640 3023]
428 -- [1183 4040]
430 -- [3805 1614]
432 -- [3926  974]
433 -- [ 579 3775]
434 -- [ 462 1813]
436 -- [ 770 4471]
437 -- [ 478 4550]
439 -- [ 773 3061]
440 -- [1883  176]
442 -- [3272  408]
444 -- [4114  313]
446 -- [1942 1096]
447 -- [1552 2823]
448 -- [2364  287]
450 -- [ 525 3403]
451 -- [4417  203]
452 -- [4011  841]
453 -- [3445  175]
454 -- [ 380 4446]
457 -- [3240 1296]
458 -- [4205  985]
460 -- [3768  220]
461 -- [1661 3476]
462 -- [1433 4292]
465 -- [2364 1003]
466 -- [1934  314]
467 -- [3393  824]
468 -- [ 295 3890]
470 -- [1471 3799]
471 -- [2214  332]
473 -- [   0 3644]
474 -- [2111  780]
475 -- [ 407 4286]
476 -- [4594  417]
477 -- [2763 1640]
479 -- [3036  231]
480 -- [3876  649]
481 -- [2516   66]
482 -- [1785 2532]
483 -- [3822 1276]
484 -- [2156  546]
485 -- [3760  984]
486 -- [3496 1762]
488 -- [3757  159]
489 -- [ 824 2281]
490 -- [4022  565]
491 -- [  42 3032]
492 -- [ 371 3329]
493 -- [1310 2174]
494 -- [1351 4511]
498 -- [3234  619]
500 -- [4496  535]
501 -- [1185 3687]
503 -- [3405 1123]
504 -- [ 423 2781]
506 -- [1931 1759]
507 -- [2603  784]
508 -- [1665 4132]
510 -- [1372 2804]
511 -- [1517 2991]
513 -- [ 899 3421]
515 -- [4218 1775]
516 -- [1127 4532]
517 -- [3016  545]
518 -- [ 204 3899]
520 -- [3419  511]
527 -- [3883  444]
528 -- [   0 2212]
529 -- [4297 1479]
530 -- [3355 1809]
532 -- [1585 3938]
533 -- [2110 1433]
534 -- [1506 2738]
538 -- [1820  418]
539 -- [3535  617]
540 -- [1810 3626]
541 -- [2496  423]
542 -- [4212 1346]
543 -- [4431  909]
544 -- [ 259 4422]
547 -- [ 374 3829]
550 -- [ 266 4001]
551 -- [4478 1574]
552 -- [ 926 2636]
554 -- [ 308 3429]
555 -- [4208 1205]
557 -- [ 310 4223]
558 -- [ 293 1945]
559 -- [2189 1506]
563 -- [2035  769]
565 -- [ 790 2805]
566 -- [1188 4220]
567 -- [ 363 3355]
568 -- [2845  381]
570 -- [ 587 2941]
572 -- [3589  215]
577 -- [1422 2173]
578 -- [2589 1723]
580 -- [ 749 2538]
581 -- [ 172 1871]
582 -- [ 785 3930]
586 -- [3260  928]
588 -- [1352 3129]
590 -- [2507 1567]
591 -- [ 327 2887]
592 -- [ 286 1976]
593 -- [ 982 3449]
594 -- [   5 3216]
595 -- [2555  934]
596 -- [ 964 3328]
598 -- [ 945 3440]
599 -- [1745 3746]
600 -- [4125  395]
601 -- [ 567 2921]
602 -- [2217 1110]
603 -- [1060 4379]
604 -- [1852 1414]
605 -- [1208 3989]
606 -- [ 964 2431]
607 -- [ 301 3755]
608 -- [ 225 4107]
609 -- [ 569 2615]
610 -- [2990 1493]
611 -- [ 326 3152]
614 -- [  46 3164]
615 -- [3463  167]
616 -- [1080 2891]
617 -- [3994  536]
618 -- [ 152 4004]
619 -- [4185 1609]
620 -- [3713 1174]
622 -- [ 331 2105]
623 -- [1902 1560]
630 -- [2213  570]
631 -- [2815 1675]
633 -- [1966  559]
635 -- [4128  967]
640 -- [ 187 4390]
641 -- [3113  497]
642 -- [3836 1696]
643 -- [2122 1645]
644 -- [2557  453]
646 -- [3004  333]
649 -- [ 678 4514]
651 -- [1396 2655]
652 -- [1925  748]
653 -- [3320 1671]
654 -- [ 826 2673]
655 -- [1757 3872]
656 -- [1106 4454]
657 -- [2301  314]
658 -- [1802 2981]
659 -- [2180 1470]
662 -- [1974 1377]
663 -- [2491  677]
665 -- [ 485 4140]
666 -- [2768   86]
667 -- [4550  661]
669 -- [4055  464]
674 -- [ 396 4545]
675 -- [1262 2426]
676 -- [1972 1663]
677 -- [1225 1828]
678 -- [3704  751]
679 -- [1705 4547]
680 -- [2026 1524]
681 -- [3345 1334]
683 -- [ 454 2081]
684 -- [4057  216]
687 -- [1323 4562]
690 -- [ 882 3868]
691 -- [3245  335]
693 -- [1422 3561]
694 -- [1616 2840]
696 -- [1373 2118]
698 -- [1033 2236]
699 -- [ 841 3391]
700 -- [ 857 2833]
701 -- [1486 3967]
702 -- [3863  681]
705 -- [4047 1435]
706 -- [1542 2826]
709 -- [3571   51]
712 -- [2691 1458]
713 -- [2784 1232]
716 -- [2857 1076]
717 -- [ 358 4515]
720 -- [1109 3245]
721 -- [  23 2614]
723 -- [ 755 2102]
724 -- [2803 1350]
725 -- [1606 2547]
726 -- [ 618 3031]
727 -- [4183  546]
730 -- [4461 1504]
731 -- [1590 3449]
732 -- [2175 1483]
733 -- [3056 1749]
734 -- [1517 3840]
736 -- [ 587 2309]
739 -- [1536 3260]
740 -- [ 552 4126]
741 -- [  15 2765]
743 -- [2235  727]
745 -- [ 305 3925]
746 -- [3173 1302]
747 -- [ 455 2703]
748 -- [ 608 3615]
750 -- [ 911 2633]
751 -- [ 522 2801]
753 -- [1076 2865]
754 -- [2741  435]
756 -- [ 508 2423]
757 -- [1493 4047]
758 -- [1803 4027]
762 -- [ 766 1968]
763 -- [ 779 3955]
764 -- [1104 1990]
768 -- [4236  153]
769 -- [1154 2667]
770 -- [ 627 4245]
771 -- [ 441 3579]
772 -- [1325 3908]
774 -- [3611 1424]
775 -- [3927 1720]
776 -- [ 299 3794]
778 -- [3416  994]
779 -- [1422 4094]
781 -- [4438 1270]
783 -- [2942 1729]
785 -- [2944 1515]
786 -- [2076  474]
788 -- [ 964 3269]
790 -- [2888  374]
791 -- [3107  363]
793 -- [1560 3241]
794 -- [1379 4409]
795 -- [ 395 3754]
796 -- [1768 2637]
798 -- [2738  438]
800 -- [4524  203]
801 -- [3126 1658]
802 -- [1538 4271]
803 -- [4111 1634]
804 -- [ 864 3949]
806 -- [2592  848]
807 -- [ 441 3244]
808 -- [ 164 2049]
809 -- [ 726 3977]
810 -- [2077 1272]
811 -- [3408 1281]
812 -- [ 941 3560]
813 -- [3796  343]
814 -- [2245  798]
815 -- [1432 2631]
818 -- [4027 1351]
819 -- [1478 1828]
820 -- [ 500 4407]
821 -- [ 225 2886]
822 -- [3919 1393]
826 -- [ 281 4015]
827 -- [4212  622]
830 -- [ 429 4055]
831 -- [3920 1408]
833 -- [1714 3028]
836 -- [3166  957]
837 -- [3984 1234]
838 -- [ 926 1857]
839 -- [1715 1936]
840 -- [3833   41]
841 -- [  28 1867]
843 -- [1708 2542]
845 -- [ 602 3502]
847 -- [4280  570]
848 -- [3543 1765]
849 -- [ 286 1977]
850 -- [ 841 1965]
851 -- [ 288 2544]
852 -- [3032 1038]
853 -- [ 650 3710]
854 -- [1411 2416]
855 -- [1123 1932]
856 -- [3748  109]
857 -- [3774 1730]
858 -- [4312  571]
860 -- [ 700 1940]
861 -- [3388  906]
862 -- [1257 3463]
863 -- [1545 2395]
864 -- [1676 1914]
865 -- [1051 3306]
866 -- [1533 3303]
871 -- [2004  433]
873 -- [3761  235]
874 -- [ 471 3132]
875 -- [1600 4437]
876 -- [2190  914]
877 -- [1206 3066]
878 -- [ 249 3235]
879 -- [ 986 2438]
880 -- [4234  214]
881 -- [4551  867]
883 -- [1085 4474]
884 -- [ 860 3618]
885 -- [2307 1399]
887 -- [2642  325]
888 -- [2500  533]
889 -- [1333 3332]
890 -- [  11 4439]
892 -- [2942  159]
894 -- [1536 1969]
895 -- [2618  605]
896 -- [  58 3956]
897 -- [ 985 2510]
899 -- [ 803 1942]
901 -- [1686 3425]
903 -- [2049 1565]
908 -- [ 296 3765]
909 -- [2773  214]
913 -- [1223 1910]
915 -- [ 544 1824]
916 -- [2557  838]
919 -- [1094 2603]
920 -- [1672 2443]
922 -- [1388 2947]
923 -- [ 440 2302]
924 -- [1942   66]
925 -- [ 435 3282]
926 -- [4236 1043]
927 -- [3982  336]
929 -- [4470 1182]
930 -- [ 207 3670]
931 -- [ 132 3554]
932 -- [1276 3832]
933 -- [ 638 2461]
937 -- [ 115 3960]
938 -- [1526 2634]
939 -- [ 701 3360]
940 -- [3064 1316]
941 -- [1765 2843]
942 -- [ 906 3213]
943 -- [3074 1550]
944 -- [3893  399]
945 -- [1973  621]
946 -- [4002  138]
947 -- [1310 3664]
948 -- [ 136 3043]
950 -- [1037 2421]
953 -- [ 140 4145]
954 -- [3657 1302]
956 -- [3849 1080]
959 -- [1077 4583]
960 -- [3118  268]
962 -- [2102  336]
963 -- [2190  426]
964 -- [4557  533]
965 -- [1023 3956]
966 -- [1770 4018]
968 -- [2342 1243]
969 -- [ 148 3064]
971 -- [ 466 2362]
973 -- [1421 2837]
974 -- [2309  636]
975 -- [1933  858]
976 -- [1408 2259]
977 -- [1177 2680]
978 -- [ 188 2722]
980 -- [ 838 2930]
981 -- [4562 1559]
983 -- [1695 3787]
985 -- [4594 1502]
986 -- [ 965 3052]
987 -- [3886  998]
990 -- [4143 1453]
992 -- [1435 4357]
993 -- [1352 4327]
995 -- [1311 2984]
999 -- [ 174 2713]
1000 -- [2876  542]
1001 -- [ 453 2472]
1003 -- [ 892 4548]
1004 -- [ 335 3827]
1005 -- [ 352 3133]
1006 -- [2276  909]
1007 -- [3029  557]
1008 -- [1460 2805]
1011 -- [1432 2837]
1013 -- [1865  481]
1015 -- [1460 3099]
1016 -- [2868  328]
1019 -- [1030 3665]
1020 -- [1041 3068]
1022 -- [  78 1929]
1027 -- [2718  515]
1028 -- [1048 4254]
1030 -- [1735 2561]
1032 -- [4259 1149]
1034 -- [ 378 3402]
1035 -- [1840  704]
1036 -- [4499  189]
1037 -- [1562 2757]
1038 -- [ 868 4241]
1039 -- [2156  247]
1040 -- [2137  228]
1041 -- [ 134 2275]
1042 -- [4370 1381]
1043 -- [  33 2551]
1044 -- [4321 1028]
1045 -- [3276  567]
1046 -- [1404 4201]
1047 -- [ 731 1834]
1048 -- [2687  312]
1049 -- [3345 1465]
1053 -- [2102 1354]
1055 -- [4588 1708]
1057 -- [1631 2625]
1059 -- [1321 1920]
1060 -- [ 545 3213]
1063 -- [2076  760]
1064 -- [ 300 3779]
1066 -- [1623 3876]
1067 -- [3631 1488]
1068 -- [1497 3389]
1070 -- [1218 4424]
1072 -- [ 889 2263]
1074 -- [3202  792]
1075 -- [1695 3538]
1077 -- [1493 3197]
1078 -- [ 401 4242]
1079 -- [1569 2491]
1080 -- [ 166 3024]
1082 -- [3319 1767]
1083 -- [ 744 3404]
1084 -- [4467  519]
1085 -- [1636 4092]
1086 -- [4348 1723]
1087 -- [1045 3239]
1088 -- [ 183 1951]
1092 -- [4329  770]
1093 -- [3140 1671]
1096 -- [1550 3904]
1098 -- [ 827 4169]
1099 -- [2434   94]
1103 -- [ 852 3879]
1105 -- [ 464 4476]
1106 -- [ 338 4352]
1107 -- [ 899 2732]
1108 -- [3876  338]
1109 -- [3515  734]
1111 -- [   3 2667]
1116 -- [3850  148]
1118 -- [3875 1461]
1119 -- [ 464 2817]
1120 -- [3421 1792]
1121 -- [ 912 1962]
1122 -- [1855  605]
1124 -- [ 179 2162]
1125 -- [ 506 3951]
1126 -- [1799 2130]
1127 -- [1082 1852]
1128 -- [4597  452]
1129 -- [2198  352]
1130 -- [3662 1478]
1132 -- [ 381 4555]
1135 -- [3644  640]
1136 -- [ 226 2829]
1138 -- [ 432 4531]
1139 -- [2885 1712]
1141 -- [3598  223]
1144 -- [3578 1301]
1145 -- [3094  829]
1147 -- [1615 3889]
1149 -- [ 674 2907]
1151 -- [2304  572]
1152 -- [2943   15]
1153 -- [1011 2299]
1154 -- [2965 1804]
1156 -- [2629 1386]
1159 -- [ 615 3997]
1161 -- [1336 2807]
1162 -- [2679   20]
1163 -- [3674 1233]
1165 -- [2582  541]
1166 -- [2644  172]
1174 -- [2476 1188]
1175 -- [2862  841]
1176 -- [3026 1443]
1180 -- [ 542 2287]
1183 -- [ 875 2786]
1184 -- [2187  994]
1185 -- [ 335 3042]
1186 -- [2810  774]
1188 -- [4070  443]
1189 -- [1053 3951]
1190 -- [1801 3769]
1191 -- [1291 2769]
1192 -- [3740  715]
1193 -- [1796 1985]
1194 -- [3819 1655]
1197 -- [1602 2900]
1198 -- [ 965 2982]
1199 -- [2883  177]
1200 -- [1412 3744]
1201 -- [ 655 4184]
1202 -- [ 320 2864]
1204 -- [2027  475]
1205 -- [ 867 2935]
1211 -- [2179   79]
1213 -- [ 745 2900]
1215 -- [2830  128]
1216 -- [  15 2687]
1217 -- [3061 1736]
1218 -- [1296 2069]
1219 -- [ 546 4532]
1220 -- [4454  484]
1221 -- [1624 2073]
1222 -- [4053  224]
1223 -- [2017    4]
1224 -- [1411 2502]
1225 -- [4383    0]
1229 -- [1368 2797]
1230 -- [1863 1274]
1231 -- [1766 2404]
1232 -- [  14 2870]
1234 -- [ 490 2586]
1237 -- [4256  655]
1238 -- [ 522 3300]
1239 -- [2219  700]
1242 -- [3267 1506]
1244 -- [3043  445]
1249 -- [4157   71]
1250 -- [ 391 3074]
1251 -- [1839  225]
1252 -- [2854 1389]
1253 -- [2168  177]
1254 -- [ 874 4176]
1255 -- [1624 2001]
1258 -- [1319 3393]
1259 -- [1490 2728]
1260 -- [2296  383]
1262 -- [ 353 4253]
1263 -- [ 273 4335]
1264 -- [ 641 2725]
1265 -- [4400 1739]
1267 -- [2270 1565]
1268 -- [3587 1809]
1269 -- [ 211 2238]
1270 -- [1016 3843]
1271 -- [2185  264]
1272 -- [ 794 4375]
1273 -- [3407  985]
1276 -- [3239  236]
1277 -- [  50 3067]
1278 -- [2305  462]
1282 -- [3972 1597]
1283 -- [2868  640]
1284 -- [1982  978]
1285 -- [ 226 2452]
1286 -- [  28 3066]
1288 -- [  67 3618]
1290 -- [1665 3881]
1293 -- [ 520 4051]
1296 -- [3678 1429]
1300 -- [ 166 2622]
1301 -- [3780  803]
1302 -- [2672   57]
1304 -- [ 354 1889]
1306 -- [3601  313]
1307 -- [1044 2745]
1308 -- [ 150 2141]
1309 -- [ 324 4248]
1310 -- [2868 1650]
1312 -- [3315 1107]
1313 -- [2535  215]
1314 -- [ 751 3642]
1316 -- [ 295 2132]
1317 -- [2298  195]
1319 -- [1382 3621]
1320 -- [2474  351]
1323 -- [2550 1028]
1325 -- [3074  352]
1326 -- [3133 1781]
1327 -- [3992 1650]
1328 -- [ 844 4327]
1331 -- [ 284 3692]
1332 -- [3778  102]
1333 -- [ 432 4300]
1334 -- [2735  853]
1335 -- [ 958 3393]
1336 -- [ 745 3129]
1337 -- [ 834 2099]
1338 -- [2639  903]
1339 -- [4458  891]
1340 -- [ 751 2706]
1341 -- [2574 1194]
1342 -- [1273 2506]
1343 -- [4117 1439]
1344 -- [3038  921]
1346 -- [1371 2068]
1347 -- [ 620 4398]
1349 -- [ 135 3523]
1350 -- [3603  666]
1351 -- [ 195 3578]
1352 -- [3067  824]
1353 -- [ 100 3855]
1354 -- [3158 1249]
1355 -- [2608  336]
1356 -- [2030 1201]
1361 -- [4594  139]
1362 -- [4372  625]
1364 -- [1694 3445]
1366 -- [2541 1262]
1367 -- [1039 4091]
1368 -- [ 429 2569]
1369 -- [2064 1646]
1370 -- [1908  244]
1371 -- [2052  472]
1372 -- [1100 3626]
1373 -- [2199 1371]
1374 -- [3244 1302]
1375 -- [3918  436]
1377 -- [1479 2214]
1379 -- [4221 1012]
1382 -- [  20 2525]
1384 -- [3628 1033]
1386 -- [2437  415]
1389 -- [ 320 3576]
1391 -- [2780  676]
1396 -- [1398 2279]
1397 -- [4133 1392]
1400 -- [1287 2964]
1401 -- [1071 2542]
1403 -- [2031  131]
1404 -- [1559 2150]
1407 -- [1916 1371]
1408 -- [ 444 2288]
1409 -- [3369 1489]
1410 -- [1479 4531]
1411 -- [1038 2443]
1412 -- [2597  777]
1413 -- [4303  305]
1414 -- [1145 3290]
1415 -- [1351 2928]
1417 -- [ 147 2060]
1418 -- [1352 4528]
1420 -- [1865  858]
1421 -- [3000 1112]
1422 -- [4445  648]
1424 -- [ 814 4039]
1425 -- [1746 3887]
1426 -- [2918 1224]
1428 -- [3908  982]
1429 -- [2812  704]
1431 -- [1669 3742]
1432 -- [ 177 2850]
1433 -- [4105  233]
1434 -- [2918   65]
1435 -- [1223 2157]
1436 -- [4046 1435]
1437 -- [ 521 3529]
1438 -- [2507 1711]
1441 -- [2196 1301]
1442 -- [3714  136]
1443 -- [1710 2499]
1444 -- [3306 1804]
1446 -- [1617 3574]
1447 -- [  80 3919]
1448 -- [2111  599]
1450 -- [2478 1319]
1452 -- [2686 1201]
1453 -- [2772 1372]
1457 -- [4135  337]
1460 -- [3816 1663]
1461 -- [3283  899]
1464 -- [1070 2459]
1466 -- [2213 1584]
1467 -- [4347 1774]
1471 -- [  18 2308]
1472 -- [ 460 4408]
1473 -- [2976 1429]
1474 -- [1869  228]
1475 -- [1951  705]
1478 -- [4543 1560]
1479 -- [2580  300]
1480 -- [1331 3505]
1481 -- [3908 1749]
1483 -- [3908  618]
1484 -- [ 601 2257]
1486 -- [3219 1623]
1487 -- [ 587 2033]
1490 -- [1715 3478]
1491 -- [4597 1091]
1492 -- [ 543 2804]
1493 -- [3143  739]
1494 -- [1917  145]
1495 -- [1084 2614]
1496 -- [4552  397]
1499 -- [3172 1708]
1501 -- [3539 1305]
1502 -- [3326 1598]
1505 -- [ 415 4324]
7 -time: 0.02109 -dim: (11172, 2)
8 -time: 0.00013 -dim: (7, 57)
9 -time: 3.94717 -dim: (1835400, 3)
10 -time: 5.34516 -dim: (1730141, 3)
11_12 -time: 0.18753 -dim: [110424, 2]
13 -time: 0.07358 -dim: (36808, 4)
14_15 -time: 0.03284 -dim: [798, 2]
16 -time: 0.00001 -dim: (0, 2)
17_18 -time: 0.37915 -dim: [73616, 3]
19 -time: 0.00008 -dim: (1, 1)
20 -time: 0.22232 -dim: (0, 4601)
21 -time: 0.00087 -dim: (1, 4601)
22 -time: 0.00004 -dim: (1508, 3)
23 -time: 0.00002 -dim: (1508, 3)
24 -time: 0.00003 -dim: (0, 5)
25 -time: 0.00004 -dim: (1712, 3)
26 -time: 0.00003 -dim: (1712, 3)
smtPr 22-26 -time: 0.00986 -dim: nan
slvr_header -time: 2.17160 -dim: nan
*solver* -time: 900.02776 -dim: nan
res_read -time: 0.05214 -dim: nan
-- SUM CL TIME: 10.21995          |  SUM other TIME: 902.25150          |  SUM TIME: 912.47145
