num branch_node: 7
num leaf_node: 8
num feature: 57
tree_depth: 3
num label: 2
nDC: 2432

***variables
a: 1 - 399 -> 399
s: 400 - 32606 -> 32207
z: 32607 - 69414 -> 36808
g: 69415 - 69430 -> 16
x: 69431 - 78632 -> 9202
ml: 78633 - 82289 -> 3657
cl: 82290 - 85533 -> 3244

variables***
[debug] --> CL ML ratio 2
the cl header --> p wcnf 85533 3819071 10146

timeout 900s ~/SAT_Project/loandra-master/loandra_static -pmreslin-cglim=30 -weight-strategy=1 -print-model -verbosity=1 ./solutions/spam_0.1_mc1.5_s2352_r2/phase_1_clauses_final >./solutions/spam_0.1_mc1.5_s2352_r2/phase_1_loandra_res

Start to read loandra res
*loandra status: SATISFIABLE
-ml sat and violated: 2467 | 1190  | total #ml: 3657 | -violated weight: 1190
8 -- [3278 1942]
10 -- [3271 3692]
13 -- [1687  568]
15 -- [1508 1032]
17 -- [2394 3638]
18 -- [1809  255]
19 -- [2089 2076]
29 -- [2703 2626]
40 -- [3301 4353]
49 -- [3542 2716]
50 -- [ 814 1654]
55 -- [2628 2793]
56 -- [3395 2633]
59 -- [842 867]
62 -- [4121 3505]
63 -- [2124 2621]
64 -- [2717 2728]
71 -- [4242 3175]
72 -- [3064 3685]
75 -- [1851 2663]
79 -- [645 685]
84 -- [3334 3996]
92 -- [2899 3166]
95 -- [3798 2479]
117 -- [3521 3433]
119 -- [736  54]
121 -- [1111  680]
125 -- [1585  551]
126 -- [1574 1581]
127 -- [2646 2332]
131 -- [2556 2561]
136 -- [4097 4430]
139 -- [ 929 1714]
140 -- [159 686]
144 -- [3761 2780]
147 -- [2484 3990]
153 -- [4028 4551]
154 -- [2415 2926]
156 -- [3108 2135]
158 -- [4399 3046]
164 -- [3458 3280]
170 -- [271 792]
176 -- [3633 2071]
177 -- [1760  233]
178 -- [3595 3850]
179 -- [3142 2447]
180 -- [1914 4536]
182 -- [1821 3568]
183 -- [2959 2119]
184 -- [  67 1748]
192 -- [ 371 1558]
195 -- [3872 4420]
196 -- [2154 2077]
199 -- [3916 2594]
210 -- [1505 1323]
211 -- [2244 2889]
213 -- [294 742]
214 -- [4218 3511]
216 -- [3402 2184]
217 -- [1776   26]
218 -- [3181 2228]
219 -- [1723  116]
221 -- [ 391 1704]
224 -- [2760 3701]
231 -- [1754  711]
233 -- [403  26]
241 -- [2909 3410]
242 -- [2961 2277]
249 -- [4467 4038]
250 -- [4033 4150]
254 -- [1985 3657]
258 -- [4383 2469]
259 -- [544 620]
262 -- [ 463 1168]
266 -- [2275 2314]
275 -- [2838 2416]
278 -- [2965 2110]
282 -- [3368 4112]
283 -- [2783 3596]
284 -- [2680 2838]
287 -- [2834 3748]
291 -- [4347 4099]
292 -- [2040 3939]
294 -- [1514  730]
295 -- [254 137]
300 -- [ 650 1559]
305 -- [1299 1224]
309 -- [1227 1292]
314 -- [2442 1954]
315 -- [1559 1561]
319 -- [2950 2538]
320 -- [2528 1872]
322 -- [2596 2413]
329 -- [3017 1940]
330 -- [1640 1578]
331 -- [2664 2232]
333 -- [1555 1727]
336 -- [873 588]
338 -- [4366 4021]
339 -- [2030 3767]
342 -- [1526    8]
346 -- [3731 3541]
347 -- [2171 3059]
349 -- [781 429]
351 -- [1048 1387]
353 -- [463 969]
354 -- [4565 2725]
361 -- [2212 3534]
363 -- [3268 3679]
364 -- [2581 3108]
366 -- [2978 2649]
368 -- [2927 2171]
369 -- [3526 3593]
370 -- [2189 3299]
372 -- [1970 2015]
374 -- [3187 4245]
381 -- [ 852 1421]
384 -- [1467 1735]
386 -- [1351  993]
391 -- [3071 4164]
392 -- [3699 3295]
393 -- [3291 1894]
395 -- [2144 2304]
396 -- [3208 3721]
399 -- [3530 3393]
406 -- [3293 4061]
408 -- [4195 2532]
411 -- [ 110 1608]
412 -- [3108 3191]
413 -- [4318 3552]
420 -- [1542  855]
423 -- [3014 4502]
428 -- [4525 2248]
433 -- [1138 1563]
436 -- [1213 1178]
437 -- [ 324 1759]
438 -- [2628 2020]
439 -- [1803 1721]
443 -- [4166 3280]
445 -- [1175 1307]
450 -- [ 423 1543]
455 -- [4348 4198]
460 -- [2833 2711]
464 -- [ 373 1594]
466 -- [3841 2689]
468 -- [ 412 1205]
469 -- [2735 3538]
470 -- [ 480 1178]
472 -- [3638 2740]
474 -- [2579 2774]
475 -- [2203 3673]
477 -- [2417 2852]
478 -- [4277 4545]
479 -- [1722  502]
482 -- [1623  178]
488 -- [3985 3206]
493 -- [4118 2403]
494 -- [3668 2015]
496 -- [2352 4355]
498 -- [4463 3986]
499 -- [4399 3100]
501 -- [3978 4315]
503 -- [3733 1927]
508 -- [2362 4235]
510 -- [3428 2963]
511 -- [3182 3508]
513 -- [1745 1685]
514 -- [1675 1513]
525 -- [852 543]
528 -- [ 206 1223]
530 -- [ 607 1802]
532 -- [1622  744]
533 -- [531 916]
535 -- [2532 2890]
537 -- [2342 4011]
538 -- [2016 4289]
540 -- [4222 2251]
541 -- [403 620]
552 -- [829 358]
556 -- [4441 3540]
557 -- [3943 2912]
561 -- [931 805]
568 -- [1642 1753]
575 -- [2897 3086]
578 -- [3623 3699]
579 -- [2177 1890]
580 -- [2840 4232]
583 -- [1425 1677]
584 -- [2627 4533]
586 -- [1668  683]
594 -- [3996 2183]
605 -- [1531 1404]
607 -- [3280 3905]
608 -- [4163 3358]
610 -- [2764 2809]
612 -- [2427 3416]
618 -- [1469 1284]
619 -- [3929 3822]
620 -- [3329 3233]
624 -- [241 781]
634 -- [1488 1005]
636 -- [2776 2442]
637 -- [4485 3067]
639 -- [ 833 1265]
641 -- [ 634 1687]
646 -- [3957 2613]
647 -- [2124 3523]
653 -- [2163 2588]
654 -- [ 245 1752]
663 -- [2548 3612]
667 -- [2341 2497]
668 -- [1154  935]
669 -- [3974 3235]
675 -- [1371 1436]
684 -- [2639 2182]
685 -- [699 271]
686 -- [1367  426]
688 -- [4398 4258]
690 -- [2920 3864]
692 -- [3765 4259]
694 -- [3198 3917]
696 -- [2412 2865]
697 -- [2631 4442]
699 -- [3452 1979]
701 -- [2267 3470]
704 -- [2133 3897]
705 -- [3499 3821]
706 -- [3310 3022]
711 -- [1599 1110]
717 -- [3765 3829]
718 -- [3418 2451]
724 -- [4265 2797]
732 -- [282 743]
733 -- [1789 1413]
735 -- [4336 1952]
736 -- [4221 4054]
738 -- [3848 3405]
739 -- [2904 4296]
740 -- [1162 1515]
744 -- [4033 3589]
746 -- [4241 1846]
752 -- [1485 1187]
753 -- [2353 2809]
755 -- [4394 3125]
757 -- [3983 4026]
768 -- [595 674]
770 -- [ 703 1290]
771 -- [4489 2027]
775 -- [3441 2830]
776 -- [4163 4065]
780 -- [ 455 1435]
781 -- [2015 4105]
796 -- [2175 2318]
805 -- [2243 4028]
807 -- [4358 3026]
808 -- [2758 2751]
815 -- [4365 4318]
816 -- [1591 1219]
822 -- [3024 2317]
834 -- [1415 1512]
850 -- [3738 4346]
851 -- [2032 3160]
853 -- [1904 3191]
854 -- [2309 3907]
857 -- [4028 2405]
863 -- [3321 4255]
865 -- [1365 1783]
867 -- [4153 3170]
868 -- [2971 2818]
869 -- [4459 2718]
873 -- [1377 1062]
878 -- [2955 2991]
880 -- [2155 1927]
881 -- [3896 4044]
883 -- [2038 3213]
884 -- [2076 3531]
885 -- [3480 1834]
888 -- [3363 2314]
894 -- [3960 3505]
896 -- [1919 4534]
899 -- [ 16 644]
902 -- [3519 3160]
908 -- [2200 1936]
911 -- [3174 4502]
912 -- [3759 4391]
913 -- [3120 2552]
914 -- [1998 4139]
917 -- [4401 2394]
921 -- [4253 3277]
922 -- [4527 1854]
923 -- [2510 3012]
924 -- [1245  550]
928 -- [2740 2123]
929 -- [628 860]
930 -- [2830 2077]
931 -- [4169 4286]
932 -- [1658  168]
933 -- [184 628]
942 -- [1167  326]
945 -- [3575 2526]
949 -- [ 104 1549]
955 -- [146  21]
957 -- [2897 2349]
959 -- [2708 1860]
963 -- [1314  711]
965 -- [3160 3445]
968 -- [1412 1376]
970 -- [2540 2932]
973 -- [3959 4399]
974 -- [3814 3986]
975 -- [ 861 1655]
977 -- [2018 4305]
980 -- [1455 1254]
982 -- [4155 1850]
983 -- [2315 3405]
987 -- [1614  377]
989 -- [3294 3389]
991 -- [3941 2151]
993 -- [1511  540]
997 -- [3238 2314]
998 -- [1219 1476]
1001 -- [3267 2993]
1005 -- [2081 2778]
1006 -- [ 852 1682]
1007 -- [1199  768]
1009 -- [2442 2231]
1010 -- [102 396]
1017 -- [2580 4056]
1020 -- [3362 2237]
1022 -- [4252 4521]
1024 -- [2224 2524]
1028 -- [2954 4392]
1030 -- [4156 2790]
1036 -- [1305 1716]
1039 -- [2307 4241]
1041 -- [3929 4210]
1042 -- [2557 3164]
1045 -- [4470 3305]
1046 -- [2767 2119]
1049 -- [1292 1032]
1052 -- [3368 4326]
1054 -- [2186 2845]
1057 -- [ 325 1673]
1060 -- [2226 1895]
1066 -- [ 35 716]
1068 -- [3698 3863]
1070 -- [548  28]
1082 -- [3879 2392]
1083 -- [3440 3252]
1086 -- [3392 4134]
1087 -- [2431 3323]
1090 -- [1856 2155]
1091 -- [1182 1205]
1094 -- [1514  540]
1095 -- [1508  732]
1098 -- [2276 2218]
1102 -- [  87 1723]
1103 -- [2300 4339]
1105 -- [2369 2887]
1109 -- [3298 2400]
1111 -- [1130 1457]
1119 -- [2651 4281]
1126 -- [4104 2917]
1128 -- [4155 4369]
1129 -- [659 974]
1133 -- [3227 4233]
1134 -- [ 357 1289]
1135 -- [2884 4332]
1137 -- [2347 3180]
1138 -- [3897 2865]
1146 -- [1233  884]
1153 -- [1402 1236]
1155 -- [3501 2464]
1156 -- [620 859]
1157 -- [2829 3800]
1158 -- [2868 1869]
1160 -- [2794 4266]
1161 -- [2367 3308]
1164 -- [2149 3549]
1167 -- [3906 3804]
1178 -- [200  36]
1179 -- [ 285 1147]
1184 -- [1531  639]
1186 -- [1721  576]
1187 -- [4236 4383]
1188 -- [2241 2304]
1189 -- [3825 2994]
1190 -- [3326 2659]
1194 -- [4528 2866]
1198 -- [2427 3559]
1199 -- [4231 2899]
1201 -- [ 53 478]
1203 -- [4190 4401]
1206 -- [2538 4478]
1207 -- [3214 4048]
1209 -- [2936 2468]
1210 -- [1911 3829]
1217 -- [2204 2323]
1218 -- [3022 3594]
1219 -- [4470 3146]
1225 -- [ 536 1383]
1226 -- [3966 3359]
1231 -- [3359 3263]
1233 -- [3671 2545]
1234 -- [3365 3904]
1236 -- [2443 4555]
1240 -- [3776 4402]
1244 -- [1677  115]
1245 -- [2085 2096]
1246 -- [1007 1233]
1248 -- [1451 1110]
1249 -- [198 916]
1252 -- [ 506 1756]
1254 -- [3024 2601]
1263 -- [128   7]
1264 -- [2882 2677]
1265 -- [3381 2084]
1266 -- [2029 2735]
1267 -- [1478  449]
1271 -- [1605 1645]
1274 -- [4370 2272]
1278 -- [482 179]
1280 -- [4295 1933]
1283 -- [187 207]
1284 -- [456 635]
1292 -- [2755 3071]
1298 -- [ 536 1243]
1300 -- [4202 3674]
1312 -- [3195 2502]
1313 -- [ 20 226]
1318 -- [1129 1457]
1320 -- [4319 3242]
1323 -- [4371 2713]
1325 -- [2611 3902]
1327 -- [3251 1940]
1328 -- [ 907 1109]
1334 -- [1003   78]
1335 -- [3761 2401]
1336 -- [4286 4275]
1340 -- [1773  897]
1344 -- [2634 4473]
1347 -- [199 826]
1360 -- [404 475]
1366 -- [1287  776]
1367 -- [436 746]
1378 -- [535 125]
1380 -- [ 317 1446]
1382 -- [2298 2849]
1383 -- [2561 3937]
1400 -- [1890 3280]
1406 -- [2829 4573]
1410 -- [3525 4054]
1418 -- [2054 3570]
1420 -- [1276  805]
1422 -- [2567 3557]
1423 -- [4408 2476]
1433 -- [3022 2670]
1434 -- [4370 3991]
1437 -- [1061 1120]
1443 -- [2219 2985]
1450 -- [ 217 1591]
1451 -- [2262 2010]
1452 -- [ 215 1453]
1454 -- [666 465]
1461 -- [ 591 1414]
1462 -- [1814 4050]
1465 -- [4111 4386]
1467 -- [2979 2271]
1468 -- [1155 1373]
1469 -- [329 297]
1471 -- [2988 2989]
1476 -- [2990 3888]
1478 -- [1050  351]
1480 -- [2132 4250]
1481 -- [500 519]
1490 -- [2934 4239]
1492 -- [2954 2626]
1493 -- [2615 2539]
1494 -- [578 640]
1495 -- [655 110]
1503 -- [3508 4597]
1504 -- [2299 2495]
1508 -- [3554 1937]
1514 -- [3535 2390]
1517 -- [4192 4502]
1519 -- [3040 2266]
1523 -- [3795 2831]
1524 -- [2710 2171]
1525 -- [2876 3400]
1527 -- [2555 2559]
1528 -- [1529  535]
1530 -- [4235 4377]
1532 -- [2763 3999]
1535 -- [970 645]
1539 -- [2436 4038]
1540 -- [3302 3883]
1541 -- [2679 4196]
1547 -- [1814 2581]
1549 -- [3353 4389]
1550 -- [1080  478]
1552 -- [3235 2443]
1557 -- [3669 3170]
1559 -- [4317 3525]
1561 -- [2462 2244]
1563 -- [294 301]
1567 -- [2921 2639]
1569 -- [2926 4297]
1570 -- [3883 3840]
1572 -- [3709 4218]
1574 -- [303 535]
1576 -- [1585 1202]
1580 -- [1885 4133]
1589 -- [2527 3105]
1594 -- [2579 3606]
1595 -- [3206 1966]
1599 -- [1811 1624]
1602 -- [2799 1872]
1609 -- [1245  106]
1615 -- [2891 3839]
1619 -- [2555 2378]
1622 -- [611 104]
1625 -- [2464 2326]
1631 -- [1966 2626]
1636 -- [4538 2834]
1637 -- [4431 4218]
1641 -- [4345 2530]
1642 -- [3342 2926]
1646 -- [3542 2743]
1648 -- [3508 3700]
1653 -- [4377 3372]
1659 -- [3506 4038]
1662 -- [1055 1691]
1663 -- [286  37]
1665 -- [ 145 1653]
1666 -- [ 32 323]
1667 -- [ 140 1784]
1668 -- [364 704]
1679 -- [477 879]
1681 -- [2802 3949]
1682 -- [2473 4021]
1691 -- [2481 3400]
1692 -- [3571 1961]
1693 -- [2598 2004]
1694 -- [2252 3036]
1702 -- [3857 3908]
1706 -- [421 844]
1709 -- [1946 2674]
1710 -- [476  88]
1713 -- [447 518]
1714 -- [3053 3711]
1716 -- [ 146 1702]
1728 -- [2868 3819]
1729 -- [4442 2753]
1733 -- [2527 2120]
1735 -- [3106 3986]
1739 -- [3916 2569]
1740 -- [2076 4078]
1741 -- [2788 2697]
1747 -- [2148 4030]
1749 -- [1143  582]
1750 -- [1363 1316]
1754 -- [2591 2833]
1761 -- [1044 1384]
1763 -- [3320 2480]
1766 -- [3372 3900]
1767 -- [3257 4336]
1770 -- [660 216]
1772 -- [3748 3568]
1775 -- [535 638]
1776 -- [1157 1322]
1779 -- [3776 3450]
1789 -- [2789 3729]
1802 -- [1158 1242]
1809 -- [2844 3888]
1814 -- [1133  440]
1815 -- [1113  105]
1819 -- [2429 3582]
1824 -- [1615  125]
1826 -- [4035 2736]
1828 -- [4158 2798]
1829 -- [422 701]
1830 -- [1853 2310]
1832 -- [3458 1981]
1839 -- [2121 2295]
1843 -- [35 50]
1844 -- [1144 1377]
1848 -- [2302 2438]
1851 -- [1228 1369]
1868 -- [2566 3138]
1870 -- [4397 3214]
1873 -- [3246 3187]
1874 -- [2062 2272]
1875 -- [3164 3637]
1881 -- [4151 2030]
1890 -- [2021 2744]
1894 -- [  82 1268]
1908 -- [ 124 1506]
1909 -- [2341 3778]
1911 -- [709  20]
1912 -- [4134 3847]
1913 -- [3646 4489]
1916 -- [461 386]
1918 -- [3038 2632]
1919 -- [1902 3036]
1922 -- [883 203]
1927 -- [ 867 1410]
1936 -- [2863 1847]
1938 -- [1462   18]
1939 -- [ 257 1561]
1940 -- [ 21 501]
1942 -- [2199 3962]
1944 -- [251 626]
1947 -- [2166 1963]
1953 -- [2021 2799]
1955 -- [ 693 1685]
1960 -- [4336 3333]
1965 -- [3089 3489]
1966 -- [1741 1335]
1969 -- [3480 4284]
1970 -- [1491 1788]
1971 -- [1355  860]
1975 -- [2780 4256]
1983 -- [3812 2085]
1986 -- [4258 3250]
1987 -- [ 129 1521]
1991 -- [1314  659]
1992 -- [3545 2388]
1993 -- [4210 3907]
1995 -- [3543 2069]
2005 -- [2587 3705]
2006 -- [3532 3750]
2007 -- [2843 3514]
2008 -- [ 146 1361]
2009 -- [2153 3776]
2011 -- [3795 2580]
2015 -- [2897 2795]
2020 -- [2054 2173]
2023 -- [2127 4249]
2025 -- [1886 2511]
2029 -- [4240 3780]
2037 -- [2467 4061]
2041 -- [2424 4218]
2045 -- [1225 1692]
2049 -- [1207  169]
2052 -- [2627 3524]
2053 -- [3358 3027]
2055 -- [3999 4008]
2057 -- [ 853 1360]
2059 -- [  50 1527]
2060 -- [ 294 1018]
2070 -- [1006 1749]
2072 -- [4561 4332]
2075 -- [2193 2548]
2078 -- [1623  884]
2079 -- [1330  734]
2081 -- [ 973 1175]
2082 -- [3202 3962]
2083 -- [612  30]
2084 -- [1700  903]
2086 -- [2051 4111]
2090 -- [2555 3405]
2098 -- [4240 2468]
2103 -- [ 255 1025]
2105 -- [977 282]
2107 -- [567 776]
2108 -- [3345 3312]
2109 -- [ 257 1722]
2110 -- [2986 3742]
2111 -- [3557 2635]
2113 -- [1162  413]
2118 -- [3458 4319]
2119 -- [4149 2809]
2123 -- [2717 4269]
2134 -- [4239 2701]
2135 -- [789 966]
2136 -- [2808 3890]
2138 -- [2470 3302]
2146 -- [1928 4092]
2149 -- [1658  332]
2154 -- [1081  475]
2156 -- [2321 2009]
2157 -- [  33 1348]
2158 -- [3160 4421]
2162 -- [2410 2278]
2164 -- [3686 2589]
2166 -- [470 869]
2169 -- [ 794 1299]
2171 -- [ 84 303]
2173 -- [3320 4210]
2174 -- [487   7]
2185 -- [ 111 1040]
2188 -- [2758 2072]
2192 -- [4256 4105]
2194 -- [3393 4344]
2197 -- [1333 1495]
2202 -- [1908 3313]
2206 -- [ 602 1436]
2208 -- [2798 4129]
2218 -- [3034 3986]
2222 -- [4391 3918]
2225 -- [2613 3043]
2226 -- [1073    7]
2227 -- [2584 4392]
2228 -- [4161 2026]
2229 -- [813 867]
2231 -- [ 285 1671]
2234 -- [1833 2990]
2238 -- [2548 2814]
2241 -- [ 357 1767]
2243 -- [3392 2852]
2245 -- [349   7]
2246 -- [3545 4462]
2255 -- [3502 2555]
2257 -- [111 551]
2258 -- [859 858]
2262 -- [2352 1971]
2265 -- [2208 3782]
2266 -- [4238 3743]
2268 -- [4493 3114]
2271 -- [2483 3453]
2274 -- [3286 2866]
2275 -- [1003 1343]
2280 -- [4096 3392]
2281 -- [3096 2047]
2286 -- [  71 1633]
2287 -- [3264 2283]
2288 -- [4182 2607]
2289 -- [2890 3308]
2290 -- [1561  452]
2294 -- [3692 3121]
2296 -- [777 463]
2298 -- [1961 2209]
2299 -- [3492 4315]
2301 -- [3698 3999]
2306 -- [1419  118]
2310 -- [2159 2347]
2311 -- [3435 3454]
2313 -- [1531 1406]
2314 -- [ 221 1531]
2316 -- [3643 3917]
2317 -- [4355 3407]
2319 -- [4214 4486]
2320 -- [1175  211]
2324 -- [ 12 844]
2330 -- [ 434 1293]
2335 -- [ 371 1189]
2336 -- [2117 3359]
2337 -- [4443 1835]
2338 -- [3040 4069]
2341 -- [3052 2573]
2342 -- [865 566]
2345 -- [2038 4102]
2346 -- [4115 3785]
2347 -- [3732 1855]
2348 -- [2838 3527]
2350 -- [3017 3028]
2351 -- [3657 2634]
2355 -- [3535 3992]
2360 -- [4507 2905]
2363 -- [3639 3379]
2365 -- [3232 2454]
2368 -- [2254 4279]
2371 -- [4323 3437]
2373 -- [2959 1856]
2374 -- [111 731]
2376 -- [3465 4357]
2381 -- [ 875 1493]
2383 -- [2154 4017]
2384 -- [3889 4446]
2389 -- [751 739]
2393 -- [1940 4393]
2396 -- [1721  845]
2399 -- [2312 2080]
2406 -- [2249 2434]
2414 -- [4129 2613]
2415 -- [3646 1872]
2418 -- [4380 2539]
2419 -- [3482 3754]
2425 -- [1370 1527]
2427 -- [2639 4125]
2428 -- [3872 4160]
2429 -- [1426   60]
2432 -- [2803 2394]
2434 -- [1960 2863]
2439 -- [2317 4383]
2442 -- [4222 2520]
2443 -- [1380  205]
2450 -- [3524 2413]
2452 -- [ 945 1603]
2453 -- [ 966 1803]
2456 -- [1514 1683]
2457 -- [4314 2779]
2462 -- [3303 3750]
2468 -- [1539 1530]
2469 -- [602 208]
2470 -- [4396 3866]
2471 -- [2857 2021]
2478 -- [4564 3162]
2481 -- [3510 4092]
2483 -- [2472 3917]
2487 -- [2968 4374]
2488 -- [2298 4600]
2495 -- [4212 3551]
2503 -- [1851 2584]
2505 -- [2497 4242]
2508 -- [4470 1859]
2513 -- [4470 3684]
2515 -- [2402 1925]
2516 -- [2683 2214]
2517 -- [1482 1646]
2520 -- [3461 2299]
2521 -- [1382   35]
2522 -- [3400 3453]
2530 -- [  14 1666]
2534 -- [3188 3114]
2535 -- [2332 4501]
2536 -- [3802 4189]
2537 -- [3867 1943]
2543 -- [609 444]
2544 -- [2361 3376]
2548 -- [3379 3808]
2554 -- [4255 1817]
2557 -- [3782 3992]
2558 -- [3501 2181]
2559 -- [3612 2882]
2560 -- [3818 3946]
2565 -- [2863 1999]
2567 -- [1068  408]
2568 -- [4332 3795]
2570 -- [381 661]
2571 -- [314 858]
2572 -- [3986 3034]
2575 -- [1162 1744]
2586 -- [3259 2530]
2590 -- [2603 2486]
2595 -- [2834 1842]
2597 -- [3803 4280]
2598 -- [4165 4425]
2600 -- [2018 4443]
2608 -- [2758 4421]
2609 -- [2055 3071]
2614 -- [1915 3218]
2616 -- [2747 4174]
2617 -- [1710  345]
2621 -- [4214 4054]
2623 -- [2965 4253]
2627 -- [3896 3686]
2630 -- [2076 3139]
2635 -- [2753 2315]
2636 -- [3021 4487]
2637 -- [179 358]
2640 -- [1305  884]
2644 -- [2189 2004]
2645 -- [ 379 1335]
2649 -- [3942 3389]
2651 -- [1919 1816]
2661 -- [3240 3297]
2665 -- [3761 4287]
2668 -- [3866 1930]
2670 -- [4012 3661]
2680 -- [4041 3395]
2684 -- [3162 3405]
2688 -- [2370 4520]
2693 -- [2262 3806]
2696 -- [3694 2131]
2700 -- [3748 3518]
2708 -- [3138 3442]
2715 -- [ 53 889]
2722 -- [4439 3532]
2725 -- [2558 2387]
2727 -- [219   4]
2728 -- [2382 4427]
2729 -- [1908 2428]
2735 -- [4577 4427]
2738 -- [3473 2613]
2739 -- [4477 4239]
2742 -- [4439 4465]
2747 -- [2767 3073]
2749 -- [2539 4559]
2750 -- [2238 1851]
2751 -- [3807 3556]
2752 -- [   4 1516]
2754 -- [2729 4099]
2755 -- [2440 3329]
2756 -- [1384 1496]
2757 -- [889 267]
2758 -- [ 103 1599]
2759 -- [ 156 1555]
2760 -- [  15 1233]
2761 -- [2315 3907]
2762 -- [2994 4531]
2763 -- [2341 2621]
2766 -- [1696  701]
2769 -- [3070 3293]
2774 -- [4218 3755]
2775 -- [4070 3681]
2776 -- [2716 4350]
2778 -- [ 335 1557]
2779 -- [2944 4139]
2784 -- [3531 3231]
2789 -- [3465 2021]
2790 -- [3974 2799]
2791 -- [2138 4258]
2792 -- [1104 1413]
2793 -- [3400 2859]
2794 -- [2950 2909]
2795 -- [4232 3886]
2796 -- [3616 2650]
2798 -- [3633 4222]
2802 -- [2715 4499]
2804 -- [1422  558]
2805 -- [1298 1308]
2812 -- [3407 3122]
2819 -- [2707 2603]
2832 -- [1286  736]
2837 -- [2226 4262]
2839 -- [1072 1247]
2840 -- [2228 2596]
2841 -- [3996 2067]
2846 -- [3768 2203]
2847 -- [ 780 1158]
2850 -- [617 384]
2858 -- [4466 4210]
2859 -- [3332 2442]
2861 -- [3916 4556]
2863 -- [ 143 1238]
2864 -- [ 321 1772]
2866 -- [4284 3916]
2875 -- [ 108 1088]
2876 -- [ 965 1107]
2879 -- [1787  518]
2882 -- [3436 2643]
2885 -- [296 747]
2886 -- [4188 2166]
2890 -- [ 544 1700]
2891 -- [3171 3909]
2893 -- [2524 3505]
2894 -- [ 793 1424]
2895 -- [1919 2553]
2904 -- [3949 3518]
2910 -- [4390 2300]
2912 -- [4408 2373]
2915 -- [4381 4454]
2919 -- [4559 4099]
2920 -- [958 975]
2921 -- [2568 4441]
2925 -- [4419 3919]
2928 -- [2584 3258]
2929 -- [2957 4271]
2931 -- [464 567]
2933 -- [ 981 1438]
2946 -- [3711 3425]
2949 -- [1503 1175]
2951 -- [3983 2915]
2952 -- [ 306 1740]
2954 -- [2991 2752]
2955 -- [4309 2831]
2966 -- [2008 2441]
2967 -- [4578 3888]
2969 -- [1567 1285]
2971 -- [2009 2330]
2973 -- [4558 2201]
2974 -- [1541 1512]
2976 -- [1606  355]
2978 -- [3022 3013]
2980 -- [3440 3851]
2982 -- [ 106 1385]
2983 -- [3761 4384]
2985 -- [1061 1447]
2992 -- [3775 2734]
2994 -- [2696 3457]
2995 -- [2642 1928]
3004 -- [2477 2386]
3006 -- [326 401]
3007 -- [ 899 1402]
3009 -- [4250 3476]
3012 -- [3312 3630]
3013 -- [1304  593]
3014 -- [2293 4393]
3015 -- [1816 3440]
3016 -- [1173  708]
3019 -- [ 319 1540]
3022 -- [1250  783]
3023 -- [4360 4093]
3029 -- [149 781]
3032 -- [2442 2594]
3035 -- [2544 4070]
3037 -- [3377 2116]
3042 -- [1203 1690]
3044 -- [4528 2004]
3046 -- [ 288 1614]
3051 -- [4336 2118]
3058 -- [4351 3313]
3059 -- [3044 3296]
3064 -- [2858 2988]
3068 -- [1511   54]
3069 -- [1837 3716]
3073 -- [1157  979]
3076 -- [3187 3588]
3087 -- [  78 1349]
3092 -- [2157 4336]
3094 -- [3822 4139]
3095 -- [3916 2811]
3096 -- [959 591]
3099 -- [2035 2420]
3111 -- [2131 2960]
3114 -- [1511 1319]
3115 -- [2783 2914]
3119 -- [3701 2979]
3127 -- [3187 1921]
3128 -- [4023 3278]
3133 -- [4496 3073]
3136 -- [2572 3937]
3137 -- [2224 3079]
3138 -- [2662 3299]
3144 -- [3026 3061]
3145 -- [1636  981]
3146 -- [2802 4047]
3147 -- [2539 3885]
3152 -- [3393 2654]
3153 -- [1331  503]
3154 -- [2281 2394]
3155 -- [532 306]
3156 -- [4105 2761]
3158 -- [2749 2944]
3159 -- [2124 3037]
3161 -- [2624 2443]
3170 -- [4586 2545]
3175 -- [ 694 1650]
3180 -- [2199 4175]
3181 -- [107 787]
3183 -- [4215 4281]
3186 -- [3032 4096]
3189 -- [3043 3025]
3191 -- [1588   84]
3197 -- [2558 1822]
3199 -- [2947 2149]
3207 -- [ 705 1191]
3211 -- [329 164]
3216 -- [1178 1101]
3223 -- [3254 4454]
3226 -- [4525 2933]
3233 -- [4424 2910]
3234 -- [2427 3561]
3239 -- [1584  575]
3241 -- [1241 1563]
3243 -- [2095 3889]
3244 -- [2656 3435]
3253 -- [3786 2297]
3255 -- [1341 1606]
3257 -- [3822 2153]
3258 -- [1364  295]
3259 -- [1872 3565]
3261 -- [1651 1234]
3262 -- [2062 3559]
3264 -- [2013 3903]
3266 -- [207 985]
3267 -- [2344 2797]
3268 -- [4128 3917]
3269 -- [3692 3269]
3274 -- [2715 4030]
3277 -- [536 818]
3283 -- [1418  145]
3284 -- [3025 3113]
3286 -- [139 916]
3289 -- [2905 2387]
3290 -- [4109 4133]
3292 -- [2741 2809]
3299 -- [  5 658]
3305 -- [488 456]
3307 -- [107 115]
3309 -- [1751  215]
3310 -- [3921 3187]
3313 -- [918 528]
3314 -- [1595 1110]
3316 -- [3145 2918]
3319 -- [4215 2417]
3321 -- [ 258 1519]
3325 -- [4525 3126]
3329 -- [4368 3900]
3330 -- [2445 3872]
3339 -- [3545 4082]
3343 -- [3451 2635]
3347 -- [3264 1888]
3348 -- [1801 1719]
3354 -- [4249 2745]
3360 -- [4249 3241]
3361 -- [3895 3435]
3369 -- [357 599]
3370 -- [2761 2520]
3373 -- [1533  267]
3378 -- [1233  220]
3380 -- [2539 3659]
3382 -- [ 695 1575]
3384 -- [3078 4038]
3390 -- [3963 1909]
3396 -- [1333 1358]
3401 -- [2990 3393]
3402 -- [3949 3279]
3404 -- [2560 4487]
3405 -- [4011 4054]
3411 -- [3886 2974]
3414 -- [2790 2684]
3415 -- [4221 1848]
3417 -- [4396 3341]
3419 -- [1468  331]
3420 -- [3018 3845]
3423 -- [1502 1457]
3424 -- [3870 4190]
3426 -- [1983 2252]
3427 -- [2250 3710]
3432 -- [ 930 1173]
3434 -- [1979 2979]
3435 -- [3692 1895]
3436 -- [3094 3862]
3440 -- [1044 1463]
3441 -- [3400 3431]
3446 -- [4146 2249]
3448 -- [2441 4239]
3452 -- [2993 3571]
3454 -- [  38 1126]
3456 -- [1879 1853]
3461 -- [1027  408]
3463 -- [2056 4239]
3466 -- [2548 3923]
3473 -- [3481 2232]
3478 -- [2920 2587]
3481 -- [3810 4281]
3483 -- [2339 2956]
3485 -- [4164 2555]
3487 -- [4306 3749]
3488 -- [ 127 1256]
3492 -- [4316 2798]
3495 -- [ 348 1554]
3500 -- [4307 4350]
3505 -- [1918 3554]
3509 -- [3664 4480]
3512 -- [929 823]
3513 -- [1227  106]
3515 -- [4160 3301]
3517 -- [3146 4133]
3518 -- [4441 3613]
3519 -- [1733  527]
3521 -- [4358 1833]
3522 -- [ 495 1319]
3526 -- [1879 4439]
3528 -- [2419 2459]
3538 -- [254 457]
3541 -- [1575  809]
3543 -- [2858 3402]
3544 -- [4230 4258]
3554 -- [526 906]
3555 -- [3253 3407]
3556 -- [1910 2226]
3563 -- [2293 4567]
3565 -- [2616 2002]
3569 -- [3373 2277]
3572 -- [3798 3694]
3576 -- [2366 2866]
3579 -- [3344 4253]
3580 -- [2739 4222]
3581 -- [ 28 179]
3585 -- [2927 2120]
3587 -- [1865 3281]
3592 -- [4234 3055]
3593 -- [3749 2351]
3597 -- [2974 2855]
3598 -- [4289 1993]
3605 -- [2219 4404]
3607 -- [4278 2792]
3609 -- [748 602]
3610 -- [754 166]
3614 -- [2325 4362]
3615 -- [ 285 1300]
3617 -- [ 740 1470]
3628 -- [1823 1992]
3630 -- [2980 4076]
3631 -- [4587 2657]
3632 -- [3037 2149]
3635 -- [2736 2872]
3637 -- [3084 2394]
3638 -- [867 552]
3639 -- [591 850]
3642 -- [3999 2415]
3643 -- [ 433 1707]
3647 -- [4270 3372]
3648 -- [4576 3379]
3649 -- [1088 1287]
3653 -- [4084 2511]
3654 -- [2793 2994]
-cl sat and violated: 2103 | 1141  | total #cl: 3244 | -violated weight: 2282
2 -- [1687 3645]
4 -- [ 676 4005]
5 -- [2991  819]
9 -- [2161 1323]
11 -- [2249  616]
15 -- [2674 1498]
16 -- [3518 1363]
21 -- [2661  850]
25 -- [3663  593]
33 -- [4047 1753]
44 -- [1050 2643]
45 -- [ 351 2571]
47 -- [3631 1201]
48 -- [1267 2860]
49 -- [1126 3589]
50 -- [ 591 3924]
53 -- [2103  853]
56 -- [1587 2689]
65 -- [3996 1592]
71 -- [2147  588]
73 -- [1617 4457]
74 -- [4419  962]
77 -- [1903  529]
80 -- [4510 1201]
83 -- [2049 1039]
93 -- [1711 4374]
98 -- [2703 1645]
103 -- [4540 1623]
105 -- [4279  376]
106 -- [3309 1311]
110 -- [2083 1161]
113 -- [2931 1790]
115 -- [3514  794]
116 -- [2036  679]
117 -- [ 263 3535]
118 -- [2016 1646]
119 -- [4056 1709]
121 -- [ 354 4450]
123 -- [ 748 1950]
124 -- [1525 2921]
130 -- [ 239 2499]
131 -- [2889  599]
134 -- [1855  492]
140 -- [3906 1548]
142 -- [2643 1544]
149 -- [2194 1711]
153 -- [ 592 3225]
154 -- [1207 2739]
156 -- [4576 1517]
160 -- [3774 1220]
161 -- [1000 2085]
162 -- [1348 3248]
163 -- [3426  256]
165 -- [ 443 2415]
166 -- [3451 1279]
167 -- [2018  206]
172 -- [1197 2994]
175 -- [  31 3192]
176 -- [ 948 2381]
180 -- [1462 1819]
183 -- [ 384 2260]
187 -- [ 408 3523]
189 -- [2651  500]
197 -- [ 550 2975]
199 -- [1624 3577]
200 -- [ 644 4565]
202 -- [1115 2313]
204 -- [4012 1780]
206 -- [ 868 3292]
207 -- [2224 1017]
210 -- [1887 1700]
211 -- [1925  675]
221 -- [1462 2159]
222 -- [ 386 3433]
225 -- [4093  802]
226 -- [3776 1534]
227 -- [1723 3319]
228 -- [1440 4430]
229 -- [ 282 2315]
233 -- [ 469 2327]
236 -- [1485 3015]
239 -- [ 675 2374]
244 -- [3184  187]
245 -- [3052  391]
246 -- [2028 1109]
253 -- [2062 1161]
255 -- [2734  381]
259 -- [4426 1485]
265 -- [1332 2063]
278 -- [4070 1255]
280 -- [3052  408]
281 -- [1983  898]
282 -- [3892  216]
287 -- [ 852 2109]
295 -- [1506 4225]
296 -- [ 401 2580]
297 -- [ 839 4372]
301 -- [3597  860]
302 -- [ 923 3409]
305 -- [3588  509]
312 -- [3031  360]
317 -- [1713 3968]
319 -- [3136  893]
322 -- [ 180 3526]
323 -- [3499  773]
324 -- [4361 1256]
328 -- [ 475 3732]
334 -- [3138  547]
342 -- [4512 1648]
343 -- [1206 2831]
345 -- [ 589 3326]
348 -- [1649 4596]
349 -- [ 676 3387]
350 -- [ 926 3018]
351 -- [2809 1772]
355 -- [1136 4323]
357 -- [1514 3133]
358 -- [2948  974]
364 -- [3847 1241]
365 -- [3164 1746]
367 -- [1361 4548]
370 -- [1326 2417]
372 -- [2512 1484]
373 -- [4004  807]
374 -- [1999  250]
378 -- [3526  161]
379 -- [3691  815]
380 -- [2226  288]
381 -- [ 668 1855]
382 -- [3442  669]
389 -- [3615  916]
392 -- [1025 3888]
393 -- [1323 2595]
396 -- [  41 3829]
397 -- [2166 1185]
398 -- [4323 1409]
401 -- [2790   47]
402 -- [3583 1711]
405 -- [1717 2441]
407 -- [3588 1689]
414 -- [4167  571]
415 -- [3452  163]
420 -- [2900  433]
422 -- [ 255 2041]
429 -- [4434  151]
430 -- [3805 1614]
433 -- [ 579 3775]
434 -- [ 462 1813]
435 -- [ 242 2459]
436 -- [ 770 4471]
437 -- [ 478 4550]
439 -- [ 773 3061]
442 -- [3272  408]
445 -- [1604 3548]
446 -- [1942 1096]
452 -- [4011  841]
455 -- [4005 1373]
456 -- [3729  301]
457 -- [3240 1296]
458 -- [4205  985]
459 -- [1373 3389]
462 -- [1433 4292]
467 -- [3393  824]
468 -- [ 295 3890]
469 -- [2061 1323]
471 -- [2214  332]
477 -- [2763 1640]
479 -- [3036  231]
481 -- [2516   66]
482 -- [1785 2532]
483 -- [3822 1276]
494 -- [1351 4511]
495 -- [3201  674]
497 -- [1518 3731]
498 -- [3234  619]
500 -- [4496  535]
504 -- [ 423 2781]
505 -- [1318 3055]
506 -- [1931 1759]
507 -- [2603  784]
512 -- [2611 1108]
514 -- [4005 1008]
515 -- [4218 1775]
516 -- [1127 4532]
517 -- [3016  545]
519 -- [1181 4007]
522 -- [2170  736]
524 -- [2833  487]
525 -- [ 977 4220]
527 -- [3883  444]
528 -- [   0 2212]
532 -- [1585 3938]
539 -- [3535  617]
546 -- [ 270 2548]
548 -- [  81 3435]
549 -- [3162  778]
553 -- [3383   60]
554 -- [ 308 3429]
555 -- [4208 1205]
559 -- [2189 1506]
562 -- [ 330 3120]
563 -- [2035  769]
564 -- [ 585 2595]
573 -- [3070 1639]
577 -- [1422 2173]
580 -- [ 749 2538]
590 -- [2507 1567]
592 -- [ 286 1976]
594 -- [   5 3216]
595 -- [2555  934]
600 -- [4125  395]
601 -- [ 567 2921]
602 -- [2217 1110]
606 -- [ 964 2431]
611 -- [ 326 3152]
614 -- [  46 3164]
617 -- [3994  536]
620 -- [3713 1174]
621 -- [ 119 3426]
630 -- [2213  570]
631 -- [2815 1675]
636 -- [3028  817]
637 -- [ 192 2480]
638 -- [2417 1348]
639 -- [1582 3024]
640 -- [ 187 4390]
645 -- [3932 1096]
648 -- [2783  171]
654 -- [ 826 2673]
655 -- [1757 3872]
656 -- [1106 4454]
658 -- [1802 2981]
659 -- [2180 1470]
665 -- [ 485 4140]
667 -- [4550  661]
668 -- [1357 2259]
671 -- [2491  568]
673 -- [ 757 3776]
676 -- [1972 1663]
677 -- [1225 1828]
678 -- [3704  751]
679 -- [1705 4547]
680 -- [2026 1524]
681 -- [3345 1334]
682 -- [2083   72]
683 -- [ 454 2081]
684 -- [4057  216]
687 -- [1323 4562]
688 -- [3827  420]
693 -- [1422 3561]
700 -- [ 857 2833]
702 -- [3863  681]
706 -- [1542 2826]
710 -- [ 614 4133]
715 -- [ 334 2563]
720 -- [1109 3245]
722 -- [2012 1162]
725 -- [1606 2547]
733 -- [3056 1749]
736 -- [ 587 2309]
747 -- [ 455 2703]
753 -- [1076 2865]
765 -- [ 823 4306]
766 -- [ 107 3979]
770 -- [ 627 4245]
772 -- [1325 3908]
774 -- [3611 1424]
778 -- [3416  994]
779 -- [1422 4094]
780 -- [2299 1464]
784 -- [2693  122]
785 -- [2944 1515]
786 -- [2076  474]
789 -- [1171 2009]
795 -- [ 395 3754]
798 -- [2738  438]
799 -- [1248 3557]
801 -- [3126 1658]
802 -- [1538 4271]
803 -- [4111 1634]
805 -- [2171 1203]
808 -- [ 164 2049]
811 -- [3408 1281]
813 -- [3796  343]
818 -- [4027 1351]
819 -- [1478 1828]
820 -- [ 500 4407]
826 -- [ 281 4015]
829 -- [4152 1494]
835 -- [2835 1357]
837 -- [3984 1234]
843 -- [1708 2542]
845 -- [ 602 3502]
846 -- [ 461 4165]
847 -- [4280  570]
849 -- [ 286 1977]
852 -- [3032 1038]
853 -- [ 650 3710]
854 -- [1411 2416]
857 -- [3774 1730]
858 -- [4312  571]
860 -- [ 700 1940]
861 -- [3388  906]
864 -- [1676 1914]
866 -- [1533 3303]
867 -- [ 232 3554]
868 -- [  60 2284]
870 -- [1205 2787]
871 -- [2004  433]
873 -- [3761  235]
874 -- [ 471 3132]
877 -- [1206 3066]
878 -- [ 249 3235]
879 -- [ 986 2438]
881 -- [4551  867]
882 -- [ 269 4239]
884 -- [ 860 3618]
886 -- [4240 1716]
887 -- [2642  325]
888 -- [2500  533]
889 -- [1333 3332]
890 -- [  11 4439]
891 -- [3699  269]
892 -- [2942  159]
894 -- [1536 1969]
900 -- [1557 2669]
903 -- [2049 1565]
906 -- [ 782 4240]
908 -- [ 296 3765]
910 -- [1568 2131]
912 -- [ 484 3863]
913 -- [1223 1910]
914 -- [ 800 2783]
915 -- [ 544 1824]
917 -- [4235 1452]
918 -- [ 234 3996]
919 -- [1094 2603]
920 -- [1672 2443]
922 -- [1388 2947]
923 -- [ 440 2302]
929 -- [4470 1182]
931 -- [ 132 3554]
934 -- [  81 2926]
939 -- [ 701 3360]
942 -- [ 906 3213]
949 -- [ 735 2040]
951 -- [  98 3911]
952 -- [ 486 2496]
953 -- [ 140 4145]
955 -- [2536  567]
963 -- [2190  426]
964 -- [4557  533]
966 -- [1770 4018]
969 -- [ 148 3064]
970 -- [4163  569]
974 -- [2309  636]
975 -- [1933  858]
976 -- [1408 2259]
983 -- [1695 3787]
990 -- [4143 1453]
992 -- [1435 4357]
994 -- [1208 2196]
1003 -- [ 892 4548]
1004 -- [ 335 3827]
1006 -- [2276  909]
1009 -- [2580  706]
1013 -- [1865  481]
1016 -- [2868  328]
1021 -- [3309 1322]
1022 -- [  78 1929]
1024 -- [1315 2868]
1025 -- [2551  935]
1027 -- [2718  515]
1028 -- [1048 4254]
1029 -- [3485 1111]
1030 -- [1735 2561]
1034 -- [ 378 3402]
1036 -- [4499  189]
1041 -- [ 134 2275]
1042 -- [4370 1381]
1043 -- [  33 2551]
1045 -- [3276  567]
1048 -- [2687  312]
1054 -- [3452  637]
1056 -- [3518   54]
1060 -- [ 545 3213]
1063 -- [2076  760]
1066 -- [1623 3876]
1067 -- [3631 1488]
1068 -- [1497 3389]
1070 -- [1218 4424]
1071 -- [ 714 3268]
1072 -- [ 889 2263]
1073 -- [4553  918]
1074 -- [3202  792]
1075 -- [1695 3538]
1078 -- [ 401 4242]
1079 -- [1569 2491]
1083 -- [ 744 3404]
1085 -- [1636 4092]
1089 -- [3214  125]
1091 -- [ 888 2832]
1092 -- [4329  770]
1096 -- [1550 3904]
1098 -- [ 827 4169]
1101 -- [ 498 2490]
1103 -- [ 852 3879]
1110 -- [1611 4253]
1111 -- [   3 2667]
1113 -- [ 675 3177]
1114 -- [1168 3035]
1116 -- [3850  148]
1121 -- [ 912 1962]
1122 -- [1855  605]
1123 -- [ 835 2447]
1125 -- [ 506 3951]
1126 -- [1799 2130]
1130 -- [3662 1478]
1133 -- [1236 3067]
1136 -- [ 226 2829]
1145 -- [3094  829]
1146 -- [1592 2783]
1149 -- [ 674 2907]
1151 -- [2304  572]
1153 -- [1011 2299]
1160 -- [ 758 4250]
1161 -- [1336 2807]
1162 -- [2679   20]
1163 -- [3674 1233]
1172 -- [ 146 4387]
1176 -- [3026 1443]
1183 -- [ 875 2786]
1184 -- [2187  994]
1186 -- [2810  774]
1190 -- [1801 3769]
1193 -- [1796 1985]
1197 -- [1602 2900]
1200 -- [1412 3744]
1204 -- [2027  475]
1205 -- [ 867 2935]
1211 -- [2179   79]
1213 -- [ 745 2900]
1215 -- [2830  128]
1218 -- [1296 2069]
1220 -- [4454  484]
1221 -- [1624 2073]
1223 -- [2017    4]
1224 -- [1411 2502]
1225 -- [4383    0]
1227 -- [ 952 2579]
1229 -- [1368 2797]
1237 -- [4256  655]
1239 -- [2219  700]
1242 -- [3267 1506]
1245 -- [4140 1628]
1250 -- [ 391 3074]
1252 -- [2854 1389]
1254 -- [ 874 4176]
1255 -- [1624 2001]
1258 -- [1319 3393]
1262 -- [ 353 4253]
1263 -- [ 273 4335]
1264 -- [ 641 2725]
1266 -- [3224 1651]
1270 -- [1016 3843]
1274 -- [ 743 3275]
1277 -- [  50 3067]
1279 -- [1111 2104]
1282 -- [3972 1597]
1283 -- [2868  640]
1292 -- [1544 2613]
1294 -- [4098 1789]
1298 -- [3801  384]
1300 -- [ 166 2622]
1303 -- [1992  680]
1305 -- [3969 1490]
1307 -- [1044 2745]
1309 -- [ 324 4248]
1310 -- [2868 1650]
1311 -- [3064 1375]
1314 -- [ 751 3642]
1317 -- [2298  195]
1320 -- [2474  351]
1321 -- [ 907 2868]
1328 -- [ 844 4327]
1331 -- [ 284 3692]
1332 -- [3778  102]
1337 -- [ 834 2099]
1338 -- [2639  903]
1340 -- [ 751 2706]
1344 -- [3038  921]
1345 -- [2149  609]
1346 -- [1371 2068]
1347 -- [ 620 4398]
1350 -- [3603  666]
1352 -- [3067  824]
1360 -- [ 194 2838]
1362 -- [4372  625]
1365 -- [3749  289]
1369 -- [2064 1646]
1371 -- [2052  472]
1375 -- [3918  436]
1377 -- [1479 2214]
1379 -- [4221 1012]
1388 -- [2829  222]
1390 -- [4447  463]
1392 -- [1855  642]
1395 -- [4036 1685]
1397 -- [4133 1392]
1400 -- [1287 2964]
1401 -- [1071 2542]
1402 -- [3225  156]
1411 -- [1038 2443]
1413 -- [4303  305]
1415 -- [1351 2928]
1417 -- [ 147 2060]
1420 -- [1865  858]
1426 -- [2918 1224]
1427 -- [1668 4136]
1428 -- [3908  982]
1433 -- [4105  233]
1434 -- [2918   65]
1435 -- [1223 2157]
1438 -- [2507 1711]
1441 -- [2196 1301]
1445 -- [1753 2332]
1446 -- [1617 3574]
1460 -- [3816 1663]
1465 -- [4399  450]
1469 -- [3749  492]
1470 -- [2171  669]
1471 -- [  18 2308]
1475 -- [1951  705]
1479 -- [2580  300]
1482 -- [3018 1108]
1483 -- [3908  618]
1484 -- [ 601 2257]
1486 -- [3219 1623]
1489 -- [1466 1864]
1494 -- [1917  145]
1497 -- [1747 1854]
1500 -- [2574  843]
1501 -- [3539 1305]
1502 -- [3326 1598]
1509 -- [  78 2843]
1512 -- [1593 2779]
1514 -- [ 854 3798]
1516 -- [ 645 3921]
1517 -- [1503 2042]
1519 -- [ 262 2228]
1523 -- [3097 1623]
1524 -- [2661   90]
1526 -- [2062 1264]
1529 -- [ 694 2743]
1530 -- [1409 3706]
1534 -- [1244 2049]
1540 -- [1143 3453]
1546 -- [ 888 2806]
1550 -- [ 417 4450]
1551 -- [2050  583]
1552 -- [4334  659]
1553 -- [ 627 2608]
1554 -- [ 867 2244]
1555 -- [ 867 4582]
1557 -- [ 353 4012]
1560 -- [2191  166]
1562 -- [2511 1678]
1563 -- [3263 1334]
1564 -- [3061 1723]
1565 -- [2809  403]
1567 -- [1201 3712]
1571 -- [1557 3607]
1582 -- [ 945 2105]
1583 -- [3258  427]
1587 -- [2400 1088]
1591 -- [ 713 2788]
1594 -- [2621 1446]
1596 -- [2641  876]
1597 -- [ 466 2213]
1602 -- [4539 1576]
1606 -- [1854  402]
1609 -- [2900  947]
1610 -- [3660  471]
1618 -- [1178 2263]
1620 -- [ 884 4190]
1623 -- [4489   86]
1625 -- [3512  330]
1636 -- [3400 1024]
1643 -- [ 824 2196]
1644 -- [1579 2319]
1646 -- [4021  599]
1655 -- [4241  532]
1657 -- [ 867 3603]
1658 -- [1178 3812]
1660 -- [2822  770]
1667 -- [4323 1409]
1670 -- [1330 3388]
1671 -- [2828  795]
1678 -- [2244 1640]
1680 -- [3264 1282]
1686 -- [4233 1509]
1689 -- [2548  575]
1691 -- [2452  747]
1693 -- [ 766 2099]
1704 -- [3026 1704]
1705 -- [ 827 4248]
1707 -- [1205 4194]
1711 -- [3685  326]
1713 -- [ 202 2099]
1718 -- [1668 2954]
1719 -- [4499 1135]
1725 -- [  28 3053]
1726 -- [ 145 3860]
1728 -- [3070  220]
1732 -- [ 536 2893]
1735 -- [   7 4158]
1736 -- [3096  502]
1741 -- [1802 3449]
1742 -- [2215 1506]
1744 -- [ 629 2357]
1745 -- [1226 2120]
1748 -- [ 500 3163]
1755 -- [2306 1036]
1757 -- [ 466 3208]
1761 -- [ 811 4098]
1763 -- [2881 1468]
1766 -- [3618  770]
1767 -- [ 375 1822]
1770 -- [3336 1623]
1771 -- [1174 4518]
1784 -- [3993  946]
1785 -- [1333 2053]
1787 -- [ 408 2220]
1792 -- [1446 2488]
1795 -- [ 946 4377]
1801 -- [ 923 4465]
1804 -- [ 770 3653]
1806 -- [ 909 1833]
1810 -- [1493 3022]
1811 -- [  24 3702]
1813 -- [ 713 3160]
1817 -- [1950  839]
1831 -- [  95 3737]
1836 -- [2106   26]
1839 -- [2806  665]
1843 -- [1682 2899]
1850 -- [2081  157]
1853 -- [1724 3232]
1856 -- [  36 3099]
1857 -- [3876 1533]
1858 -- [1969  838]
1868 -- [1292 4422]
1870 -- [1254 2819]
1871 -- [1209 3789]
1872 -- [1542 3707]
1879 -- [ 375 2598]
1880 -- [1990 1484]
1882 -- [ 577 3315]
1884 -- [2431 1782]
1885 -- [ 354 3711]
1886 -- [2204  241]
1887 -- [ 805 2858]
1889 -- [ 807 3976]
1893 -- [2054 1087]
1894 -- [1848 1668]
1895 -- [2343 1717]
1896 -- [3765  613]
1905 -- [2882 1042]
1915 -- [2587  961]
1916 -- [4236  626]
1920 -- [ 537 2063]
1921 -- [4166 1753]
1922 -- [2309  866]
1934 -- [2548  764]
1935 -- [ 514 1872]
1936 -- [1062 3909]
1938 -- [2502  145]
1939 -- [3968  574]
1950 -- [1162 3648]
1955 -- [3548  337]
1958 -- [1531 2494]
1959 -- [2425 1226]
1961 -- [ 962 2740]
1962 -- [1646 3604]
1965 -- [2936 1041]
1967 -- [ 111 3614]
1968 -- [ 469 2563]
1970 -- [1874  110]
1976 -- [3121 1387]
1978 -- [2228  383]
1983 -- [4001  437]
1990 -- [3330    5]
1993 -- [2480 1676]
1994 -- [1311 3187]
1996 -- [ 750 3071]
2002 -- [3024  752]
2004 -- [4430  857]
2009 -- [2186  490]
2010 -- [1182 3798]
2012 -- [ 676 2121]
2015 -- [2545 1314]
2020 -- [2647  334]
2027 -- [3147 1336]
2028 -- [ 699 3552]
2031 -- [ 747 2910]
2032 -- [  35 2597]
2033 -- [1537 1992]
2044 -- [2038 1592]
2046 -- [ 822 3161]
2048 -- [ 440 3215]
2051 -- [2306  757]
2054 -- [2263 1205]
2058 -- [4242  175]
2059 -- [1905 1453]
2060 -- [1433 4475]
2061 -- [3520 1689]
2062 -- [ 298 2119]
2064 -- [1674 2010]
2065 -- [1212 4070]
2066 -- [  22 3303]
2072 -- [1717 4306]
2074 -- [  22 2416]
2075 -- [ 413 3208]
2078 -- [  59 3389]
2082 -- [3170  901]
2086 -- [1326 3326]
2090 -- [2241 1506]
2092 -- [4002  407]
2094 -- [ 723 4454]
2095 -- [1589 3867]
2098 -- [2736  113]
2099 -- [1177 3916]
2102 -- [1919  142]
2105 -- [2251 1438]
2112 -- [ 693 1939]
2114 -- [3514  194]
2115 -- [1519 3222]
2118 -- [ 500 2633]
2122 -- [2826  444]
2124 -- [3304  948]
2126 -- [ 987 2674]
2127 -- [1150 3326]
2145 -- [2882 1665]
2147 -- [ 946 3194]
2150 -- [4582  606]
2152 -- [2643  804]
2157 -- [ 151 3433]
2163 -- [3791  518]
2165 -- [1416 3374]
2169 -- [ 809 2738]
2170 -- [3943  765]
2171 -- [2119  191]
2174 -- [3298 1658]
2175 -- [ 868 3946]
2180 -- [2790  829]
2181 -- [ 111 3553]
2184 -- [1453 4270]
2186 -- [2626 1603]
2187 -- [3361  230]
2190 -- [4070 1048]
2191 -- [4529 1506]
2192 -- [3153 1323]
2196 -- [1665 2740]
2197 -- [1354 4280]
2199 -- [4498 1597]
2200 -- [  24 3591]
2201 -- [3158 1563]
2202 -- [ 283 2917]
2203 -- [1837 1184]
2204 -- [2136 1468]
2205 -- [3334  440]
2207 -- [2213  212]
2211 -- [4172  325]
2212 -- [3754  571]
2215 -- [ 596 3896]
2216 -- [1269 1927]
2217 -- [4461  187]
2221 -- [ 631 2459]
2223 -- [3696 1339]
2225 -- [ 427 1872]
2232 -- [1072 4031]
2233 -- [ 538 2797]
2234 -- [3387  242]
2237 -- [2958 1437]
2240 -- [ 103 4583]
2244 -- [ 357 2700]
2249 -- [4302  883]
2250 -- [ 221 3315]
2251 -- [1737 2792]
2255 -- [2586    3]
2256 -- [ 281 2057]
2258 -- [4368 1285]
2261 -- [ 420 2717]
2262 -- [1111 3561]
2264 -- [3545  523]
2267 -- [ 886 3850]
2268 -- [1645 4341]
2271 -- [4207  144]
2276 -- [3026  930]
2278 -- [1351 4570]
2281 -- [1117 4408]
2282 -- [ 929 4218]
2283 -- [2305  493]
2287 -- [1136 4541]
2288 -- [1351 3269]
2289 -- [4136 1484]
2290 -- [ 437 3815]
2291 -- [ 752 2429]
2292 -- [1623 3342]
2298 -- [3207  774]
2301 -- [ 982 2121]
2303 -- [ 476 2654]
2305 -- [2810   23]
2306 -- [1085 2076]
2311 -- [2052 1716]
2318 -- [ 281 3454]
2321 -- [ 682 2882]
2322 -- [ 620 2312]
2325 -- [1690 4549]
2327 -- [3159   31]
2330 -- [ 795 4366]
2336 -- [ 588 3502]
2337 -- [3992  738]
2340 -- [2695  620]
2341 -- [2388 1267]
2345 -- [1096 3420]
2346 -- [2197  846]
2349 -- [ 457 2854]
2350 -- [3870 1623]
2353 -- [2087 1149]
2356 -- [1675 2006]
2357 -- [ 339 2378]
2358 -- [ 392 4163]
2360 -- [1628 4238]
2374 -- [2384  256]
2375 -- [4190  427]
2379 -- [2442  284]
2385 -- [2257 1580]
2386 -- [ 663 3315]
2388 -- [ 255 3331]
2389 -- [1939  819]
2391 -- [3158  627]
2392 -- [1919 1798]
2396 -- [3988 1501]
2401 -- [2308  631]
2403 -- [1893 1615]
2405 -- [2686 1577]
2407 -- [2173   98]
2411 -- [1983  655]
2413 -- [4321 1617]
2429 -- [3682 1584]
2431 -- [3202 1570]
2433 -- [4106  166]
2434 -- [  58 3890]
2435 -- [4139 1252]
2437 -- [4235  699]
2438 -- [2447 1342]
2441 -- [1302 2018]
2443 -- [ 343 2400]
2446 -- [1996  870]
2449 -- [2010 1615]
2451 -- [1546 2309]
2452 -- [3076   79]
2453 -- [3065  901]
2459 -- [1631 4439]
2466 -- [ 424 2832]
2469 -- [ 244 3548]
2471 -- [ 147 2042]
2473 -- [1809 4089]
2476 -- [ 646 3302]
2477 -- [ 792 2835]
2478 -- [1875 1533]
2480 -- [4311  146]
2481 -- [4164 1654]
2482 -- [ 796 2783]
2485 -- [2461 1365]
2487 -- [1556 4273]
2492 -- [3495 1700]
2495 -- [2069  467]
2496 -- [2201 1188]
2498 -- [1044 2268]
2499 -- [3996 1534]
2500 -- [ 694 3574]
2504 -- [2060  399]
2505 -- [ 783 4047]
2508 -- [4454   12]
2510 -- [1007 3402]
2511 -- [4280 1318]
2513 -- [1624 3046]
2515 -- [3983  769]
2516 -- [2998 1092]
2517 -- [ 327 3916]
2523 -- [4235  973]
2532 -- [ 460 3197]
2535 -- [1798 3526]
2537 -- [3337 1764]
2539 -- [2163  307]
2540 -- [ 531 3160]
2541 -- [2326  550]
2547 -- [1021 3872]
2551 -- [1457 2858]
2552 -- [1703 2386]
2556 -- [2027  187]
2557 -- [2564 1438]
2560 -- [2963   17]
2561 -- [3483 1654]
2565 -- [ 592 2309]
2570 -- [3943   51]
2573 -- [2052  210]
2575 -- [3940  592]
2577 -- [1606 4364]
2581 -- [ 361 2131]
2585 -- [  28 2375]
2588 -- [ 845 1872]
2590 -- [3665  768]
2598 -- [1485 4031]
2600 -- [ 475 4287]
2609 -- [ 421 2133]
2614 -- [3820 1356]
2616 -- [ 343 2429]
2617 -- [3027 1170]
2618 -- [3969 1321]
2620 -- [2087 1313]
2625 -- [2284   79]
2626 -- [4375 1070]
2628 -- [2689  920]
2632 -- [1496 2787]
2640 -- [4012 1657]
2644 -- [1418 3040]
2645 -- [2580  439]
2654 -- [1517 3239]
2656 -- [3422 1223]
2661 -- [3968  327]
2663 -- [ 853 2317]
2666 -- [1752 2943]
2667 -- [4295  269]
2672 -- [1674 1960]
2673 -- [ 956 2386]
2680 -- [2626 1715]
2686 -- [1516 1814]
2688 -- [4418 1323]
2691 -- [2328   26]
2693 -- [3505  277]
2695 -- [2262 1571]
2696 -- [4381  324]
2697 -- [2468  537]
2698 -- [1110 4433]
2703 -- [4084 1110]
2706 -- [3508 1639]
2712 -- [1270 4197]
2713 -- [ 709 2080]
2714 -- [3981 1605]
2717 -- [ 560 2566]
2720 -- [1052 2255]
2722 -- [3449  509]
2723 -- [1143 4312]
2732 -- [ 482 4445]
2737 -- [ 946 4477]
2740 -- [4314  556]
2743 -- [3850  964]
2744 -- [ 786 4086]
2745 -- [2674  813]
2747 -- [ 938 3872]
2748 -- [ 253 2250]
2753 -- [4363  672]
2756 -- [1872  760]
2759 -- [2817  496]
2762 -- [ 469 3496]
2763 -- [2221 1677]
2766 -- [ 932 3872]
2768 -- [1888  260]
2773 -- [3804  906]
2776 -- [3765 1154]
2777 -- [2920 1388]
2778 -- [4395  166]
2781 -- [ 379 3821]
2782 -- [1871  437]
2783 -- [3648  111]
2785 -- [ 611 3073]
2788 -- [4592  588]
2790 -- [4564 1517]
2793 -- [3810  875]
2794 -- [  53 3279]
2797 -- [3368  741]
2801 -- [2760  210]
2806 -- [ 457 2705]
2809 -- [1748 4197]
2815 -- [1663 3403]
2816 -- [2726   46]
2820 -- [1484 3178]
2822 -- [1194 2214]
2829 -- [3123 1790]
2831 -- [2566  288]
2832 -- [ 945 3374]
2834 -- [2646  809]
2837 -- [1850 1041]
2839 -- [1468 3344]
2840 -- [1678 2250]
2841 -- [2993  148]
2845 -- [2178  933]
2849 -- [ 786 3521]
2852 -- [ 212 1983]
2854 -- [2682 1764]
2855 -- [4454  419]
2861 -- [2496   32]
2864 -- [1885  134]
2866 -- [4253 1505]
2870 -- [2371  103]
2872 -- [2857 1019]
2877 -- [2690 1496]
2879 -- [1556 2775]
2880 -- [2015  376]
2883 -- [3968  410]
2884 -- [3248 1310]
2890 -- [3952  478]
2892 -- [2213  178]
2893 -- [1496 3870]
2894 -- [2832  556]
2895 -- [2305  450]
2897 -- [1002 2219]
2901 -- [1109 2194]
2906 -- [1500 2293]
2907 -- [  58 4357]
2911 -- [ 429 3452]
2914 -- [2427  414]
2916 -- [2683 1063]
2918 -- [2705 1511]
2920 -- [3497 1362]
2925 -- [3441  581]
2927 -- [4469 1802]
2930 -- [ 468 2520]
2931 -- [ 977 4031]
2935 -- [4424 1337]
2936 -- [4370  173]
2938 -- [1633 3918]
2940 -- [2805  897]
2943 -- [2313  634]
2944 -- [2866 1045]
2945 -- [2148 1640]
2947 -- [3606  534]
2948 -- [1453 2036]
2952 -- [1501 2742]
2954 -- [2729   20]
2956 -- [3678 1457]
2959 -- [  98 2345]
2963 -- [1690 3178]
2965 -- [4546 1419]
2967 -- [2262 1112]
2971 -- [3055 1407]
2972 -- [3707 1585]
2973 -- [ 870 4046]
2979 -- [3901  743]
2981 -- [ 967 2865]
2983 -- [ 437 4411]
2984 -- [1640 3084]
2985 -- [4451  217]
2988 -- [2657 1354]
2989 -- [ 340 2262]
2991 -- [2998 1772]
2993 -- [1072 2534]
2996 -- [2646  642]
3004 -- [1139 3055]
3008 -- [ 414 3440]
3014 -- [ 563 4196]
3015 -- [1447 2402]
3016 -- [3671 1593]
3018 -- [4195 1175]
3019 -- [ 781 2823]
3025 -- [2259 1080]
3027 -- [2510  267]
3030 -- [ 983 3073]
3035 -- [1009 3505]
3043 -- [ 571 3964]
3048 -- [2350  614]
3050 -- [2183 1287]
3054 -- [ 227 3699]
3055 -- [3983  349]
3056 -- [3313  898]
3057 -- [  74 3510]
3060 -- [1714 2312]
3062 -- [ 589 2958]
3063 -- [2998 1154]
3069 -- [2009 1756]
3070 -- [ 498 3864]
3071 -- [3211  578]
3080 -- [2120  854]
3086 -- [ 886 4392]
3088 -- [1333 4178]
3091 -- [ 114 3170]
3094 -- [3271 1334]
3107 -- [3818  224]
3111 -- [2087  569]
3116 -- [ 491 3551]
3119 -- [ 875 3795]
3123 -- [3174 1567]
3124 -- [ 306 2395]
3127 -- [1982  688]
3131 -- [3962 1584]
3132 -- [3937  757]
3134 -- [  41 2571]
3135 -- [3825  306]
3139 -- [1410 4515]
3142 -- [1022 2756]
3150 -- [1233 4100]
3151 -- [3468 1478]
3152 -- [3653  823]
3153 -- [2328  619]
3156 -- [1334 2182]
3157 -- [1260 2306]
3160 -- [ 364 3345]
3161 -- [ 593 3960]
3163 -- [ 605 2015]
3165 -- [3400  417]
3168 -- [3563  705]
3169 -- [3478   36]
3171 -- [1566 3476]
3172 -- [1412 3310]
3175 -- [ 744 4197]
3182 -- [3995  255]
3185 -- [1589 2668]
3188 -- [ 786 2666]
3190 -- [3313  829]
3195 -- [ 476 3347]
3196 -- [3207  932]
3199 -- [1333 3794]
3200 -- [3686 1705]
3205 -- [ 994 3519]
3207 -- [1834 1579]
3212 -- [2181 1498]
3213 -- [2062  706]
3214 -- [ 985 3150]
3218 -- [3032  727]
3219 -- [ 899 3711]
3221 -- [ 891 1824]
3222 -- [3787 1623]
3224 -- [3410  460]
3225 -- [ 426 2045]
3226 -- [ 876 3057]
3229 -- [4011  283]
3236 -- [1495 2425]
3240 -- [ 671 1909]
7 -time: 0.02194 -dim: (11172, 2)
8 -time: 0.00014 -dim: (7, 57)
9 -time: 4.03304 -dim: (1835400, 3)
10 -time: 5.78927 -dim: (1730141, 3)
11_12 -time: 0.19752 -dim: [110424, 2]
13 -time: 0.07861 -dim: (36808, 4)
14_15 -time: 0.03542 -dim: [798, 2]
16 -time: 0.00002 -dim: (0, 2)
17_18 -time: 0.39890 -dim: [73616, 3]
19 -time: 0.00012 -dim: (1, 1)
20 -time: 0.24082 -dim: (0, 4601)
21 -time: 0.00084 -dim: (1, 4601)
22 -time: 0.00007 -dim: (3244, 3)
23 -time: 0.00004 -dim: (3244, 3)
24 -time: 0.00004 -dim: (0, 5)
25 -time: 0.00007 -dim: (3657, 3)
26 -time: 0.00005 -dim: (3657, 3)
smtPr 22-26 -time: 0.02224 -dim: nan
slvr_header -time: 1.95008 -dim: nan
*solver* -time: 900.09322 -dim: nan
res_read -time: 0.08088 -dim: nan
-- SUM CL TIME: 10.81915          |  SUM other TIME: 902.12418          |  SUM TIME: 912.94333
