num branch_node: 7
num leaf_node: 8
num feature: 57
tree_depth: 3
num label: 2
nDC: 2432

***variables
a: 1 - 399 -> 399
s: 400 - 32606 -> 32207
z: 32607 - 69414 -> 36808
g: 69415 - 69430 -> 16
x: 69431 - 78632 -> 9202
ml: 78633 - 83445 -> 4813
cl: 83446 - 87834 -> 4389

variables***
[debug] --> CL ML ratio 1
the cl header --> p wcnf 87834 3825974 9203

timeout 900s ~/SAT_Project/loandra-master/loandra_static -pmreslin-cglim=30 -weight-strategy=1 -print-model -verbosity=1 ./solutions/spam_0.1_mc2.0_s3556_r1/phase_1_clauses_final >./solutions/spam_0.1_mc2.0_s3556_r1/phase_1_loandra_res

Start to read loandra res
*loandra status: SATISFIABLE
-ml sat and violated: 3519 | 1294  | total #ml: 4813 | -violated weight: 1294
0 -- [3897 2250]
1 -- [462 409]
11 -- [2211 2621]
12 -- [3432 1933]
14 -- [1228 1650]
17 -- [421  15]
21 -- [360 859]
29 -- [2313 2523]
32 -- [3289 2229]
33 -- [ 185 1280]
35 -- [ 179 1541]
41 -- [ 240 1004]
46 -- [1682  619]
50 -- [308   6]
51 -- [2373 3510]
54 -- [2619 2985]
57 -- [2684 3707]
60 -- [1272  717]
61 -- [477 877]
62 -- [ 680 1579]
65 -- [1601 1736]
75 -- [2694 3354]
78 -- [2793 2949]
85 -- [ 790 1143]
87 -- [1785  293]
89 -- [1400 1775]
91 -- [ 90 452]
96 -- [1173  905]
103 -- [1244   97]
104 -- [2839 4159]
107 -- [ 137 1635]
110 -- [1833 1866]
111 -- [4238 2536]
112 -- [1215  226]
116 -- [4533 4574]
119 -- [1791  443]
121 -- [3470 3677]
125 -- [1690  229]
129 -- [ 940 1623]
134 -- [3340 3603]
137 -- [1144  535]
144 -- [2799 2121]
147 -- [ 175 1359]
152 -- [2225 2315]
156 -- [171 890]
158 -- [1969 3940]
161 -- [ 762 1778]
162 -- [2449 3372]
165 -- [2599 2441]
166 -- [1185 1171]
169 -- [4186 4492]
172 -- [3887 2465]
173 -- [3581 3508]
174 -- [ 193 1733]
181 -- [4201 3712]
188 -- [4047 2445]
195 -- [867 703]
196 -- [ 674 1707]
200 -- [697 381]
204 -- [1616  553]
210 -- [1266 1262]
212 -- [2339 3432]
219 -- [893 891]
220 -- [1691 1668]
228 -- [3480 3510]
236 -- [2290 3054]
238 -- [479 734]
239 -- [2848 4517]
243 -- [3338 2508]
245 -- [4370 2339]
246 -- [2304 4293]
247 -- [4273 2654]
251 -- [1203  673]
252 -- [3958 3552]
257 -- [3669 3152]
263 -- [1111 1579]
264 -- [4247 2446]
267 -- [3027 1866]
270 -- [1024  393]
273 -- [4279 1972]
275 -- [ 636 1269]
276 -- [1512  529]
282 -- [ 199 1463]
283 -- [2659 3859]
284 -- [3153 3064]
290 -- [1746  129]
308 -- [ 324 1754]
309 -- [3923 4078]
312 -- [3847 2752]
313 -- [3774 2685]
320 -- [1700  388]
323 -- [ 954 1272]
324 -- [299 382]
325 -- [ 461 1265]
330 -- [2941 1866]
333 -- [4333 4469]
337 -- [3916 4147]
343 -- [1579 1503]
344 -- [3923 4421]
347 -- [1775   63]
349 -- [117 839]
351 -- [145 398]
354 -- [1975 2573]
356 -- [4269 3633]
358 -- [4422 1871]
359 -- [4139 3851]
361 -- [4233 3451]
367 -- [4397 4437]
370 -- [2937 4066]
372 -- [2454 1975]
376 -- [334 921]
378 -- [1909 2835]
383 -- [2484 3338]
384 -- [ 262 1435]
389 -- [2561 4570]
390 -- [4212 2304]
396 -- [4540 4116]
401 -- [1545  288]
402 -- [1376   91]
406 -- [1380 1457]
407 -- [4333 3872]
418 -- [3243 3706]
422 -- [1710  887]
430 -- [1483 1248]
431 -- [1579 1582]
434 -- [3797 4496]
437 -- [ 672 1617]
439 -- [ 561 1341]
444 -- [   0 1621]
448 -- [ 614 1637]
450 -- [326 512]
452 -- [2488 2788]
454 -- [1296 1019]
462 -- [ 217 1416]
474 -- [812  64]
475 -- [3150 2689]
482 -- [1630   89]
487 -- [4222 3452]
488 -- [72 11]
490 -- [1155  185]
491 -- [1235 1656]
493 -- [702 906]
494 -- [ 230 1260]
495 -- [  32 1389]
503 -- [1500  901]
505 -- [1549 1287]
517 -- [3011 2655]
518 -- [3706 3501]
522 -- [4213 2666]
530 -- [1357 1274]
531 -- [3115 2675]
532 -- [1871 4207]
534 -- [2280 4482]
536 -- [3017 1885]
539 -- [1117   77]
541 -- [2308 3566]
543 -- [643 961]
547 -- [151 906]
548 -- [3847 3148]
554 -- [1694  702]
555 -- [4151 2196]
562 -- [ 845 1191]
568 -- [4483 2086]
571 -- [4334 4427]
572 -- [1891 4473]
579 -- [3945 4215]
584 -- [3578 4570]
589 -- [2222 2122]
593 -- [3764 2287]
606 -- [2483 3011]
608 -- [3509 2422]
609 -- [533 237]
610 -- [2886 4196]
612 -- [3505 2438]
616 -- [4139 3925]
622 -- [424 783]
623 -- [313 861]
639 -- [ 320 1717]
644 -- [3526 4482]
647 -- [3011 3043]
664 -- [3050 4118]
669 -- [3309 4342]
671 -- [641 386]
675 -- [3452 2785]
689 -- [3762 4275]
695 -- [ 448 1631]
697 -- [2274 2039]
698 -- [318  36]
700 -- [2857 4105]
704 -- [2401 4318]
707 -- [ 224 1154]
708 -- [ 118 1654]
709 -- [1255 1192]
710 -- [1216  534]
713 -- [4134 3786]
714 -- [ 974 1781]
715 -- [3152 2875]
716 -- [ 505 1719]
719 -- [2039 3412]
734 -- [2586 4452]
736 -- [3947 3950]
747 -- [2445 4162]
755 -- [ 598 1289]
757 -- [3812 4441]
761 -- [ 355 1336]
765 -- [2281 3571]
767 -- [2261 2140]
772 -- [568 547]
776 -- [1611  375]
778 -- [1973 4164]
779 -- [ 814 1374]
780 -- [1188  103]
783 -- [4384 4388]
787 -- [1073  355]
789 -- [1639 1041]
792 -- [563 627]
793 -- [3677 2074]
797 -- [3405 2326]
800 -- [ 803 1711]
802 -- [4338 4591]
803 -- [184 363]
810 -- [3069 2501]
819 -- [1340  430]
820 -- [2503 2320]
821 -- [1310  488]
825 -- [4245 3833]
828 -- [3245 2039]
830 -- [4547 2834]
839 -- [2115 3940]
840 -- [ 816 1408]
841 -- [ 529 1706]
844 -- [991 128]
848 -- [242 874]
859 -- [2296 1813]
860 -- [3965 2809]
862 -- [302 743]
872 -- [1451  265]
873 -- [2119 3833]
874 -- [622 746]
878 -- [ 362 1354]
879 -- [1787 1578]
886 -- [4162 1832]
888 -- [3898 4540]
890 -- [4341 4258]
893 -- [365 301]
895 -- [ 150 1385]
908 -- [4420 2294]
917 -- [2329 2511]
920 -- [1278 1755]
923 -- [2809 4420]
924 -- [100  18]
935 -- [ 185 1035]
943 -- [2736 4539]
945 -- [2446 2007]
948 -- [1503 1805]
949 -- [2118 2904]
952 -- [  94 1430]
953 -- [917 633]
955 -- [4374 3518]
957 -- [3551 4029]
958 -- [1074 1589]
961 -- [3333 3174]
967 -- [3797 2207]
972 -- [2100 2249]
989 -- [2431 4019]
992 -- [3923 2156]
995 -- [1117 1450]
1002 -- [717  67]
1007 -- [2014 2271]
1012 -- [3456 3064]
1013 -- [1554  322]
1021 -- [247 737]
1039 -- [3785 2287]
1040 -- [2826 2175]
1041 -- [2839 3732]
1047 -- [2002 3372]
1057 -- [274 104]
1061 -- [3108 2156]
1064 -- [1023  759]
1065 -- [268 116]
1083 -- [2869 3446]
1086 -- [1621  387]
1091 -- [4425 4564]
1093 -- [1723  823]
1097 -- [ 500 1699]
1101 -- [469 999]
1102 -- [4199 1853]
1103 -- [ 463 1544]
1108 -- [2979 4571]
1109 -- [488 903]
1110 -- [1476 1488]
1112 -- [2313 2323]
1116 -- [3763 4574]
1119 -- [2462 3368]
1120 -- [913 696]
1121 -- [ 165 1190]
1122 -- [408 450]
1125 -- [4437 2450]
1130 -- [301 153]
1142 -- [1261  483]
1146 -- [3340 3958]
1147 -- [1389 1229]
1153 -- [4291 2329]
1157 -- [1353 1525]
1167 -- [4195 2441]
1172 -- [3234 2095]
1180 -- [3121 4436]
1184 -- [2481 2839]
1185 -- [2119 2182]
1187 -- [527 941]
1190 -- [2261 1913]
1192 -- [2854 4540]
1194 -- [3914 2398]
1200 -- [1552 1064]
1206 -- [982 433]
1209 -- [2261 2113]
1215 -- [1833 3054]
1217 -- [1174  653]
1218 -- [2761 4540]
1223 -- [ 152 1760]
1224 -- [1179 1595]
1235 -- [3451 3976]
1236 -- [3983 3485]
1245 -- [ 24 472]
1246 -- [2334 4387]
1247 -- [2599 3291]
1250 -- [ 43 610]
1251 -- [1705 1373]
1255 -- [189 460]
1256 -- [2330 2834]
1257 -- [3686 3064]
1262 -- [2714 2974]
1263 -- [ 759 1113]
1274 -- [3947 2159]
1280 -- [175 110]
1281 -- [111 897]
1287 -- [2098 3897]
1290 -- [ 663 1154]
1297 -- [4195 4170]
1300 -- [1224 1354]
1311 -- [2874 4178]
1312 -- [4487 2023]
1313 -- [1261 1425]
1315 -- [2155 2834]
1328 -- [4061 4058]
1330 -- [3707 3308]
1337 -- [ 479 1679]
1340 -- [ 710 1726]
1344 -- [2234 3510]
1350 -- [408  58]
1351 -- [4434 3777]
1353 -- [1582  330]
1356 -- [ 954 1418]
1357 -- [2864 3693]
1359 -- [ 611 1345]
1362 -- [2324 2479]
1363 -- [2719 3776]
1369 -- [1029  705]
1391 -- [2650 3405]
1394 -- [1460   40]
1395 -- [108 132]
1396 -- [1152 1413]
1397 -- [3503 4196]
1404 -- [1772  848]
1412 -- [3372 3385]
1413 -- [2230 2114]
1422 -- [2679 4341]
1425 -- [1905 1959]
1427 -- [ 75 481]
1428 -- [1735  276]
1429 -- [2391 4311]
1430 -- [ 553 1336]
1431 -- [2054 3282]
1435 -- [699 487]
1436 -- [4434 3556]
1437 -- [1066 1313]
1445 -- [ 512 1804]
1462 -- [ 893 1763]
1468 -- [1226  404]
1471 -- [2956 2887]
1476 -- [4372 4560]
1477 -- [3776 4075]
1481 -- [1220 1788]
1495 -- [594 173]
1499 -- [3941 2249]
1501 -- [1495  538]
1505 -- [851 339]
1508 -- [1632 1186]
1516 -- [2956 2627]
1518 -- [1256  827]
1519 -- [4380 4285]
1522 -- [1674  129]
1523 -- [4126 4579]
1537 -- [ 534 1352]
1542 -- [3728 2874]
1555 -- [ 559 1407]
1557 -- [ 24 613]
1559 -- [ 330 1656]
1565 -- [2856 3641]
1574 -- [585 143]
1577 -- [4544 2370]
1579 -- [4147 3806]
1580 -- [1832 2222]
1581 -- [2358 2840]
1583 -- [1256  836]
1585 -- [1000  992]
1590 -- [3563 3209]
1593 -- [812 364]
1595 -- [2686 3056]
1599 -- [ 970 1127]
1604 -- [2545 3298]
1607 -- [3309 2852]
1613 -- [ 333 1076]
1618 -- [432 129]
1621 -- [748 771]
1622 -- [ 752 1711]
1624 -- [4571 4068]
1627 -- [ 236 1760]
1628 -- [ 46 688]
1630 -- [1732  664]
1635 -- [ 872 1801]
1637 -- [3505 2538]
1644 -- [2225 4055]
1647 -- [505 707]
1648 -- [  26 1067]
1650 -- [ 283 1440]
1652 -- [ 618 1718]
1653 -- [4458 2139]
1659 -- [3375 3625]
1662 -- [3075 3191]
1664 -- [4054 3954]
1674 -- [2771 3316]
1678 -- [3736 3951]
1686 -- [ 916 1439]
1688 -- [2665 2249]
1695 -- [1106 1675]
1697 -- [ 694 1093]
1701 -- [937 365]
1708 -- [715 294]
1713 -- [2619 3587]
1718 -- [2095 2334]
1723 -- [2094 2834]
1725 -- [1142  765]
1731 -- [294 199]
1732 -- [3494 2249]
1752 -- [ 175 1266]
1753 -- [3020 2432]
1754 -- [3495 4305]
1764 -- [ 558 1082]
1765 -- [ 700 1461]
1768 -- [1580    7]
1769 -- [1383 1156]
1775 -- [3595 3333]
1776 -- [ 105 1269]
1778 -- [1024  302]
1784 -- [3914 4003]
1786 -- [ 904 1710]
1791 -- [2245 2956]
1794 -- [3544 3750]
1795 -- [ 186 1478]
1800 -- [2041 3044]
1802 -- [1720  323]
1805 -- [4245 2110]
1807 -- [893 153]
1808 -- [ 419 1261]
1814 -- [2465 3564]
1818 -- [3996 4166]
1819 -- [1775 1742]
1821 -- [ 759 1076]
1825 -- [4269 3260]
1838 -- [3361 4201]
1841 -- [3889 3539]
1845 -- [1550 1139]
1846 -- [1743   10]
1847 -- [ 226 1269]
1850 -- [4434 3133]
1851 -- [3847 3608]
1858 -- [1195 1283]
1864 -- [3553 4427]
1866 -- [1215 1465]
1869 -- [2488 4316]
1870 -- [4406 2755]
1876 -- [1768 1511]
1885 -- [1306  525]
1888 -- [1532 1258]
1891 -- [2634 3420]
1895 -- [2353 4166]
1898 -- [  15 1690]
1904 -- [2999 4302]
1908 -- [2488 2323]
1912 -- [3182 3164]
1922 -- [1559  951]
1924 -- [3444 4588]
1930 -- [2329 2201]
1932 -- [842 906]
1933 -- [735  36]
1934 -- [788 302]
1936 -- [488   5]
1938 -- [1220  797]
1943 -- [2997 3022]
1946 -- [3707 3180]
1949 -- [ 74 783]
1960 -- [ 24 914]
1961 -- [2337 2306]
1962 -- [2834 2171]
1963 -- [147  64]
1965 -- [333 311]
1967 -- [ 649 1486]
1968 -- [3867 3063]
1970 -- [4204 2479]
1973 -- [1053  872]
1976 -- [2535 4214]
1977 -- [2838 2065]
1978 -- [1205  465]
1981 -- [1053  249]
1982 -- [1311  117]
1987 -- [3211 2619]
1996 -- [4540 2245]
2000 -- [4312 4387]
2004 -- [2586 1818]
2009 -- [ 795 1234]
2016 -- [1175 1017]
2020 -- [1274  110]
2021 -- [1776  109]
2023 -- [2890 4147]
2029 -- [3745 3869]
2030 -- [1120  909]
2032 -- [1051   70]
2033 -- [3161 4540]
2036 -- [ 612 1413]
2038 -- [2702 2037]
2040 -- [1015  128]
2047 -- [1577 1454]
2049 -- [2913 2536]
2052 -- [2465 1837]
2053 -- [343 404]
2056 -- [4037 1817]
2057 -- [305 659]
2061 -- [3863 4087]
2066 -- [2305 2850]
2068 -- [880 431]
2070 -- [1495  533]
2072 -- [ 673 1220]
2079 -- [2545 3628]
2093 -- [ 611 1234]
2105 -- [ 625 1596]
2111 -- [  62 1774]
2114 -- [2840 2435]
2116 -- [2728 3333]
2119 -- [1705   36]
2120 -- [1287  394]
2124 -- [1287 1165]
2138 -- [4196 2440]
2139 -- [1215  448]
2140 -- [3093 2484]
2141 -- [1507 1408]
2144 -- [4477 4134]
2145 -- [3000 2634]
2147 -- [4006 4532]
2153 -- [ 958 1393]
2154 -- [2123 3484]
2158 -- [2921 4571]
2165 -- [4519 2236]
2172 -- [1431  415]
2180 -- [ 783 1776]
2184 -- [58 33]
2187 -- [2171 4428]
2189 -- [4027 4337]
2190 -- [ 439 1450]
2193 -- [2706 1937]
2198 -- [1541  617]
2199 -- [561 488]
2204 -- [3392 3638]
2205 -- [ 293 1226]
2209 -- [ 975 1526]
2211 -- [4433 2577]
2220 -- [1885 2420]
2227 -- [4582 4408]
2228 -- [3152 1995]
2230 -- [1038  497]
2237 -- [3896 3012]
2258 -- [1471 1011]
2259 -- [1779  889]
2261 -- [4002 4487]
2262 -- [2385 4337]
2266 -- [4256 4517]
2273 -- [341 775]
2279 -- [3598 1875]
2281 -- [4428 4113]
2298 -- [567 427]
2299 -- [4379 3510]
2304 -- [294 181]
2305 -- [618 818]
2308 -- [ 229 1694]
2314 -- [2919 3614]
2316 -- [2583 2508]
2318 -- [2899 4590]
2319 -- [ 614 1513]
2321 -- [107 161]
2324 -- [3152 4455]
2327 -- [ 279 1545]
2335 -- [1532 1798]
2336 -- [1295  333]
2339 -- [1889 4341]
2340 -- [3054 3477]
2345 -- [324 684]
2349 -- [ 983 1179]
2354 -- [3032 2511]
2355 -- [ 956 1556]
2357 -- [1169    6]
2359 -- [1197 1208]
2365 -- [4569 2874]
2376 -- [2141 3642]
2379 -- [ 693 1166]
2380 -- [ 70 267]
2383 -- [1796 1805]
2384 -- [ 901 1502]
2385 -- [1123  731]
2386 -- [ 795 1319]
2387 -- [2895 2095]
2390 -- [3440 3696]
2395 -- [3326 4506]
2396 -- [1669   64]
2397 -- [ 473 1634]
2402 -- [1311  408]
2403 -- [ 867 1144]
2405 -- [4101 2753]
2411 -- [1660 1645]
2414 -- [1649 1121]
2416 -- [3268 2702]
2427 -- [ 347 1784]
2428 -- [4595 2479]
2436 -- [3075 2023]
2438 -- [1134  877]
2442 -- [4544 2951]
2449 -- [4352 3507]
2460 -- [3306 1975]
2461 -- [1038  105]
2466 -- [3339 1892]
2467 -- [247 393]
2469 -- [2480 2802]
2470 -- [4195 2388]
2473 -- [4441 3931]
2475 -- [651  42]
2481 -- [1817 3276]
2487 -- [ 353 1615]
2489 -- [3243 3309]
2494 -- [3701 2570]
2497 -- [368  57]
2498 -- [3869 3920]
2501 -- [4302 2627]
2505 -- [3857 2956]
2508 -- [277 144]
2510 -- [212 153]
2512 -- [3333 2373]
2515 -- [1805 1045]
2518 -- [4439 2481]
2519 -- [4411 3095]
2522 -- [4544 3329]
2526 -- [1725 1609]
2532 -- [1569 1733]
2533 -- [4133 2090]
2535 -- [587 937]
2536 -- [2297 2462]
2537 -- [1121  906]
2545 -- [3075 4578]
2548 -- [3290 3929]
2549 -- [1659 1744]
2550 -- [ 967 1809]
2555 -- [1679  588]
2559 -- [1284 1224]
2560 -- [  50 1353]
2563 -- [1198 1274]
2564 -- [ 976 1323]
2571 -- [ 41 783]
2574 -- [2295 3420]
2575 -- [ 951 1055]
2576 -- [3373 2617]
2578 -- [4458 2388]
2580 -- [2617 2082]
2584 -- [2329 3226]
2586 -- [3152 2206]
2588 -- [1541 1440]
2589 -- [3031 3832]
2590 -- [1553  173]
2591 -- [3115 2837]
2595 -- [1123 1722]
2601 -- [2141 3138]
2602 -- [2666 4032]
2604 -- [3505 3699]
2605 -- [4435 3761]
2610 -- [4380 2984]
2614 -- [2690 2280]
2616 -- [4503 4427]
2619 -- [859 642]
2626 -- [2196 3959]
2632 -- [1208  393]
2634 -- [3626 2147]
2635 -- [ 458 1721]
2640 -- [4502 3405]
2645 -- [3333 2989]
2646 -- [1661 1605]
2650 -- [4045 1950]
2654 -- [4412 2287]
2661 -- [ 369 1479]
2667 -- [4333 2220]
2672 -- [3405 1894]
2677 -- [1737 1690]
2678 -- [1399  590]
2687 -- [1196 1498]
2688 -- [ 100 1408]
2691 -- [1530 1622]
2697 -- [2484 4402]
2702 -- [430 560]
2705 -- [ 543 1543]
2706 -- [ 842 1235]
2707 -- [734 807]
2708 -- [124 368]
2710 -- [3168 4134]
2713 -- [4017 4134]
2718 -- [3863 3022]
2721 -- [ 823 1384]
2723 -- [1068  660]
2724 -- [ 122 1380]
2726 -- [1541 1640]
2727 -- [2665 2776]
2728 -- [684 533]
2729 -- [3300 3075]
2730 -- [  50 1679]
2733 -- [1476 1805]
2734 -- [4487 3596]
2740 -- [3645 2617]
2741 -- [2764 2508]
2748 -- [ 645 1657]
2751 -- [2494 2432]
2752 -- [1588  307]
2753 -- [616 990]
2757 -- [2967 4134]
2758 -- [1143 1714]
2759 -- [3057 4380]
2760 -- [3878 2769]
2761 -- [3969 3577]
2762 -- [663 771]
2770 -- [2860 2234]
2776 -- [1536  616]
2778 -- [ 140 1455]
2779 -- [3064 3631]
2786 -- [ 226 1090]
2790 -- [3776 3805]
2791 -- [4133 3594]
2794 -- [4265 2564]
2795 -- [2465 3886]
2797 -- [ 109 1245]
2800 -- [850 660]
2809 -- [1360  113]
2814 -- [ 195 1111]
2817 -- [160 126]
2824 -- [3776 4055]
2832 -- [2919 3467]
2834 -- [ 437 1215]
2845 -- [2432 3993]
2849 -- [1499 1530]
2852 -- [ 371 1598]
2853 -- [1238  256]
2857 -- [1282  293]
2860 -- [1230 1088]
2863 -- [1228 1540]
2868 -- [1033  402]
2884 -- [4296 3965]
2886 -- [4426 4189]
2897 -- [779 896]
2898 -- [784  85]
2901 -- [1535 1485]
2907 -- [3031 4313]
2912 -- [4144 3774]
2914 -- [1645 1473]
2921 -- [2744 3354]
2927 -- [960 754]
2934 -- [  38 1726]
2937 -- [1396  946]
2940 -- [2804 3326]
2941 -- [2090 3375]
2947 -- [2308 4313]
2951 -- [3338 3378]
2957 -- [3697 3897]
2963 -- [3795 3413]
2969 -- [844 219]
2973 -- [1381  272]
2977 -- [2857 3252]
2981 -- [525 995]
2986 -- [ 621 1105]
2992 -- [1376 1441]
2997 -- [4195 4021]
2998 -- [2225 2902]
3007 -- [ 69 657]
3009 -- [2484 4529]
3023 -- [ 671 1399]
3026 -- [2377 2755]
3027 -- [4265 4581]
3041 -- [737 975]
3042 -- [3859 2745]
3046 -- [814  28]
3048 -- [1587 1275]
3049 -- [4304 1969]
3051 -- [2277 1985]
3065 -- [1032  502]
3068 -- [4387 3606]
3071 -- [1127   28]
3076 -- [ 900 1051]
3078 -- [1651  601]
3080 -- [1916 4074]
3082 -- [2118 2778]
3089 -- [2216 3402]
3092 -- [ 589 1069]
3095 -- [837 327]
3101 -- [2916 3552]
3105 -- [3896 2237]
3107 -- [3691 1871]
3110 -- [3300 4196]
3111 -- [4451 2804]
3114 -- [1181 1313]
3117 -- [1680  752]
3118 -- [554 164]
3124 -- [ 341 1501]
3126 -- [ 916 1472]
3129 -- [1531 1496]
3131 -- [ 289 1765]
3132 -- [1087  115]
3133 -- [509 812]
3144 -- [2888 3322]
3145 -- [ 591 1220]
3151 -- [2917 4286]
3158 -- [3706 2638]
3159 -- [2139 4245]
3168 -- [3860 4210]
3169 -- [1564   66]
3171 -- [1378   76]
3177 -- [3298 2423]
3180 -- [395 558]
3188 -- [1090 1093]
3189 -- [2261 3895]
3190 -- [1331 1537]
3204 -- [367 416]
3211 -- [689 658]
3218 -- [1303 1019]
3226 -- [2892 2126]
3228 -- [3861 1938]
3230 -- [1521  775]
3232 -- [3971 2856]
3234 -- [3319 3164]
3236 -- [1507  571]
3237 -- [4373 3972]
3238 -- [ 592 1522]
3243 -- [1644  366]
3246 -- [3258 4388]
3247 -- [ 958 1795]
3250 -- [ 456 1805]
3256 -- [2776 4160]
3260 -- [3751 2900]
3262 -- [1100 1328]
3266 -- [1722  252]
3267 -- [2287 3905]
3272 -- [4218 4431]
3275 -- [2613 3947]
3282 -- [3965 2713]
3284 -- [2064 3701]
3286 -- [2975 2061]
3288 -- [3944 3776]
3298 -- [1547 1135]
3306 -- [  15 1090]
3308 -- [ 453 1114]
3309 -- [2862 3150]
3310 -- [ 194 1012]
3319 -- [3354 2601]
3329 -- [ 125 1347]
3330 -- [3863 2320]
3331 -- [2631 4138]
3332 -- [4265 2112]
3336 -- [3381 4054]
3341 -- [650 431]
3344 -- [4220 3393]
3346 -- [3684 2892]
3349 -- [1735 1516]
3362 -- [4574 2961]
3367 -- [1509  265]
3378 -- [1969 3525]
3380 -- [3446 3309]
3382 -- [2629 2464]
3383 -- [1482  992]
3385 -- [1011  458]
3391 -- [1092  145]
3392 -- [2592 3209]
3400 -- [2239 3878]
3403 -- [1553 1609]
3404 -- [1832 2570]
3405 -- [2532 3927]
3407 -- [2461 4075]
3410 -- [772 421]
3412 -- [2287 2240]
3413 -- [3185 3064]
3414 -- [1296 1487]
3415 -- [1318  121]
3416 -- [2422 4142]
3417 -- [1801   31]
3420 -- [4243 4384]
3422 -- [1909 2243]
3429 -- [ 395 1429]
3433 -- [ 253 1399]
3437 -- [1875 3755]
3438 -- [1019 1102]
3441 -- [1209 1418]
3444 -- [2181 2114]
3452 -- [2282 1973]
3454 -- [1115 1220]
3461 -- [1336  302]
3465 -- [3206 2914]
3472 -- [1975 2361]
3473 -- [3467 2956]
3474 -- [4336 2750]
3479 -- [2686 4022]
3485 -- [3456 3192]
3486 -- [2736 2972]
3495 -- [1492 1717]
3500 -- [2840 3506]
3502 -- [4579 3910]
3503 -- [1526 1730]
3505 -- [1964 2776]
3506 -- [2398 3956]
3509 -- [1972 4209]
3514 -- [3430 3914]
3515 -- [3108 1846]
3516 -- [1035 1351]
3518 -- [4350 2295]
3521 -- [1549  643]
3524 -- [1988 2567]
3525 -- [2856 2590]
3527 -- [2052 3292]
3528 -- [4441 4042]
3530 -- [1366 1153]
3531 -- [ 706 1446]
3536 -- [4487 2768]
3538 -- [3176 2874]
3541 -- [1522  590]
3542 -- [1736 1364]
3547 -- [  26 1319]
3548 -- [1750 1404]
3549 -- [3481 4438]
3553 -- [155 867]
3555 -- [ 129 1637]
3557 -- [2860 3122]
3559 -- [2488 1966]
3561 -- [4196 2731]
3564 -- [584 690]
3569 -- [2488 3610]
3571 -- [ 360 1103]
3574 -- [3508 3782]
3577 -- [1782 1455]
3581 -- [3793 4447]
3582 -- [ 350 1041]
3584 -- [3696 3451]
3604 -- [2325 3292]
3608 -- [4184 3508]
3612 -- [4134 3453]
3617 -- [299 224]
3619 -- [1804  439]
3623 -- [2488 3550]
3624 -- [4566 3154]
3627 -- [4265 1876]
3629 -- [ 937 1581]
3636 -- [3552 2987]
3639 -- [ 354 1404]
3643 -- [4311 4250]
3645 -- [ 286 1060]
3651 -- [ 526 1356]
3662 -- [1454 1752]
3666 -- [1949 2422]
3670 -- [4061 4157]
3673 -- [388 318]
3681 -- [ 266 1549]
3684 -- [1324  764]
3689 -- [ 815 1118]
3692 -- [602 924]
3694 -- [4336 2271]
3695 -- [ 950 1180]
3702 -- [2827 3701]
3706 -- [3150 3732]
3708 -- [1821 3209]
3709 -- [1470  505]
3714 -- [ 869 1667]
3717 -- [1343 1285]
3718 -- [1158  411]
3722 -- [4544 3345]
3725 -- [4327 3706]
3726 -- [152 817]
3731 -- [3170 4311]
3732 -- [102 866]
3734 -- [3890 2686]
3737 -- [ 835 1134]
3739 -- [1460 1371]
3743 -- [1756 1087]
3745 -- [1143 1700]
3750 -- [682 433]
3756 -- [ 767 1169]
3757 -- [2990 2142]
3761 -- [3641 2666]
3762 -- [3458 2917]
3766 -- [2013 1934]
3768 -- [4590 2533]
3776 -- [1389 1279]
3781 -- [ 646 1761]
3782 -- [117 322]
3783 -- [ 234 1690]
3785 -- [3105 2838]
3790 -- [1037 1466]
3791 -- [3113 3984]
3793 -- [ 100 1570]
3798 -- [151 694]
3804 -- [3238 2118]
3805 -- [ 257 1244]
3808 -- [ 916 1290]
3809 -- [3456 3965]
3810 -- [  61 1383]
3813 -- [3751 2765]
3818 -- [401 347]
3830 -- [4325 2224]
3836 -- [1528  693]
3839 -- [1146 1097]
3847 -- [369 802]
3856 -- [1077  631]
3862 -- [1223  823]
3865 -- [836 977]
3875 -- [ 14 165]
3879 -- [4192 2599]
3882 -- [4219 2322]
3884 -- [ 179 1069]
3885 -- [2463 2249]
3891 -- [1823 3915]
3892 -- [325 417]
3893 -- [1498 1066]
3894 -- [ 233 1576]
3899 -- [808 922]
3901 -- [1186 1373]
3902 -- [4430 4227]
3907 -- [4496 1988]
3911 -- [2641 3115]
3913 -- [222 813]
3914 -- [486 216]
3921 -- [3282 2986]
3922 -- [3212 2211]
3924 -- [ 759 1282]
3925 -- [1189  396]
3928 -- [1592  931]
3933 -- [839 485]
3937 -- [804  40]
3938 -- [1111  547]
3942 -- [1030 1697]
3943 -- [936 791]
3945 -- [2266 2919]
3946 -- [1170 1041]
3950 -- [516  11]
3961 -- [1360  962]
3964 -- [2583 4387]
3966 -- [4061 3941]
3969 -- [2054 3693]
3974 -- [1797  553]
3975 -- [941 265]
3981 -- [3392 3612]
3982 -- [1731  485]
3984 -- [2735 3041]
3986 -- [3863 3029]
3989 -- [2277 1978]
3992 -- [2400 4436]
3995 -- [266 854]
3998 -- [1488 1374]
4000 -- [281 903]
4012 -- [3299 3121]
4019 -- [1674 1679]
4028 -- [  26 1639]
4034 -- [4384 3042]
4038 -- [2121 4099]
4041 -- [3015 4305]
4042 -- [3297 4220]
4043 -- [ 182 1027]
4044 -- [995 619]
4053 -- [1727 1323]
4054 -- [3026 3552]
4059 -- [ 510 1132]
4061 -- [1021  532]
4064 -- [4288 2519]
4069 -- [ 214 1175]
4074 -- [766 931]
4079 -- [394 526]
4086 -- [1843 2631]
4091 -- [239 561]
4092 -- [170 705]
4097 -- [4540 4400]
4101 -- [1714 1329]
4102 -- [2104 4432]
4103 -- [230 653]
4106 -- [2461 2695]
4108 -- [1562 1421]
4112 -- [330 634]
4118 -- [ 93 716]
4119 -- [713 760]
4121 -- [ 470 1501]
4125 -- [1281   89]
4127 -- [1436 1623]
4128 -- [2461 3992]
4129 -- [150 552]
4132 -- [100 737]
4133 -- [3413 2501]
4138 -- [778 109]
4140 -- [2465 3178]
4147 -- [1058  436]
4152 -- [3969 3215]
4153 -- [4030 4420]
4162 -- [1723  590]
4176 -- [ 511 1390]
4184 -- [3274 3354]
4185 -- [1467 1343]
4188 -- [3751 4000]
4191 -- [1605  728]
4193 -- [2479 4523]
4194 -- [3765 4274]
4202 -- [2305 3080]
4206 -- [1988 2179]
4207 -- [4372 2248]
4211 -- [2055 2990]
4212 -- [1742   57]
4215 -- [307 657]
4218 -- [3452 3379]
4224 -- [1310  679]
4228 -- [1523 1710]
4229 -- [2803 2702]
4230 -- [3018 2705]
4233 -- [1767  275]
4236 -- [1914 2753]
4238 -- [ 436 1742]
4241 -- [2597 2824]
4245 -- [3889 3853]
4246 -- [1278  590]
4247 -- [3198 2834]
4252 -- [982 695]
4257 -- [ 277 1645]
4261 -- [2776 3944]
4265 -- [ 529 1674]
4267 -- [746 880]
4268 -- [3887 3011]
4283 -- [1768 1540]
4287 -- [ 665 1228]
4289 -- [2461 4164]
4301 -- [3508 3394]
4302 -- [3087 4372]
4316 -- [2115 3290]
4321 -- [1900 3484]
4324 -- [1198  378]
4328 -- [ 330 1627]
4331 -- [3464 2261]
4332 -- [1437  293]
4334 -- [344  18]
4335 -- [2545 2978]
4337 -- [3647 3440]
4345 -- [2105 2919]
4346 -- [1327  106]
4348 -- [ 315 1445]
4349 -- [3213 4274]
4351 -- [1626 1801]
4353 -- [1126  153]
4363 -- [464 983]
4367 -- [4272 3508]
4373 -- [1975 3148]
4378 -- [2305 2582]
4383 -- [2171 4219]
4384 -- [1911 3989]
4391 -- [1875 2348]
4392 -- [3386 2917]
4404 -- [3309 3207]
4414 -- [3892 4201]
4415 -- [514 479]
4417 -- [3756 3729]
4425 -- [ 65 509]
4434 -- [1748  887]
4437 -- [ 176 1400]
4439 -- [3097 2480]
4440 -- [3041 4542]
4445 -- [3459 3313]
4446 -- [352  89]
4448 -- [1282 1064]
4449 -- [1851 2432]
4451 -- [3851 4451]
4455 -- [4327 4267]
4456 -- [1307 1007]
4457 -- [419 203]
4463 -- [2423 3524]
4466 -- [353 158]
4469 -- [3911 4210]
4473 -- [2057 1969]
4476 -- [1805   85]
4479 -- [2124 3914]
4482 -- [814 534]
4485 -- [4336 3306]
4486 -- [3956 3474]
4501 -- [ 240 1723]
4506 -- [882 938]
4511 -- [1596  867]
4513 -- [1233  927]
4514 -- [1975 4050]
4515 -- [3803 3451]
4516 -- [ 833 1803]
4517 -- [3160 4332]
4518 -- [403 733]
4519 -- [2024 2617]
4521 -- [ 926 1086]
4525 -- [3850 3620]
4526 -- [138 433]
4533 -- [3617 4147]
4534 -- [2299 2860]
4536 -- [3378 4378]
4537 -- [3057 3285]
4539 -- [1023  546]
4540 -- [1844 3850]
4543 -- [ 201 1399]
4544 -- [2982 1973]
4550 -- [4517 2009]
4552 -- [1400 1041]
4553 -- [2225 3391]
4558 -- [1552 1559]
4559 -- [2696 2824]
4560 -- [1832 2730]
4566 -- [2461 3683]
4573 -- [ 220 1121]
4575 -- [ 47 441]
4576 -- [ 411 1749]
4582 -- [2312 3514]
4593 -- [3031 2760]
4596 -- [ 723 1217]
4601 -- [1039  743]
4603 -- [3289 2896]
4606 -- [1699 1497]
4608 -- [2557 2423]
4609 -- [3989 2610]
4612 -- [ 702 1246]
4620 -- [ 945 1640]
4621 -- [3323 2339]
4624 -- [3725 3336]
4625 -- [1697  959]
4629 -- [4093 2617]
4632 -- [456 468]
4642 -- [1564 1527]
4643 -- [1494 1415]
4648 -- [3357 2281]
4653 -- [3110 4517]
4656 -- [3152 2611]
4657 -- [ 345 1767]
4659 -- [2166 4320]
4661 -- [1521 1596]
4668 -- [3619 1975]
4671 -- [3268 4427]
4675 -- [4433 3579]
4677 -- [108 313]
4681 -- [ 659 1228]
4684 -- [3992 1973]
4685 -- [1034 1072]
4687 -- [1936 1909]
4688 -- [4143 4133]
4697 -- [ 768 1193]
4698 -- [1723 1309]
4704 -- [4464 4341]
4707 -- [996  95]
4708 -- [ 984 1764]
4718 -- [3354 2572]
4720 -- [1336  578]
4723 -- [3677 3970]
4726 -- [2615 4166]
4730 -- [1140  841]
4733 -- [ 89 986]
4737 -- [1217 1773]
4738 -- [1519  505]
4753 -- [4444 4192]
4757 -- [2446 3999]
4761 -- [1988 2195]
4765 -- [2159 3392]
4775 -- [1234 1225]
4776 -- [2276 2003]
4779 -- [2118 4470]
4784 -- [1809  770]
4787 -- [2536 3225]
4795 -- [157 627]
4797 -- [2156 3797]
4798 -- [1013  520]
4800 -- [3505 4568]
4804 -- [2305 2607]
4810 -- [1787  280]
4812 -- [3696 3375]
-cl sat and violated: 2667 | 1722  | total #cl: 4389 | -violated weight: 1722
5 -- [1679 2706]
6 -- [ 653 3967]
7 -- [4364  561]
12 -- [ 795 2152]
16 -- [3361  386]
17 -- [ 795 2810]
20 -- [1039 4478]
23 -- [2686 1785]
25 -- [ 774 2893]
27 -- [4511 1380]
30 -- [  56 3990]
32 -- [ 905 3222]
33 -- [3483  108]
35 -- [ 805 3588]
36 -- [3544   95]
37 -- [2166  483]
42 -- [2162  158]
43 -- [ 268 4486]
45 -- [ 161 3737]
46 -- [ 903 2909]
48 -- [1181 4006]
49 -- [4077  495]
51 -- [2115  828]
52 -- [1342 2572]
58 -- [4123  517]
66 -- [1956 1615]
67 -- [ 906 1877]
68 -- [3492 1735]
73 -- [ 982 2183]
75 -- [2110 1545]
76 -- [3675  116]
78 -- [2655  984]
79 -- [3485 1751]
80 -- [2869 1561]
84 -- [3604 1640]
89 -- [3871  650]
90 -- [  16 4060]
99 -- [ 315 4347]
102 -- [4295 1181]
103 -- [ 566 4593]
105 -- [ 106 2257]
108 -- [ 730 2097]
110 -- [2502 1725]
112 -- [ 118 3596]
113 -- [1795 2565]
114 -- [  43 2342]
122 -- [2581 1635]
124 -- [2298 1412]
126 -- [ 266 3135]
127 -- [ 496 3001]
137 -- [3173  550]
140 -- [4218   76]
144 -- [ 387 2291]
148 -- [1497 1971]
150 -- [2035  273]
151 -- [1745 3352]
155 -- [4399   13]
156 -- [3519 1371]
157 -- [3162 1637]
165 -- [ 645 3596]
168 -- [4182  502]
171 -- [3146  501]
172 -- [  23 4344]
175 -- [3335  434]
177 -- [ 293 3281]
178 -- [ 533 3798]
181 -- [ 811 4486]
184 -- [  16 2084]
185 -- [3355  500]
187 -- [1661 2570]
189 -- [ 678 3701]
191 -- [1741 3073]
192 -- [1402 3602]
193 -- [ 324 4597]
198 -- [1455 1838]
199 -- [ 913 2655]
201 -- [3268  284]
205 -- [2893  273]
209 -- [1198 3451]
210 -- [2327   95]
214 -- [1055 2359]
218 -- [4518  906]
221 -- [1287 2613]
223 -- [1487 2409]
224 -- [1317 2483]
228 -- [3048   80]
229 -- [2066  496]
235 -- [2417  601]
237 -- [1277 2894]
239 -- [2339 1468]
241 -- [3541   40]
244 -- [ 176 3932]
245 -- [2169  985]
246 -- [4212  515]
248 -- [3148 1725]
252 -- [4103  385]
257 -- [1317 3156]
260 -- [ 358 4396]
261 -- [3094 1012]
263 -- [3087  799]
265 -- [ 858 2446]
268 -- [3755  104]
272 -- [1937 1299]
282 -- [ 538 3240]
284 -- [3259 1230]
285 -- [4101  404]
286 -- [3483   56]
287 -- [ 754 2044]
290 -- [2555  771]
291 -- [ 762 3966]
292 -- [1113 2838]
294 -- [2412 1233]
296 -- [ 318 3438]
297 -- [ 432 2885]
299 -- [2392  118]
300 -- [3761  794]
301 -- [2868  501]
305 -- [1120 2846]
306 -- [ 936 3735]
307 -- [ 341 3312]
308 -- [3325 1564]
309 -- [2992 1554]
310 -- [ 495 2748]
312 -- [2008 1264]
317 -- [ 833 3931]
321 -- [ 552 3705]
327 -- [3912  617]
335 -- [ 571 2188]
336 -- [1404 4369]
339 -- [3194 1206]
342 -- [2735  395]
344 -- [1443 4321]
345 -- [3832 1380]
346 -- [ 462 1889]
350 -- [1164 2225]
353 -- [3399  273]
355 -- [4027  161]
357 -- [ 391 3618]
359 -- [1817 1467]
361 -- [1439 2723]
363 -- [ 664 1862]
366 -- [2848 1781]
369 -- [ 640 4479]
370 -- [1526 1869]
374 -- [1221 3097]
376 -- [4302   52]
377 -- [2606 1736]
378 -- [1893  693]
379 -- [4289 1640]
384 -- [ 849 3292]
387 -- [ 813 2213]
388 -- [4049 1066]
393 -- [2380 1011]
396 -- [4482 1002]
397 -- [2748  949]
399 -- [3924 1750]
402 -- [3417 1579]
404 -- [1488 2867]
406 -- [  63 3850]
407 -- [4528  754]
413 -- [2161  208]
414 -- [ 976 4251]
417 -- [1915  689]
425 -- [ 146 4380]
426 -- [1820  794]
431 -- [2359  216]
437 -- [ 901 4287]
440 -- [1686 4325]
442 -- [ 150 1858]
443 -- [2850 1223]
445 -- [1004 3830]
446 -- [4117  440]
447 -- [1852  366]
448 -- [1533 4177]
450 -- [ 875 2091]
456 -- [ 884 4216]
458 -- [4252  158]
460 -- [  35 2029]
470 -- [3370 1231]
472 -- [2109  269]
475 -- [ 134 3035]
478 -- [1415 2700]
479 -- [1777 2401]
481 -- [4454  265]
484 -- [3900 1615]
489 -- [3011   59]
490 -- [2732 1277]
496 -- [3568  404]
497 -- [3759  482]
498 -- [ 633 4370]
499 -- [1832 1495]
501 -- [ 374 2508]
503 -- [ 502 3023]
504 -- [3736  187]
506 -- [ 747 3523]
507 -- [ 186 1859]
511 -- [1154 2980]
512 -- [ 393 2389]
520 -- [ 404 2216]
524 -- [1487 3204]
526 -- [1348 4199]
527 -- [ 146 2479]
529 -- [2069  833]
531 -- [ 184 3811]
534 -- [2010  207]
535 -- [ 152 2328]
536 -- [4305  151]
538 -- [1722 2515]
540 -- [ 517 3922]
547 -- [1461 3015]
548 -- [3261  814]
551 -- [3289  140]
553 -- [ 764 3834]
554 -- [  70 1955]
557 -- [2600 1239]
562 -- [3892  602]
563 -- [1231 4409]
565 -- [4461 1559]
566 -- [1342 2138]
567 -- [3701 1611]
568 -- [ 777 2008]
570 -- [3121  515]
573 -- [2724 1668]
575 -- [1774 2719]
581 -- [ 212 4037]
582 -- [3461 1559]
583 -- [1522 2227]
584 -- [2461  997]
588 -- [2171 1422]
600 -- [1896 1215]
601 -- [4436 1141]
604 -- [3101  869]
605 -- [2724 1617]
606 -- [ 108 2299]
608 -- [4489   94]
611 -- [4260 1273]
614 -- [ 977 2560]
616 -- [1274 3434]
617 -- [3607 1774]
624 -- [3150  151]
627 -- [1214 4077]
629 -- [ 250 3562]
632 -- [1038 3223]
633 -- [4047 1459]
637 -- [   7 4094]
640 -- [2443 1358]
644 -- [2395 1690]
646 -- [2660 1237]
650 -- [ 176 3733]
653 -- [2558  661]
654 -- [ 769 2632]
655 -- [ 578 2501]
656 -- [  26 4099]
659 -- [1444 4288]
668 -- [1864  571]
669 -- [2826 1188]
670 -- [ 651 4303]
673 -- [ 617 4475]
675 -- [2608  444]
678 -- [3161  169]
679 -- [3157 1577]
682 -- [4039  716]
683 -- [2144   23]
684 -- [2064 1695]
685 -- [2950 1233]
691 -- [  64 3958]
697 -- [ 667 2617]
699 -- [1328 4210]
700 -- [2580 1710]
701 -- [1287 4536]
703 -- [ 659 3794]
704 -- [1746 2969]
708 -- [4213  805]
716 -- [  94 4414]
717 -- [ 310 2195]
719 -- [1838 1485]
724 -- [1222 3819]
728 -- [3720 1525]
731 -- [ 346 2313]
735 -- [ 889 3591]
736 -- [ 212 2332]
737 -- [1987  360]
738 -- [ 136 2772]
739 -- [ 882 3240]
744 -- [ 250 3274]
745 -- [ 397 3038]
747 -- [1427 3272]
753 -- [4340  755]
755 -- [ 730 2661]
758 -- [2472  674]
765 -- [2308  866]
766 -- [3060 1504]
767 -- [4428  483]
775 -- [2843 1635]
780 -- [4447 1468]
783 -- [ 243 3612]
788 -- [3537 1504]
794 -- [1311 3947]
795 -- [1253 3867]
796 -- [1255 2446]
797 -- [ 378 3268]
802 -- [1135 3526]
805 -- [1849   30]
809 -- [ 640 3383]
810 -- [2903 1153]
813 -- [ 460 1985]
818 -- [3889  741]
819 -- [ 451 1985]
821 -- [2468 1407]
822 -- [ 136 1953]
824 -- [ 184 3335]
825 -- [2642  780]
827 -- [2318  616]
830 -- [2114 1673]
834 -- [ 739 2539]
835 -- [3140 1636]
840 -- [3795 1399]
841 -- [4588 1504]
848 -- [ 912 4294]
849 -- [4426 1715]
850 -- [4099 1299]
851 -- [4061  411]
852 -- [1120 3593]
855 -- [ 261 2484]
856 -- [3648 1179]
858 -- [1617 1971]
859 -- [ 386 2068]
868 -- [3814 1249]
871 -- [3576  946]
874 -- [2956 1766]
875 -- [1459 3397]
878 -- [3377 1407]
879 -- [  34 2026]
883 -- [2003 1230]
884 -- [ 532 4104]
886 -- [ 794 3427]
890 -- [1052 3856]
893 -- [1220 4563]
895 -- [3104  937]
896 -- [2321  395]
898 -- [ 440 2256]
900 -- [1418 3347]
902 -- [2134  688]
906 -- [ 655 3993]
908 -- [1658 1893]
910 -- [1762 4235]
911 -- [ 795 1953]
912 -- [4586 1126]
913 -- [4103 1530]
914 -- [2091  705]
925 -- [2627 1259]
927 -- [2378  144]
930 -- [ 244 2276]
931 -- [1251 2361]
933 -- [ 521 2748]
934 -- [1468 4517]
935 -- [2846  308]
937 -- [1179 4034]
938 -- [4172  250]
940 -- [1063 4405]
942 -- [2597  841]
943 -- [2873  481]
945 -- [3589  461]
947 -- [2536   99]
950 -- [1000 2666]
956 -- [4215  187]
957 -- [3207  284]
958 -- [1515 2692]
964 -- [3186  186]
965 -- [ 461 3242]
970 -- [2395  164]
974 -- [1741 3901]
975 -- [2337  602]
981 -- [ 404 2792]
985 -- [ 628 4482]
987 -- [2453   80]
988 -- [4060  730]
990 -- [4497 1126]
992 -- [1290 3053]
996 -- [1179 3166]
1001 -- [1262 2813]
1002 -- [2369  185]
1005 -- [3806 1525]
1006 -- [1283 2942]
1008 -- [3631   23]
1011 -- [3691  611]
1019 -- [1380 2749]
1020 -- [ 284 4399]
1021 -- [3690  901]
1023 -- [1321 1957]
1027 -- [2795 1733]
1031 -- [3453  769]
1032 -- [1800 2189]
1033 -- [ 432 4355]
1036 -- [ 518 4134]
1037 -- [1556 2184]
1040 -- [2874 1291]
1043 -- [ 528 4541]
1045 -- [1663 4419]
1047 -- [1735 2805]
1050 -- [1376 4132]
1052 -- [ 308 2009]
1054 -- [3113  534]
1059 -- [ 463 4310]
1061 -- [2878 1052]
1064 -- [1185 2932]
1070 -- [4499 1521]
1073 -- [3916  977]
1075 -- [2682  511]
1076 -- [2613 1706]
1078 -- [1550 3915]
1079 -- [2662  138]
1080 -- [4370 1185]
1081 -- [ 482 2665]
1082 -- [ 599 2796]
1083 -- [1005 1917]
1087 -- [ 347 4184]
1090 -- [1843 1145]
1094 -- [ 681 3237]
1098 -- [2488  433]
1100 -- [1560 3012]
1103 -- [2848  561]
1106 -- [2938  663]
1108 -- [1149 3377]
1109 -- [3572 1508]
1110 -- [2757 1487]
1112 -- [2322 1091]
1114 -- [3431  794]
1115 -- [ 835 3736]
1123 -- [ 441 3376]
1130 -- [1738 2281]
1133 -- [1928  784]
1136 -- [1579 4418]
1137 -- [2624 1180]
1138 -- [ 384 2508]
1141 -- [ 774 1934]
1143 -- [2169 1421]
1148 -- [4449 1749]
1151 -- [2825  397]
1152 -- [ 661 4471]
1153 -- [3888  712]
1154 -- [2172  358]
1157 -- [ 438 3512]
1164 -- [4116  532]
1169 -- [1645 2311]
1170 -- [1306 4232]
1172 -- [2506  907]
1176 -- [ 571 2248]
1178 -- [ 852 1820]
1180 -- [2879  744]
1182 -- [3601  889]
1183 -- [ 579 3716]
1184 -- [4502  771]
1185 -- [ 962 2187]
1186 -- [3201  616]
1190 -- [ 327 3554]
1191 -- [ 532 4009]
1195 -- [3508   87]
1202 -- [3210  235]
1204 -- [3666 1418]
1205 -- [1811 2164]
1210 -- [ 874 2652]
1211 -- [3917  121]
1216 -- [2272 1196]
1217 -- [3694  185]
1218 -- [3761  502]
1225 -- [3634 1587]
1226 -- [ 173 2753]
1228 -- [3349 1641]
1232 -- [3944 1142]
1234 -- [3307  482]
1236 -- [1169 1929]
1237 -- [ 985 3908]
1239 -- [4562    7]
1241 -- [3298  121]
1245 -- [ 876 1908]
1247 -- [  13 2373]
1248 -- [2576  655]
1251 -- [1726 3803]
1255 -- [1508 2057]
1256 -- [2653  655]
1259 -- [1102 2061]
1261 -- [3811  108]
1262 -- [1700 4051]
1263 -- [ 506 4264]
1264 -- [ 135 3091]
1267 -- [1676 4439]
1279 -- [2538  165]
1281 -- [3892  752]
1286 -- [ 532 3820]
1287 -- [2986 1490]
1288 -- [4095  235]
1289 -- [1560 2729]
1295 -- [ 875 4277]
1296 -- [ 165 3139]
1299 -- [ 490 3287]
1305 -- [3388  145]
1310 -- [ 848 4208]
1311 -- [3340 1322]
1312 -- [4411  428]
1313 -- [1336 2432]
1316 -- [2878 1082]
1319 -- [4439 1760]
1323 -- [2831  441]
1325 -- [3593 1117]
1326 -- [ 158 3180]
1329 -- [ 755 2391]
1331 -- [4338 1806]
1333 -- [1269 3417]
1338 -- [1153 2386]
1340 -- [1651 2714]
1342 -- [1162 4529]
1345 -- [2388  869]
1347 -- [ 739 1880]
1348 -- [1485 1894]
1351 -- [ 526 4513]
1354 -- [1012 3072]
1359 -- [3381  277]
1360 -- [ 113 3218]
1362 -- [1162 2936]
1369 -- [ 622 4030]
1374 -- [1219 3260]
1380 -- [3185  882]
1383 -- [1649 3319]
1386 -- [1204 2225]
1388 -- [ 567 3453]
1392 -- [3669  256]
1396 -- [2018  769]
1397 -- [ 951 3736]
1399 -- [3166  176]
1401 -- [4555 1250]
1402 -- [3932  156]
1404 -- [1685 4570]
1405 -- [4164  166]
1407 -- [4307 1064]
1411 -- [4390 1038]
1413 -- [1025 3075]
1414 -- [1056 2261]
1415 -- [2435  485]
1416 -- [ 434 2943]
1419 -- [2505  264]
1420 -- [3956  291]
1424 -- [ 659 2958]
1429 -- [3246  451]
1430 -- [ 731 2655]
1433 -- [3995 1577]
1436 -- [4306  316]
1437 -- [ 485 3856]
1438 -- [1913  971]
1445 -- [1072 2971]
1446 -- [1287 4462]
1453 -- [3288 1736]
1454 -- [1404 3328]
1456 -- [ 482 1837]
1459 -- [ 301 2896]
1460 -- [3573  616]
1461 -- [1246 2391]
1467 -- [1697 4039]
1468 -- [  95 4406]
1469 -- [1607 4408]
1471 -- [3438  674]
1474 -- [2430 1487]
1475 -- [3571 1316]
1477 -- [1028 4562]
1479 -- [1519 2313]
1482 -- [4206 1594]
1484 -- [4049   79]
1486 -- [4593  113]
1487 -- [ 347 2986]
1488 -- [1933 1630]
1490 -- [ 176 1853]
1492 -- [1790 2490]
1496 -- [ 533 1892]
1497 -- [1921   94]
1499 -- [2062  334]
1500 -- [3947 1524]
1503 -- [ 502 3002]
1505 -- [4007  690]
1510 -- [ 330 4011]
1513 -- [3367   16]
1515 -- [2856 1076]
1517 -- [2821  566]
1518 -- [1145 2229]
1522 -- [2582 1052]
1523 -- [2430 1126]
1524 -- [ 425 4518]
1530 -- [2938  666]
1533 -- [1710 3456]
1534 -- [1413 2883]
1537 -- [1028 3380]
1538 -- [1194 2417]
1539 -- [ 863 1923]
1544 -- [ 528 2761]
1547 -- [4101 1559]
1548 -- [2169 1752]
1549 -- [ 841 3530]
1550 -- [1277 2463]
1552 -- [3622 1351]
1553 -- [ 120 2661]
1558 -- [4554 1264]
1562 -- [  10 3583]
1566 -- [2161  496]
1567 -- [ 981 3984]
1572 -- [ 947 4354]
1582 -- [ 744 3603]
1585 -- [1746 2407]
1590 -- [3970 1637]
1591 -- [1800 4502]
1594 -- [ 324 3238]
1595 -- [3079 1185]
1598 -- [ 115 4444]
1600 -- [4390  893]
1602 -- [1142 2784]
1606 -- [4307  965]
1608 -- [ 650 4249]
1609 -- [1998 1017]
1610 -- [4160  473]
1611 -- [4147  399]
1614 -- [2545  580]
1616 -- [2991 1205]
1620 -- [1263 3933]
1621 -- [2370 1553]
1622 -- [ 606 4250]
1624 -- [ 461 1886]
1625 -- [2978 1621]
1627 -- [1674 4022]
1629 -- [2178  627]
1631 -- [1725 2174]
1632 -- [ 294 2633]
1634 -- [ 272 4465]
1635 -- [1546 3884]
1636 -- [1119 4245]
1640 -- [3967  471]
1642 -- [1735 2685]
1644 -- [3640 1028]
1646 -- [3241  660]
1647 -- [ 478 3781]
1651 -- [3923  723]
1658 -- [ 661 2252]
1662 -- [1550 4319]
1670 -- [ 869 3647]
1671 -- [3047  619]
1673 -- [4245 1604]
1675 -- [  60 3151]
1676 -- [1274 3632]
1678 -- [1269 3002]
1684 -- [1517 3853]
1687 -- [ 174 2851]
1689 -- [ 133 2681]
1691 -- [2367 1406]
1693 -- [ 127 3805]
1694 -- [3815   89]
1695 -- [3513  759]
1697 -- [2253 1496]
1699 -- [4186 1255]
1701 -- [ 598 2778]
1702 -- [  95 2639]
1705 -- [1142 4073]
1706 -- [ 215 2061]
1710 -- [ 474 2736]
1712 -- [1733 4543]
1713 -- [ 432 3630]
1714 -- [4010  440]
1715 -- [1951 1432]
1716 -- [ 644 1914]
1717 -- [1828  520]
1719 -- [1120 2405]
1720 -- [  18 2791]
1721 -- [1203 2715]
1723 -- [1956 1090]
1725 -- [ 438 2792]
1728 -- [  17 2949]
1729 -- [3804  764]
1731 -- [4171 1496]
1732 -- [ 946 2317]
1735 -- [1302 2313]
1737 -- [  41 3725]
1738 -- [ 756 2576]
1741 -- [1060 3986]
1744 -- [1817  178]
1745 -- [4530 1811]
1747 -- [4458 1607]
1753 -- [2066 1751]
1754 -- [ 273 3569]
1757 -- [2855  169]
1759 -- [4135    5]
1763 -- [3604 1235]
1764 -- [1196 3661]
1768 -- [2375 1522]
1769 -- [2157 1264]
1774 -- [3293 1399]
1776 -- [2931 1016]
1777 -- [1589 4087]
1779 -- [3054  998]
1782 -- [1525 3990]
1784 -- [  18 4026]
1785 -- [2207  120]
1787 -- [ 528 2739]
1788 -- [1910  521]
1789 -- [1859  299]
1797 -- [3521 1472]
1800 -- [ 531 3628]
1801 -- [ 784 2879]
1803 -- [3591 1017]
1807 -- [2468 1332]
1808 -- [ 538 3481]
1810 -- [ 808 3466]
1811 -- [3337 1189]
1813 -- [2114 1505]
1814 -- [2678 1231]
1817 -- [2068  324]
1823 -- [1331 3252]
1824 -- [ 907 2563]
1826 -- [ 786 2853]
1830 -- [1043 2422]
1834 -- [4278 1566]
1835 -- [1576 4269]
1840 -- [3532 1637]
1841 -- [ 782 4214]
1843 -- [ 161 2116]
1845 -- [3475  128]
1846 -- [1748 3662]
1847 -- [1206 4020]
1848 -- [2996  880]
1849 -- [1297 2098]
1851 -- [ 640 3873]
1858 -- [1890  735]
1860 -- [1397 2542]
1862 -- [1550 4231]
1863 -- [4181 1413]
1864 -- [4477 1617]
1865 -- [ 572 3648]
1866 -- [1069 2834]
1869 -- [2701   89]
1871 -- [1389 2717]
1873 -- [1645 3849]
1878 -- [3999  457]
1880 -- [1227 3072]
1888 -- [ 780 4533]
1890 -- [ 815 2491]
1892 -- [4186 1750]
1893 -- [4299  270]
1894 -- [ 164 2080]
1897 -- [4528  270]
1898 -- [2189  644]
1903 -- [1249 4510]
1904 -- [ 496 1999]
1915 -- [2463 1406]
1917 -- [2925 1005]
1918 -- [2757 1278]
1925 -- [ 981 2925]
1934 -- [3221  174]
1936 -- [3897  516]
1937 -- [2859 1220]
1938 -- [3957  730]
1941 -- [3069 1167]
1943 -- [1921 1540]
1945 -- [2484  877]
1947 -- [1765 4167]
1948 -- [3255 1273]
1956 -- [1149 3571]
1959 -- [2977   95]
1961 -- [1504 3917]
1963 -- [ 321 3128]
1964 -- [ 438 4492]
1966 -- [3196  113]
1975 -- [ 381 2946]
1977 -- [3206 1312]
1978 -- [ 512 2984]
1979 -- [1467 2039]
1981 -- [ 521 3225]
1989 -- [ 650 3645]
1990 -- [1741 2513]
1991 -- [1870 1787]
1992 -- [3674  861]
1998 -- [ 299 2374]
2000 -- [ 633 2079]
2001 -- [2953  982]
2004 -- [2461 1428]
2009 -- [4471  903]
2011 -- [1824  475]
2013 -- [3395  245]
2015 -- [2402  599]
2016 -- [2211  418]
2019 -- [4111  430]
2021 -- [ 984 2896]
2022 -- [2352 1194]
2023 -- [3395  500]
2026 -- [ 602 3579]
2027 -- [ 310 2380]
2028 -- [4001 1800]
2029 -- [ 867 4533]
2030 -- [1943  113]
2031 -- [1014 2445]
2032 -- [ 440 2253]
2034 -- [1208 1909]
2035 -- [ 138 2145]
2037 -- [ 223 2039]
2039 -- [1251 2080]
2042 -- [  39 2277]
2045 -- [4443  520]
2048 -- [3705  395]
2049 -- [1920  744]
2051 -- [2518  747]
2052 -- [2627  874]
2056 -- [3048  731]
2057 -- [4571 1364]
2058 -- [ 808 2693]
2059 -- [ 284 2421]
2065 -- [1686 4533]
2069 -- [3489  759]
2071 -- [ 385 3281]
2072 -- [4136 1249]
2074 -- [1584 3357]
2078 -- [ 882 2584]
2079 -- [1688 4428]
2080 -- [1686 3520]
2082 -- [1635 2710]
2083 -- [3947 1764]
2084 -- [1650 2089]
2086 -- [1690 4187]
2092 -- [ 148 1854]
2093 -- [ 760 4050]
2102 -- [1745 2745]
2104 -- [2941  469]
2111 -- [4044 1120]
2116 -- [ 489 2913]
2117 -- [4011  665]
2120 -- [4536 1225]
2128 -- [1446 2476]
2129 -- [4119 1072]
2131 -- [2245  964]
2133 -- [4360 1233]
2134 -- [ 626 3172]
2137 -- [1352 2340]
2138 -- [1658 2201]
2140 -- [2156  490]
2142 -- [1901  385]
2143 -- [3210 1326]
2148 -- [2448 1649]
2149 -- [1722 2701]
2154 -- [1435 2758]
2155 -- [2719   64]
2157 -- [2381 1432]
2158 -- [3779   56]
2161 -- [3726 1496]
2162 -- [ 626 2231]
2167 -- [3148   33]
2168 -- [ 330 3558]
2169 -- [ 806 2423]
2173 -- [1650 2583]
2174 -- [ 141 3902]
2176 -- [3499 1290]
2183 -- [2526   16]
2184 -- [4598 1668]
2185 -- [2111 1033]
2186 -- [1733 4130]
2188 -- [3803 1217]
2190 -- [1774 3470]
2191 -- [3626  169]
2193 -- [ 476 4189]
2195 -- [ 189 1832]
2196 -- [1698 1992]
2197 -- [4530  501]
2199 -- [1794 2824]
2203 -- [ 759 3666]
2206 -- [2879  421]
2207 -- [3129   35]
2208 -- [3842 1658]
2209 -- [2823  815]
2213 -- [4233  106]
2214 -- [ 653 3660]
2216 -- [ 535 2900]
2221 -- [2700  251]
2222 -- [2826 1185]
2224 -- [3850  987]
2225 -- [ 901 2358]
2230 -- [1879 1668]
2231 -- [1186 4550]
2232 -- [1733 3063]
2237 -- [ 561 2559]
2241 -- [3583 1559]
2243 -- [1275 4482]
2244 -- [2273 1259]
2246 -- [1420 3513]
2247 -- [4311 1456]
2248 -- [ 301 4077]
2249 -- [2698  519]
2251 -- [2488  787]
2255 -- [3884 1035]
2260 -- [1525 4157]
2263 -- [ 840 2860]
2264 -- [1017 2821]
2265 -- [3878 1114]
2266 -- [4258   43]
2271 -- [2409 1326]
2272 -- [4024  567]
2277 -- [4547  324]
2280 -- [1525 2133]
2285 -- [1406 2080]
2290 -- [1924  982]
2291 -- [2401  881]
2292 -- [ 135 3842]
2293 -- [3875 1661]
2294 -- [3053 1521]
2299 -- [2489 1579]
2300 -- [1725 2557]
2301 -- [3898  841]
2302 -- [1118 4428]
2304 -- [ 786 3366]
2305 -- [3166 1511]
2306 -- [3621  120]
2307 -- [  64 1859]
2309 -- [ 868 3173]
2313 -- [3351 1511]
2314 -- [ 430 3426]
2315 -- [1140 4245]
2320 -- [2821  453]
2323 -- [ 481 3143]
2325 -- [  94 3876]
2326 -- [1735 4228]
2328 -- [1832  280]
2329 -- [ 511 4536]
2331 -- [ 880 2062]
2332 -- [3276  356]
2335 -- [2683 1376]
2338 -- [2038 1635]
2339 -- [ 533 2913]
2342 -- [ 166 2439]
2344 -- [  53 3235]
2345 -- [ 127 2683]
2350 -- [ 730 2363]
2351 -- [ 269 3135]
2355 -- [1269 3360]
2356 -- [3161 1752]
2363 -- [1855 1212]
2366 -- [1902  864]
2367 -- [1012 4317]
2369 -- [3188  946]
2372 -- [2715 1579]
2374 -- [ 500 2123]
2379 -- [ 117 4044]
2380 -- [1936  515]
2382 -- [2034 1064]
2387 -- [4061 1292]
2388 -- [1179 4005]
2394 -- [ 549 4400]
2395 -- [1799 2741]
2397 -- [2844  985]
2406 -- [3412 1393]
2409 -- [ 485 2844]
2411 -- [3851  475]
2412 -- [2200 1270]
2420 -- [1297 3574]
2421 -- [4595 1421]
2422 -- [1398 3111]
2424 -- [3479  674]
2427 -- [4021 1663]
2428 -- [4568  421]
2429 -- [3694  487]
2432 -- [ 570 2730]
2433 -- [3960  655]
2434 -- [2926 1222]
2436 -- [ 126 1853]
2437 -- [2406  317]
2442 -- [2447 1749]
2446 -- [ 962 2960]
2447 -- [2777  385]
2448 -- [2742  482]
2449 -- [1470 3859]
2450 -- [2930  100]
2453 -- [1500 2488]
2457 -- [1278 2916]
2459 -- [1515 3033]
2460 -- [ 120 4297]
2462 -- [ 143 2507]
2463 -- [ 532 4070]
2466 -- [1538 3268]
2468 -- [4506  651]
2469 -- [1855 1347]
2473 -- [2730 1517]
2475 -- [3904  747]
2480 -- [3258   32]
2481 -- [ 633 2483]
2482 -- [3612 1735]
2484 -- [1795 4330]
2487 -- [ 403 2289]
2491 -- [1180 3410]
2494 -- [2239   33]
2495 -- [3492 1290]
2496 -- [2535 1145]
2497 -- [1636 3171]
2498 -- [ 493 4352]
2506 -- [3363  463]
2508 -- [3213    5]
2509 -- [1421 2772]
2511 -- [4529 1508]
2519 -- [ 273 3959]
2520 -- [ 109 3262]
2521 -- [2312 1674]
2532 -- [3487 1244]
2533 -- [3002  138]
2535 -- [1969 1157]
2546 -- [1824  624]
2547 -- [2224 1211]
2551 -- [1933  703]
2552 -- [1852  906]
2553 -- [2162 1631]
2558 -- [ 759 3607]
2560 -- [2359 1545]
2562 -- [2561  901]
2564 -- [  89 3515]
2566 -- [ 802 2917]
2567 -- [3507 1194]
2568 -- [1214 2966]
2570 -- [2232   34]
2572 -- [3126  468]
2574 -- [4109   67]
2575 -- [2649 1542]
2578 -- [1590 2792]
2580 -- [3526 1610]
2581 -- [1714 1912]
2582 -- [2811 1232]
2583 -- [3991  730]
2584 -- [2107  653]
2588 -- [2533 1455]
2590 -- [ 965 3743]
2591 -- [2437 1134]
2594 -- [3468 1506]
2597 -- [2171 1752]
2601 -- [ 393 2746]
2602 -- [3829 1019]
2604 -- [1722 4184]
2608 -- [1794 4426]
2609 -- [1169 2471]
2610 -- [2595  968]
2611 -- [4243  642]
2616 -- [2756 1389]
2617 -- [ 863 2873]
2618 -- [ 519 3434]
2625 -- [ 251 2858]
2627 -- [ 393 3703]
2629 -- [1358 4497]
2630 -- [1865 1232]
2631 -- [1064 3112]
2632 -- [ 191 3070]
2641 -- [2777 1358]
2643 -- [3236 1645]
2645 -- [2498  774]
2649 -- [3604 1203]
2650 -- [4258  567]
2653 -- [4335  511]
2654 -- [ 475 2097]
2657 -- [ 982 3754]
2658 -- [3399  949]
2659 -- [ 169 3784]
2661 -- [2602  852]
2663 -- [ 120 1911]
2665 -- [ 105 2095]
2667 -- [1402 1819]
2669 -- [4433 1462]
2675 -- [1326 3654]
2678 -- [1658 4026]
2680 -- [1746 1952]
2685 -- [1497 2372]
2686 -- [3182  217]
2688 -- [1393 3321]
2692 -- [3407   20]
2694 -- [2885  833]
2696 -- [ 203 4068]
2700 -- [3367  461]
2702 -- [2239 1661]
2706 -- [3777  371]
2716 -- [ 601 2232]
2718 -- [2393  780]
2726 -- [4298 1706]
2727 -- [4100  358]
2729 -- [4214  181]
2732 -- [4331  128]
2733 -- [ 166 3374]
2736 -- [1272 2416]
2738 -- [1735 2516]
2740 -- [1558 1950]
2742 -- [4518 1526]
2744 -- [ 393 3535]
2757 -- [2290 1270]
2758 -- [ 335 3340]
2762 -- [1949 1407]
2763 -- [2044 1663]
2765 -- [ 880 3477]
2766 -- [1508 4300]
2769 -- [2035  109]
2771 -- [1675 2969]
2773 -- [4384  540]
2774 -- [ 212 3067]
2777 -- [ 728 2595]
2778 -- [3018  924]
2779 -- [1799 2131]
2780 -- [4529 1371]
2782 -- [1636 4278]
2788 -- [ 777 2065]
2789 -- [3551 1771]
2790 -- [ 643 2830]
2798 -- [1414 3977]
2800 -- [1562 4544]
2801 -- [ 807 2090]
2811 -- [2097  899]
2819 -- [1134 2483]
2820 -- [1440 3438]
2823 -- [4072 1407]
2827 -- [ 231 2686]
2828 -- [1717 2514]
2833 -- [ 643 3095]
2836 -- [ 887 2211]
2837 -- [1941  519]
2842 -- [3320  479]
2845 -- [4430  621]
2846 -- [3901  500]
2848 -- [1922  444]
2850 -- [4152   56]
2852 -- [2650  693]
2854 -- [3347  606]
2855 -- [3297  728]
2858 -- [1098 2789]
2861 -- [2461  374]
2862 -- [2153  907]
2865 -- [1641 3119]
2866 -- [4521  270]
2869 -- [3001  438]
2871 -- [3443 1239]
2874 -- [ 404 3794]
2875 -- [4462   84]
2876 -- [ 358 4479]
2877 -- [  88 2423]
2878 -- [  69 2246]
2888 -- [1511 3283]
2889 -- [2018  466]
2891 -- [ 163 3869]
2892 -- [3215  606]
2893 -- [ 646 4047]
2894 -- [2922 1412]
2908 -- [1323 2770]
2909 -- [4534 1805]
2912 -- [ 956 2714]
2914 -- [3348 1276]
2915 -- [3579  487]
2916 -- [ 469 2752]
2917 -- [3368 1650]
2919 -- [2973  265]
2921 -- [2585  495]
2924 -- [3313 1091]
2928 -- [4260 1389]
2931 -- [1287 3936]
2939 -- [3147 1196]
2941 -- [2958  143]
2943 -- [1217 2371]
2946 -- [2309 1809]
2947 -- [2173 1811]
2948 -- [2705 1011]
2953 -- [1661 1948]
2954 -- [ 874 3703]
2955 -- [1675 3818]
2957 -- [2421   33]
2959 -- [2409 1142]
2960 -- [2059 1513]
2963 -- [ 833 4128]
2964 -- [3425  333]
2968 -- [2693 1542]
2972 -- [ 799 2998]
2973 -- [1449 3184]
2979 -- [2752 1049]
2989 -- [2853  360]
2991 -- [ 457 3519]
2999 -- [1515 3932]
3001 -- [3834 1687]
3003 -- [ 567 4149]
3010 -- [1686 3364]
3014 -- [ 592 3956]
3018 -- [2936  971]
3020 -- [ 903 2075]
3023 -- [1589 2404]
3024 -- [1840 1016]
3028 -- [3493 1180]
3036 -- [3803 1326]
3037 -- [2934 1640]
3038 -- [3376 1521]
3039 -- [4506 1368]
3040 -- [1017 3602]
3041 -- [1066 2894]
3042 -- [3018 1768]
3043 -- [3949  236]
3045 -- [2785 1668]
3048 -- [4482  678]
3049 -- [ 466 3636]
3051 -- [4165 1800]
3054 -- [3662  113]
3055 -- [2637 1566]
3059 -- [3052  907]
3061 -- [2726 1694]
3065 -- [2214 1406]
3068 -- [1831  754]
3075 -- [ 133 3100]
3076 -- [ 989 2776]
3077 -- [4137    5]
3078 -- [2337  150]
3079 -- [1735 2866]
3081 -- [ 465 1950]
3082 -- [ 876 3010]
3083 -- [ 113 3521]
3087 -- [3299  100]
3089 -- [4428  667]
3092 -- [4311  669]
3094 -- [3234 1297]
3098 -- [4032 1212]
3101 -- [4290 1512]
3102 -- [1351 3860]
3103 -- [ 250 2250]
3104 -- [3082 1801]
3111 -- [  23 3414]
3112 -- [4236 1767]
3115 -- [ 408 4457]
3117 -- [ 174 2202]
3123 -- [4418  977]
3128 -- [1931  366]
3129 -- [4072  982]
3131 -- [ 131 2834]
3132 -- [1420 4406]
3133 -- [2462  856]
3137 -- [ 325 2793]
3142 -- [1208 4139]
3144 -- [ 323 2514]
3145 -- [3554  867]
3146 -- [2584 1749]
3147 -- [ 984 3885]
3155 -- [1417 2546]
3158 -- [ 968 2890]
3159 -- [2113  463]
3160 -- [ 627 3360]
3163 -- [4214 1391]
3164 -- [1587 3384]
3165 -- [2291  824]
3169 -- [3331  441]
3170 -- [3538 1146]
3173 -- [ 145 4050]
3175 -- [ 109 4501]
3179 -- [3464  716]
3182 -- [2039  686]
3184 -- [1358 2364]
3185 -- [3760  779]
3186 -- [3372  534]
3190 -- [ 152 3417]
3191 -- [ 781 4469]
3194 -- [1398 2363]
3196 -- [1207 2295]
3199 -- [ 168 1933]
3201 -- [4332  279]
3202 -- [3748   30]
3207 -- [2928 1241]
3211 -- [3003 1517]
3214 -- [3314  893]
3218 -- [1400 3258]
3222 -- [3164 1770]
3229 -- [4281 1481]
3233 -- [1245 3869]
3237 -- [1599 4196]
3239 -- [2856  312]
3241 -- [1710 2360]
3245 -- [ 469 1966]
3253 -- [3225  476]
3254 -- [1695 3123]
3255 -- [1221 4226]
3256 -- [3516  783]
3257 -- [ 831 3378]
3258 -- [ 481 2942]
3260 -- [ 971 4079]
3262 -- [3095  731]
3263 -- [1851 1610]
3266 -- [2174  730]
3267 -- [1087 2419]
3274 -- [1076 2869]
3281 -- [ 436 3131]
3283 -- [3165 1290]
3286 -- [1132 2749]
3287 -- [ 590 4442]
3288 -- [ 257 4265]
3289 -- [ 764 2393]
3290 -- [1186 4429]
3293 -- [3947  313]
3296 -- [3075  860]
3297 -- [2995  780]
3301 -- [1774 4330]
3302 -- [2077 1420]
3307 -- [1392 2856]
3313 -- [ 208 4449]
3314 -- [1765 4306]
3315 -- [2120  622]
3317 -- [ 500 1874]
3318 -- [4286 1511]
3319 -- [1352 3958]
3321 -- [2520 1795]
3327 -- [2092 1270]
3330 -- [1811 4597]
3331 -- [3677  228]
3336 -- [2965 1725]
3338 -- [3282  524]
3339 -- [ 266 4468]
3341 -- [4493   89]
3346 -- [3370  525]
3347 -- [2313 1622]
3348 -- [4438  930]
3350 -- [ 546 2943]
3353 -- [2055  739]
3359 -- [2488  648]
3361 -- [4079 1421]
3369 -- [1487 2322]
3371 -- [1145 2772]
3373 -- [ 853 2364]
3381 -- [ 794 4162]
3384 -- [2310  321]
3393 -- [2870  795]
3394 -- [ 421 2922]
3405 -- [1232 3025]
3406 -- [3551 1410]
3407 -- [ 215 4428]
3410 -- [3089 1206]
3411 -- [ 469 2687]
3418 -- [1615 2708]
3420 -- [ 774 4253]
3421 -- [ 766 3581]
3422 -- [ 357 3886]
3423 -- [1012 2171]
3425 -- [3189 1162]
3426 -- [4546 1063]
3427 -- [1202 4441]
3432 -- [ 494 2776]
3435 -- [ 765 4373]
3436 -- [ 852 3095]
3437 -- [ 357 2154]
3441 -- [4023 1310]
3442 -- [1741 4397]
3444 -- [3155 1317]
3445 -- [3243  681]
3450 -- [3432  899]
3451 -- [ 631 4263]
3452 -- [4497  501]
3454 -- [2320  179]
3455 -- [2757 1736]
3456 -- [1504 2806]
3461 -- [1261 4475]
3465 -- [3750 1682]
3469 -- [1105 4196]
3471 -- [  80 2628]
3475 -- [4216   31]
3476 -- [3567 1674]
3477 -- [2675  728]
3478 -- [ 867 4340]
3483 -- [2394 1154]
3485 -- [2063 1237]
3486 -- [3312 1420]
3491 -- [ 844 2792]
3492 -- [2614  272]
3493 -- [2928 1169]
3494 -- [ 259 3790]
3496 -- [3608   26]
3510 -- [1521 2668]
3511 -- [1460 3552]
3513 -- [4228  546]
3514 -- [4560 1521]
3518 -- [ 751 2865]
3519 -- [3175  475]
3520 -- [2744 1745]
3522 -- [1354 3642]
3525 -- [ 424 2666]
3526 -- [3570  506]
3528 -- [3789  165]
3535 -- [2344 1384]
3536 -- [ 331 2833]
3537 -- [2073 1404]
3541 -- [2286  808]
3543 -- [ 648 1988]
3545 -- [2600  393]
3547 -- [2884 1741]
3551 -- [  11 2910]
3557 -- [ 357 2846]
3559 -- [1746 3807]
3560 -- [2990 1784]
3564 -- [4283 1408]
3566 -- [2056 1686]
3569 -- [1533 2207]
3574 -- [ 116 1954]
3575 -- [2030  128]
3577 -- [4213  814]
3578 -- [1153 3641]
3580 -- [2016 1676]
3581 -- [2956 1048]
3584 -- [1220 2959]
3585 -- [1188 2711]
3586 -- [2462 1344]
3589 -- [1339 2801]
3590 -- [2526  111]
3594 -- [1278 3635]
3595 -- [2404  512]
3596 -- [3543 1637]
3598 -- [2405  764]
3602 -- [4044 1809]
3605 -- [4374 1661]
3611 -- [1736 3355]
3612 -- [ 784 4578]
3615 -- [1761 1918]
3616 -- [ 783 3364]
3618 -- [3415  631]
3624 -- [ 417 1891]
3626 -- [2515  875]
3627 -- [2284  688]
3629 -- [ 870 4219]
3630 -- [3748  432]
3633 -- [1058 4219]
3641 -- [4251 1280]
3644 -- [2303 1774]
3647 -- [4239 1197]
3648 -- [1937 1427]
3652 -- [  20 3724]
3653 -- [3869 1441]
3658 -- [4248 1515]
3659 -- [ 243 3898]
3662 -- [1249 2542]
3666 -- [2116  220]
3667 -- [3082  937]
3668 -- [4415 1347]
3669 -- [4168 1269]
3670 -- [3593  452]
3672 -- [ 528 4498]
3674 -- [ 408 1960]
3676 -- [3117  550]
3677 -- [4598 1262]
3681 -- [1323 2400]
3685 -- [1864  356]
3687 -- [1246 3534]
3688 -- [3119 1323]
3691 -- [4553 1587]
3692 -- [2907  968]
3694 -- [ 755 3769]
3696 -- [2984  762]
3699 -- [ 438 3991]
3703 -- [2951 1490]
3704 -- [1710 4140]
3709 -- [1072 3731]
3710 -- [3650  601]
3711 -- [2968 1037]
3712 -- [2697  461]
3713 -- [1196 2806]
3716 -- [3572 1532]
3718 -- [2323  543]
3721 -- [3504  642]
3723 -- [ 112 3612]
3724 -- [1427 4080]
3726 -- [4591  589]
3729 -- [4164 1352]
3730 -- [3405  820]
3735 -- [1217 3975]
3736 -- [3506 1197]
3739 -- [3199  214]
3741 -- [4010  364]
3743 -- [ 301 2612]
3747 -- [4426 1400]
3748 -- [1849  674]
3751 -- [ 633 2544]
3752 -- [1869  490]
3753 -- [1435 2312]
3757 -- [1132 2992]
3758 -- [2751 1249]
3761 -- [3412 1072]
3764 -- [ 477 3676]
3766 -- [1036 2937]
3767 -- [1934 1687]
3773 -- [ 588 4187]
3776 -- [4054 1145]
3782 -- [ 903 4193]
3783 -- [1147 2892]
3784 -- [3763  966]
3787 -- [2653  184]
3789 -- [2023 1790]
3791 -- [ 317 3321]
3792 -- [3670   16]
3795 -- [1967 1615]
3797 -- [4110   43]
3801 -- [ 832 2600]
3805 -- [3776 1454]
3806 -- [2641 1587]
3807 -- [ 141 2499]
3809 -- [1751 2928]
3810 -- [3438 1409]
3813 -- [ 882 2004]
3816 -- [1774 2001]
3817 -- [ 780 3665]
3819 -- [3144  606]
3823 -- [3290  617]
3830 -- [3998  764]
3834 -- [1316 2821]
3839 -- [2194  462]
3846 -- [ 830 2636]
3853 -- [1506 3441]
3854 -- [ 771 4014]
3855 -- [1636 2267]
3857 -- [1733 4156]
3862 -- [1332 3938]
3864 -- [3688 1331]
3865 -- [2031   53]
3870 -- [4396  777]
3872 -- [2184  694]
3874 -- [3409 1212]
3875 -- [ 179 2715]
3879 -- [ 134 2087]
3880 -- [ 257 3776]
3885 -- [2090 1615]
3887 -- [2775  464]
3894 -- [3892  478]
3896 -- [ 900 1994]
3897 -- [2510  728]
3899 -- [1011 3185]
3901 -- [3885 1736]
3903 -- [ 144 3356]
3904 -- [ 174 4556]
3909 -- [3518  713]
3916 -- [2109 1560]
3918 -- [1897 1126]
3922 -- [3429  301]
3923 -- [1525 4094]
3929 -- [1071 4130]
3930 -- [2176   57]
3932 -- [4058  120]
3933 -- [ 299 4174]
3935 -- [ 166 2573]
3940 -- [2682  882]
3941 -- [4180  347]
3942 -- [2245  347]
3946 -- [1855  616]
3947 -- [4473 1274]
3948 -- [ 882 3618]
3950 -- [2722  664]
3951 -- [2870  639]
3952 -- [2022  664]
3958 -- [ 645 2364]
3961 -- [2975  833]
3963 -- [1635 3845]
3964 -- [1290 3786]
3966 -- [ 873 3884]
3967 -- [2270 1408]
3968 -- [ 383 3896]
3969 -- [ 444 2318]
3973 -- [ 118 2128]
3975 -- [1193 2681]
3976 -- [ 128 2154]
3978 -- [2818  470]
3984 -- [3872  633]
3985 -- [3332   18]
3986 -- [2041 1774]
3987 -- [ 269 4507]
3989 -- [3328  815]
3992 -- [2482 1615]
3994 -- [ 152 2063]
3995 -- [2462   51]
3996 -- [4003  962]
4006 -- [2651 1249]
4007 -- [3322  816]
4008 -- [2329  787]
4009 -- [1697 2386]
4010 -- [ 537 3451]
4011 -- [2808 1589]
4012 -- [1631 4058]
4013 -- [1891 1400]
4015 -- [1408 4184]
4017 -- [3998 1751]
4019 -- [1522 3934]
4020 -- [2064 1724]
4025 -- [1331 3752]
4026 -- [3716  179]
4028 -- [1104 3903]
4029 -- [ 176 3238]
4030 -- [4231   69]
4032 -- [3430 1398]
4034 -- [3503  739]
4035 -- [4018  360]
4036 -- [ 874 2635]
4038 -- [1823 1583]
4039 -- [3200 1142]
4040 -- [1890  848]
4041 -- [4517 1020]
4042 -- [4537 1287]
4045 -- [2287  612]
4047 -- [4593  846]
4050 -- [ 404 4240]
4051 -- [ 900 2020]
4054 -- [4071  308]
4060 -- [ 754 4270]
4062 -- [4130  143]
4064 -- [1675 3048]
4065 -- [2339  504]
4068 -- [4453  553]
4069 -- [1038 4573]
4071 -- [1135 3074]
4072 -- [1735 3696]
4074 -- [1625 4332]
4076 -- [ 795 2090]
4077 -- [ 334 3904]
4078 -- [   7 2531]
4079 -- [3615  596]
4081 -- [1326 2568]
4085 -- [3198  451]
4087 -- [3481 1440]
4093 -- [2382  161]
4094 -- [ 172 2121]
4099 -- [1379 4483]
4100 -- [1295 4338]
4107 -- [4488 1104]
4110 -- [ 512 3838]
4115 -- [1181 3747]
4117 -- [4267  530]
4119 -- [ 966 3783]
4120 -- [ 302 3931]
4123 -- [ 653 2081]
4124 -- [2061  132]
4126 -- [3885   84]
4131 -- [1179 4314]
4133 -- [4009 1635]
4134 -- [ 643 2080]
4135 -- [ 621 3339]
4138 -- [2390 1104]
4143 -- [ 250 3198]
4144 -- [ 569 3011]
4147 -- [1839  236]
4150 -- [ 658 2956]
4152 -- [3779    7]
4154 -- [ 470 1899]
4155 -- [ 640 3407]
4158 -- [1162 3491]
4165 -- [3957  876]
4172 -- [2787 1063]
4173 -- [4135  270]
4174 -- [ 212 4238]
4176 -- [ 461 2882]
4180 -- [2495 1459]
4185 -- [ 124 2275]
4189 -- [2814 1383]
4190 -- [4443 1049]
4191 -- [1339 2715]
4193 -- [3271  116]
4194 -- [3140 1631]
4195 -- [ 962 3752]
4197 -- [2268  594]
4199 -- [4486 1304]
4202 -- [3882  184]
4204 -- [  10 3143]
4210 -- [3704  126]
4216 -- [ 367 4345]
4218 -- [ 869 2552]
4219 -- [  18 2875]
4222 -- [4364 1384]
4223 -- [ 108 3344]
4224 -- [3187 1219]
4226 -- [1515 2783]
4228 -- [ 536 1968]
4230 -- [3680  235]
4232 -- [ 620 3613]
4235 -- [2140  321]
4237 -- [2800  755]
4246 -- [2410 1131]
4248 -- [4350  152]
4251 -- [1422 2233]
4259 -- [2033   56]
4263 -- [1610 3529]
4264 -- [ 481 4264]
4265 -- [4033  195]
4268 -- [3090  316]
4271 -- [1650 4353]
4272 -- [ 266 1944]
4280 -- [1767 3648]
4281 -- [ 269 2240]
4283 -- [4331 1335]
4284 -- [3607 1332]
4289 -- [3576   20]
4290 -- [3489  266]
4291 -- [3352  653]
4293 -- [2202 1734]
4298 -- [2202 1205]
4300 -- [4061 1141]
4302 -- [1277 3137]
4303 -- [2111  901]
4309 -- [3660  127]
4310 -- [3245  489]
4311 -- [ 395 1855]
4317 -- [2144  643]
4320 -- [3935 1435]
4329 -- [3935 1538]
4331 -- [ 109 3705]
4333 -- [3913  912]
4334 -- [1897  113]
4339 -- [ 864 2801]
4350 -- [3822  250]
4352 -- [4372   73]
4355 -- [4417  482]
4356 -- [2313  281]
4357 -- [ 460 3710]
4358 -- [1532 2738]
4359 -- [2635  528]
4360 -- [4541 1343]
4365 -- [ 434 3065]
4367 -- [ 876 3788]
4368 -- [2329  975]
4370 -- [2242 1012]
4372 -- [1531 2860]
4373 -- [2551  889]
4374 -- [1162 2863]
4375 -- [4126 1005]
4380 -- [3205   94]
4381 -- [4364  864]
4382 -- [1378 1969]
4383 -- [ 947 2183]
4384 -- [2707  900]
4385 -- [2738  543]
4387 -- [3057  690]
4388 -- [ 440 2553]
7 -time: 0.02131 -dim: (11172, 2)
8 -time: 0.00012 -dim: (7, 57)
9 -time: 3.97537 -dim: (1835400, 3)
10 -time: 5.56860 -dim: (1730141, 3)
11_12 -time: 0.19368 -dim: [110424, 2]
13 -time: 0.07774 -dim: (36808, 4)
14_15 -time: 0.03289 -dim: [798, 2]
16 -time: 0.00001 -dim: (0, 2)
17_18 -time: 0.35663 -dim: [73616, 3]
19 -time: 0.00008 -dim: (1, 1)
20 -time: 0.22470 -dim: (0, 4601)
21 -time: 0.00077 -dim: (1, 4601)
22 -time: 0.00008 -dim: (4389, 3)
23 -time: 0.00005 -dim: (4389, 3)
24 -time: 0.00004 -dim: (0, 5)
25 -time: 0.00009 -dim: (4813, 3)
26 -time: 0.00006 -dim: (4813, 3)
smtPr 22-26 -time: 0.02995 -dim: nan
slvr_header -time: 1.39242 -dim: nan
*solver* -time: 900.11308 -dim: nan
res_read -time: 0.09559 -dim: nan
-- SUM CL TIME: 10.48217          |  SUM other TIME: 901.60109          |  SUM TIME: 912.08326
