687 768
123 219
841 908
78 168
682 735
279 482
738 945
517 586
309 314
773 993
724 974
752 830
822 957
508 512
509 920
64 78
241 445
598 847
582 965
312 402
193 229
627 908
17 117
396 474
634 881
16 449
592 682
280 304
632 886
844 990
167 359
673 819
673 892
634 750
86 109
2 17
788 818
787 870
526 829
76 202
546 955
250 486
20 270
112 285
18 438
221 303
699 971
640 978
57 376
181 345
193 388
882 944
667 774
167 274
262 410
762 910
712 889
212 389
332 419
832 919
520 791
20 291
867 972
367 472
746 781
884 969
384 469
554 630
54 130
878 930
50 368
550 868
115 383
615 883
860 995
360 495
72 301
572 801
806 816
306 316
132 413
632 913
53 306
378 430
553 806
22 247
518 669
122 335
622 835
0 437
500 937
59 191
559 691
522 747
18 169
338 385
882 903
852 910
352 410
735 762
235 262
838 885
954 970
454 470
142 329
642 829
96 242
596 742
246 281
117 167
617 667
768 863
578 925
78 425
674 730
382 403
61 302
561 802
577 644
36 302
536 802
789 965
289 465
785 910
285 410
590 715
824 858
502 605
90 215
174 230
104 392
604 892
709 888
209 388
707 947
81 152
762 852
262 352
25 358
581 652
183 349
268 363
68 411
123 443
207 447
58 105
822 948
40 108
594 694
683 849
322 448
540 608
62 304
370 405
870 905
230 445
149 400
649 900
558 605
77 144
525 858
94 194
324 358
285 352
785 852
515 926
536 883
84 312
584 812
2 105
157 314
657 814
36 383
8 59
97 182
597 682
562 804
508 559
179 422
679 922
735 910
235 410
911 981
623 943
762 785
262 285
937 973
437 473
802 883
616 639
116 139
15 426
545 989
302 383
8 191
508 691
595 772
617 774
117 274
576 983
76 483
730 945
53 316
93 231
593 731
568 911
590 780
57 161
557 661
296 352
796 852
44 87
553 816
801 925
301 425
544 587
90 280
95 272
642 968
142 468
96 193
596 693
318 493
818 993
508 516
692 814
192 314
58 406
45 489
8 16
87 254
558 906
193 292
693 792
523 627
23 127
544 736
49 98
549 598
274 422
774 922
615 662
115 162
39 471
539 971
207 426
56 118
556 618
411 481
44 236
918 942
418 442
911 989
639 872
646 994
139 372
536 615
659 872
172 436
672 936
159 372
117 179
617 679
36 115
587 754
359 433
193 242
693 742
859 933
445 481
449 459
26 148
526 648
97 450
597 950
83 317
949 959
70 299
583 817
707 926
299 406
799 906
500 973
0 473
945 981
589 871
89 371
20 227
520 727
570 799
542 869
42 369
667 922
167 422
658 985
158 485
411 489
76 424
576 924
312 457
812 957
357 363
857 863
160 205
660 705
158 432
658 932
845 909
555 720
159 457
464 487
964 987
647 930
36 61
536 561
659 957
240 290
740 790
167 179
667 679
147 430
622 996
122 496
350 382
850 882
628 877
659 964
159 464
146 494
128 377
2 70
157 203
565 975
65 475
766 853
458 467
808 887
308 387
625 972
803 811
125 472
329 427
829 927
303 311
266 353
846 926
539 946
39 446
55 311
657 703
829 968
329 468
213 450
713 950
686 992
186 492
100 493
600 993
74 246
286 406
147 401
30 123
662 883
958 967
63 241
162 383
786 906
530 623
860 916
360 416
715 780
215 280
502 570
135 342
459 473
391 470
891 970
959 973
735 852
235 352
541 962
574 746
345 409
635 842
584 957
84 457
101 445
41 462
53 280
65 432
565 932
553 780
230 481
213 470
713 970
679 774
179 274
101 119
55 220
280 306
780 806
782 833
148 221
648 721
601 945
601 619
735 785
235 285
946 971
446 471
147 378
617 922
117 422
600 791
100 291
209 307
709 807
647 878
57 221
557 721
399 437
899 937
350 403
525 824
42 181
542 681
718 743
615 802
551 950
51 450
561 883
647 901
263 311
763 811
115 302
21 309
521 809
234 399
174 445
804 827
177 394
677 894
668 957
168 457
282 333
734 899
125 367
625 867
61 383
25 324
142 427
642 927
18 325
555 811
520 818
20 318
626 917
126 417
156 177
656 677
304 327
2 58
341 439
841 939
568 962
850 903
32 305
518 825
532 805
573 618
138 451
638 951
166 346
186 188
686 688
661 721
161 221
129 272
393 404
33 316
578 801
78 301
587 736
26 221
526 721
502 558
533 632
533 816
595 857
73 118
33 132
346 426
742 758
242 258
629 772
575 768
75 268
87 236
72 425
572 925
84 159
534 756
531 804
5 61
505 561
734 895
584 659
949 995
234 395
449 495
68 462
893 904
81 433
581 933
563 741
37 449
537 949
212 399
836 872
336 372
506 605
510 530
892 918
392 418
272 357
34 256
712 899
106 310
84 464
584 964
587 863
937 959
234 459
437 459
666 846
734 959
52 269
552 769
674 945
76 223
576 723
563 902
727 791
227 291
510 623
835 996
335 496
6 105
606 810
31 304
715 755
389 437
288 310
193 442
693 942
62 327
889 937
590 816
389 399
215 255
90 316
512 838
104 224
262 296
762 796
285 296
785 796
99 109
599 609
95 357
113 221
613 721
20 100
520 600
604 724
639 836
87 363
772 857
9 441
509 941
90 196
12 338
889 899
637 933
360 449
208 294
41 259
860 949
562 827
139 336
706 878
137 433
274 369
774 869
411 462
541 759
730 981
666 929
630 821
590 696
130 321
708 794
822 966
427 468
927 968
819 920
296 410
796 910
966 987
218 243
570 605
322 466
466 487
48 358
584 628
195 305
168 312
668 812
84 128
695 805
891 954
391 454
38 251
538 751
598 829
98 329
307 427
807 927
245 365
590 806
366 368
296 425
796 925
*
160 678
367 726
118 526
262 879
168 930
176 843
299 897
451 801
40 991
286 937
143 607
264 827
410 534
390 880
290 982
47 644
363 987
346 527
57 806
440 834
455 568
200 518
96 753
48 767
40 728
313 654
413 507
97 794
363 704
18 986
387 940
207 919
162 572
143 781
156 615
109 954
60 521
188 859
79 676
69 697
10 549
398 813
118 907
307 922
290 719
464 726
126 710
72 913
*
