chainlink,1732,0.1,0.1,1,0,52,0,48,0,989,17,0.9330890287485943,OPTIMUM,0.20986,0.77383,1.02689,OPTIMUM,0.19357,1.30841,3.79971,4.8266
chainlink,1732,0.1,0.25,1,0,126,0,119,5,989,11,0.9253692972812678,OPTIMUM,0.20807,52.40370,52.65554,OPTIMUM,0.20008,1.08697,3.67594,56.33148
chainlink,1732,0.1,0.5,1,0,247,0,245,8,989,11,0.940840787490903,OPTIMUM,0.20794,99.01964,99.27729,OPTIMUM,0.19890,0.63052,3.38925,102.66654
chainlink,1732,0.1,0.7,1,0,355,2,333,10,989,11,0.9525284931389837,OPTIMUM,0.21226,327.83047,328.09296,OPTIMUM,0.19283,0.43880,2.84973,330.94269
chainlink,1732,0.1,1.0,1,0,501,6,480,13,989,11,0.9564404053483773,OPTIMUM,0.21048,261.93832,262.20272,OPTIMUM,0.20037,0.33339,2.81485,265.01757
chainlink,1732,0.1,1.5,1,0,770,9,702,19,989,11,0.9603603263608347,SATISFIABLE,0.20698,900.01396,900.27665,OPTIMUM,0.19774,0.35772,2.86844,903.14509
chainlink,1732,0.1,1.75,1,0,891,10,828,21,989,11,0.9603603263608347,OPTIMUM,0.22720,743.03996,743.32386,OPTIMUM,0.19506,0.25083,2.73852,746.06238
chainlink,1732,0.1,2.0,1,0,1010,10,958,22,989,11,0.9603603263608347,OPTIMUM,0.22271,247.14331,247.44052,OPTIMUM,0.19631,0.35902,2.89456,250.33508
glass,1732,0.1,0.1,1,0,9,0,12,0,1109,1,0.14974594949529096,OPTIMUM,0.33501,1.02241,1.41591,OPTIMUM,0.35138,3.98613,4.61780,6.03371
glass,1732,0.1,0.1,1,1,9,0,12,0,1110,2,0.1662128475561938,OPTIMUM,0.33501,1.02241,1.41591,OPTIMUM,0.35354,1.92425,2.54583,3.96174
glass,1732,0.1,0.1,1,2,9,0,12,0,1118,19,0.18258825501363773,OPTIMUM,0.33501,1.02241,1.41591,OPTIMUM,0.30177,2.63486,3.21212,4.62803
glass,1732,0.1,0.1,1,3,9,0,12,0,1143,24,0.22215619459696634,OPTIMUM,0.33501,1.02241,1.41591,OPTIMUM,0.29962,11.07398,11.68598,13.101890000000001
glass,1732,0.1,0.1,1,4,9,0,12,0,1162,29,0.1877298863209634,OPTIMUM,0.33501,1.02241,1.41591,OPTIMUM,0.34943,5.92174,6.54321,7.95912
glass,1732,0.1,0.1,1,5,9,0,12,0,1241,51,0.20399188912570737,OPTIMUM,0.33501,1.02241,1.41591,OPTIMUM,0.35483,2.12315,2.74903,4.16494
glass,1732,0.1,0.25,1,0,20,0,33,0,1109,1,0.2183909677496813,OPTIMUM,0.34220,2.22063,2.62241,OPTIMUM,0.34814,39.88042,40.50410,43.12651
glass,1732,0.1,0.25,1,1,20,0,33,0,1110,2,0.2067569490653311,OPTIMUM,0.34220,2.22063,2.62241,OPTIMUM,0.35231,15.71363,16.33184,18.95425
glass,1732,0.1,0.25,1,2,20,0,33,0,1118,18,0.18413935831829265,OPTIMUM,0.34220,2.22063,2.62241,OPTIMUM,0.30329,40.32070,40.89506,43.51747
glass,1732,0.1,0.25,1,3,20,0,33,0,1229,24,0.18318715372416042,OPTIMUM,0.34220,2.22063,2.62241,OPTIMUM,0.30237,9.66860,10.23468,12.857090000000001
glass,1732,0.1,0.25,1,4,20,0,33,0,1257,29,0.34155993359444503,OPTIMUM,0.34220,2.22063,2.62241,OPTIMUM,0.33678,9.22172,9.83102,12.45343
glass,1732,0.1,1.5,1,0,52,32,232,5,1469,5,0.29774782479315487,SATISFIABLE,0.34578,900.01755,900.44931,OPTIMUM,0.35714,326.25561,326.86271,1227.3120199999998
glass,1732,0.1,1.75,1,0,70,26,266,12,1471,6,0.4436581050354399,SATISFIABLE,0.33893,900.01456,900.44409,OPTIMUM,0.31624,213.13942,213.71204,1114.1561299999998
glass,1732,0.1,2.0,1,0,69,45,296,18,1477,2,0.26146697496322147,SATISFIABLE,0.33877,900.01367,900.44498,OPTIMUM,0.30574,220.22232,220.79126,1121.23624
ionosphere,1732,0.1,0.1,1,0,23,0,12,0,3567,240,0.4472029515800799,OPTIMUM,0.37651,0.41549,0.85110,OPTIMUM,0.42783,4.69602,5.33603,6.18713
ionosphere,1732,0.1,0.25,1,0,49,0,36,2,3572,195,0.608347644594396,SATISFIABLE,0.36712,900.01329,900.45734,OPTIMUM,0.45056,525.86716,526.55816,1427.0155
ionosphere,1732,0.1,0.5,1,0,86,9,70,10,0,0,,SATISFIABLE,0.37284,900.01359,900.46546,UNSATISFIABLE,0.44289,72.73944,73.45618,973.92164
ionosphere,1732,0.1,0.7,1,0,121,8,103,13,0,0,,SATISFIABLE,0.36994,900.01455,900.46839,UNSATISFIABLE,0.43893,4.87353,5.58968,906.05807
ionosphere,1732,0.1,1.0,1,0,164,12,161,14,0,0,,SATISFIABLE,0.37062,900.01347,900.47353,UNSATISFIABLE,0.43694,0.37226,1.09643,901.56996
ionosphere,1732,0.1,1.5,1,0,265,17,225,19,0,0,,SATISFIABLE,0.36777,900.01795,900.45465,UNSATISFIABLE,0.44452,0.39088,1.11961,901.57426
ionosphere,1732,0.1,1.75,1,0,309,23,254,28,0,0,,SATISFIABLE,0.36936,900.01600,900.49097,UNSATISFIABLE,0.43180,0.37648,1.13064,901.6216099999999
ionosphere,1732,0.1,2.0,1,0,355,28,263,56,0,0,,SATISFIABLE,0.36665,900.01442,900.45957,UNSATISFIABLE,0.46353,8.60754,9.36431,909.82388
iris,1732,0.1,0.1,1,0,4,0,11,0,755,36,0.8857921001989628,OPTIMUM,0.05793,0.10442,0.18458,OPTIMUM,0.06848,0.10086,0.81992,1.0045
iris,1732,0.1,0.25,1,0,14,0,23,0,755,24,0.851456931395815,OPTIMUM,0.06139,0.06393,0.14977,OPTIMUM,0.06617,0.09268,0.62984,0.7796099999999999
iris,1732,0.1,0.5,1,0,29,0,46,0,755,23,0.885665306122449,OPTIMUM,0.05617,0.06836,0.14434,OPTIMUM,0.09328,0.08280,0.44560,0.58994
iris,1732,0.1,0.7,1,0,37,0,68,0,755,23,0.8857921001989628,OPTIMUM,0.05467,0.10806,0.17861,OPTIMUM,0.09449,0.08207,0.42727,0.60588
iris,1732,0.1,1.0,1,0,54,0,96,0,755,15,0.885665306122449,OPTIMUM,0.05598,0.18488,0.25607,OPTIMUM,0.06648,0.11692,0.44257,0.69864
iris,1732,0.1,1.0,1,1,54,0,96,0,854,23,0.9602666666666667,OPTIMUM,0.05598,0.18488,0.25607,OPTIMUM,0.06738,0.09091,0.39569,0.65176
iris,1732,0.1,1.5,1,0,77,0,148,0,854,23,0.97993200471804,OPTIMUM,0.05574,0.08004,0.15148,OPTIMUM,0.06691,0.07962,0.38602,0.5375
iris,1732,0.1,1.75,1,0,88,0,174,0,854,23,0.97993200471804,OPTIMUM,0.05630,0.08087,0.16647,OPTIMUM,0.06478,0.10182,0.34658,0.51305
iris,1732,0.1,2.0,1,0,108,0,192,0,854,23,0.97993200471804,OPTIMUM,0.06042,0.07240,0.15681,OPTIMUM,0.06575,0.08477,0.29670,0.45351
libras,1732,0.1,0.1,1,0,3,0,33,0,3135,68,0.12293822747795002,OPTIMUM,7.84796,25.89336,34.55232,OPTIMUM,7.67125,97.59102,107.31866,141.87098
libras,1732,0.1,0.1,1,1,3,0,33,0,3296,73,0.14056993631137937,OPTIMUM,7.84796,25.89336,34.55232,OPTIMUM,7.72639,78.08658,87.81084,122.36316
libras,1732,0.1,0.1,1,2,3,0,33,0,3509,99,0.13680438853949023,OPTIMUM,7.84796,25.89336,34.55232,OPTIMUM,7.58821,77.40293,87.01830,121.57061999999999
libras,1732,0.1,0.1,1,3,3,0,33,0,3663,138,0.14642394058144592,OPTIMUM,7.84796,25.89336,34.55232,OPTIMUM,7.46766,94.75620,104.46717,139.01949
libras,1732,0.1,0.25,1,0,10,0,80,0,3135,68,0.16501663238669861,OPTIMUM,7.83713,45.78269,54.44115,OPTIMUM,7.94793,159.57587,169.56905,224.0102
libras,1732,0.1,0.25,1,1,10,0,80,0,3296,73,0.1353754741937498,OPTIMUM,7.83713,45.78269,54.44115,OPTIMUM,7.76307,348.57537,358.39590,412.83705
libras,1732,0.1,0.25,1,2,10,0,80,0,3509,99,0.14838730528084804,OPTIMUM,7.83713,45.78269,54.44115,OPTIMUM,7.76010,178.55093,188.39412,242.83526999999998
libras,1732,0.1,0.25,1,3,10,0,80,0,3663,138,0.1315112321210714,OPTIMUM,7.83713,45.78269,54.44115,OPTIMUM,7.62268,408.71337,418.28475,472.72589999999997
libras,1732,0.1,0.5,1,0,14,0,166,0,3593,99,0.15026602370747844,OPTIMUM,7.97849,65.32359,74.46596,OPTIMUM,7.92054,360.98051,370.41190,444.87786
libras,1732,0.1,0.7,1,0,18,0,233,0,3593,99,0.23298216366319188,OPTIMUM,8.15553,63.94147,72.86822,OPTIMUM,7.71314,569.90844,579.12581,651.99403
lsun,1732,0.1,0.1,1,0,9,0,31,0,733,6,0.6286803047108174,OPTIMUM,0.10021,0.94522,1.08290,OPTIMUM,0.10923,0.51822,5.64355,6.72645
lsun,1732,0.1,0.1,1,1,9,0,31,0,734,9,0.6365555814683694,OPTIMUM,0.10021,0.94522,1.08290,OPTIMUM,0.10807,0.56560,5.68862,6.771520000000001
lsun,1732,0.1,0.1,1,2,9,0,31,0,745,15,0.6727499821827245,OPTIMUM,0.10021,0.94522,1.08290,OPTIMUM,0.10839,0.67180,5.84725,6.930149999999999
lsun,1732,0.1,0.1,1,3,9,0,31,0,758,17,0.6657703933664934,OPTIMUM,0.10021,0.94522,1.08290,OPTIMUM,0.11144,0.79464,5.92780,7.0107
lsun,1732,0.1,0.1,1,4,9,0,31,0,846,24,0.805433291523023,OPTIMUM,0.10021,0.94522,1.08290,OPTIMUM,0.10924,1.95282,7.08258,8.16548
lsun,1732,0.1,0.1,1,5,9,0,31,0,917,25,0.7777618806878728,OPTIMUM,0.10021,0.94522,1.08290,OPTIMUM,0.10901,2.70677,7.89004,8.97294
lsun,1732,0.1,0.1,1,6,9,0,31,0,923,104,1.0,OPTIMUM,0.10021,0.94522,1.08290,OPTIMUM,0.10934,2.86784,8.00752,9.09042
lsun,1732,0.1,0.25,1,0,32,0,68,0,880,9,0.9243550742474271,OPTIMUM,0.10199,0.95122,1.09338,OPTIMUM,0.11379,0.25726,1.46744,2.56082
lsun,1732,0.1,0.25,1,1,32,0,68,0,901,19,0.93713171969903,OPTIMUM,0.10199,0.95122,1.09338,OPTIMUM,0.10711,0.26076,1.46334,2.5567200000000003
lsun,1732,0.1,0.25,1,2,32,0,68,0,923,104,1.0,OPTIMUM,0.10199,0.95122,1.09338,OPTIMUM,0.10690,0.33120,1.54202,2.6353999999999997
lsun,1732,0.1,0.5,1,0,75,0,125,0,903,19,0.9840187674846393,OPTIMUM,0.10257,0.23375,0.37670,OPTIMUM,0.11430,0.15992,0.95505,1.33175
lsun,1732,0.1,0.5,1,1,75,0,125,0,923,104,1.0,OPTIMUM,0.10257,0.23375,0.37670,OPTIMUM,0.11236,0.14906,0.93261,1.30931
lsun,1732,0.1,0.7,1,0,100,0,180,0,903,19,0.9760391897814229,OPTIMUM,0.10837,0.28302,0.43274,OPTIMUM,0.11562,0.24620,0.99163,1.4243700000000001
lsun,1732,0.1,0.7,1,1,100,0,180,0,923,104,1.0,OPTIMUM,0.10837,0.28302,0.43274,OPTIMUM,0.11415,0.13304,0.87068,1.30342
lsun,1732,0.1,1.0,1,0,137,0,263,0,923,104,1.0,OPTIMUM,0.10273,0.21747,0.35683,OPTIMUM,0.11154,0.12861,0.79493,1.15176
lsun,1732,0.1,1.5,1,0,211,0,389,0,923,104,1.0,OPTIMUM,0.10624,0.26180,0.40811,OPTIMUM,0.10987,0.14266,0.71592,1.1240299999999999
lsun,1732,0.1,1.75,1,0,247,0,453,0,923,104,1.0,OPTIMUM,0.10661,0.19798,0.34796,OPTIMUM,0.11083,0.11648,0.67968,1.0276399999999999
lsun,1732,0.1,2.0,1,0,285,0,515,0,923,104,1.0,OPTIMUM,0.10625,0.19096,0.33640,OPTIMUM,0.11086,0.11764,0.66258,0.99898
seeds,1732,0.1,0.1,1,0,8,0,13,0,896,46,0.6888392619769235,OPTIMUM,0.12616,0.09689,0.24742,OPTIMUM,0.09349,0.15992,1.25578,1.5031999999999999
seeds,1732,0.1,0.1,1,1,8,0,13,0,920,67,0.7187488933395766,OPTIMUM,0.12616,0.09689,0.24742,OPTIMUM,0.09727,0.15641,1.26927,1.5166899999999999
seeds,1732,0.1,0.25,1,0,17,0,35,0,903,30,0.7339261908616742,OPTIMUM,0.11188,0.12148,0.26335,OPTIMUM,0.09662,0.15977,1.20365,1.467
seeds,1732,0.1,0.25,1,1,17,0,35,0,942,46,0.6803723294100981,OPTIMUM,0.11188,0.12148,0.26335,OPTIMUM,0.09527,0.20612,1.25536,1.51871
seeds,1732,0.1,0.25,1,2,17,0,35,0,1047,67,0.7669347856389798,OPTIMUM,0.11188,0.12148,0.26335,OPTIMUM,0.09597,0.19637,1.23760,1.50095
seeds,1732,0.1,0.5,1,0,38,0,67,0,1083,18,0.8223224419532432,OPTIMUM,0.11463,0.89816,1.04378,OPTIMUM,0.09554,0.20626,0.87313,1.91691
seeds,1732,0.1,0.5,1,1,38,0,67,0,1490,19,0.7957951095938713,OPTIMUM,0.11463,0.89816,1.04378,OPTIMUM,0.13613,1.05735,1.76148,2.8052599999999996
seeds,1732,0.1,0.7,1,0,45,0,101,1,1083,8,0.851081912998861,OPTIMUM,0.11874,4.47867,4.62347,OPTIMUM,0.09479,0.39670,1.04381,5.66728
seeds,1732,0.1,1.0,1,0,68,0,141,1,1083,8,0.8641378753346322,OPTIMUM,0.11731,2.53218,2.68042,OPTIMUM,0.09891,0.39025,0.98078,3.6612
seeds,1732,0.1,1.5,1,0,97,2,214,2,1083,18,0.9157359415323892,OPTIMUM,0.11543,50.09881,50.24547,OPTIMUM,0.09605,0.19630,0.70002,50.94549
seeds,1732,0.1,1.75,1,0,111,2,251,3,1083,18,0.943137212378825,OPTIMUM,0.11803,119.04821,119.19335,OPTIMUM,0.09570,0.18941,0.55308,119.74642999999999
seeds,1732,0.1,2.0,1,0,131,4,277,8,1047,18,0.9166601357542563,SATISFIABLE,0.11146,900.01033,900.15653,OPTIMUM,0.09777,0.13582,0.53012,900.68665
spam,1732,0.1,0.1,1,0,200,40,183,37,2429,6,0.5327261808423336,SATISFIABLE,10.31042,900.05862,911.87640,OPTIMUM,9.66437,229.37333,312.08458,1223.96098
spam,1732,0.1,0.25,1,0,406,198,347,199,2430,0,0.21783862312525717,SATISFIABLE,9.90118,900.06857,912.07078,OPTIMUM,9.67223,372.65730,453.90631,1365.97709
spam,1732,0.1,0.5,1,0,943,225,281,851,2429,0,-0.007260809777947563,SATISFIABLE,10.50856,900.06251,912.77666,OPTIMUM,10.61010,156.09081,206.31231,1119.08897
spam,1732,0.1,0.7,1,0,1211,457,961,591,0,0,,SATISFIABLE,10.05686,900.08039,912.28686,UNSATISFIABLE,10.18433,94.32158,135.06973,1047.35659
spam,1732,0.1,1.0,1,0,1684,712,1565,640,2429,0,0.39248629148799175,SATISFIABLE,10.15123,900.07975,911.73125,OPTIMUM,9.71444,93.79368,134.08859,1045.81984
spam,1732,0.1,1.5,1,0,2712,889,1316,1984,2429,0,0.15496141166269864,SATISFIABLE,9.93017,900.09217,911.54460,OPTIMUM,9.79242,141.93717,179.50078,1091.04538
spam,1732,0.1,1.75,1,0,2988,1213,2321,1529,0,0,,SATISFIABLE,10.72156,900.08591,913.09731,UNSATISFIABLE,10.04471,60.48534,99.10310,1012.20041
spam,1732,0.1,2.0,1,0,3693,1100,2771,1638,2429,6,0.4053302284135235,SATISFIABLE,9.97615,900.10767,911.94242,OPTIMUM,9.98515,73.28680,111.80259,1023.74501
target,1732,0.1,0.1,1,0,34,0,43,0,632,13,0.604836448896401,OPTIMUM,0.82455,10.90571,12.04353,OPTIMUM,0.85487,1.02836,6.13392,18.17745
target,1732,0.1,0.1,1,1,34,0,43,0,639,15,0.7699336177531739,OPTIMUM,0.82455,10.90571,12.04353,OPTIMUM,0.68704,1.48774,6.58043,18.62396
target,1732,0.1,0.1,1,2,34,0,43,0,642,17,0.7879866751621281,OPTIMUM,0.82455,10.90571,12.04353,OPTIMUM,0.84264,1.79470,7.02604,19.06957
target,1732,0.1,0.1,1,3,34,0,43,0,643,18,0.7845944419537733,OPTIMUM,0.82455,10.90571,12.04353,OPTIMUM,0.82602,2.21818,7.25957,19.3031
target,1732,0.1,0.1,1,4,34,0,43,0,644,21,0.8993232129644452,OPTIMUM,0.82455,10.90571,12.04353,OPTIMUM,0.81763,1.02845,6.07083,18.11436
target,1732,0.1,0.1,1,5,34,0,43,0,646,26,0.948038206810502,OPTIMUM,0.82455,10.90571,12.04353,OPTIMUM,0.80276,1.10278,6.26771,18.31124
target,1732,0.1,0.1,1,6,34,0,43,0,650,164,1.0,OPTIMUM,0.82455,10.90571,12.04353,OPTIMUM,0.81287,1.00182,6.03195,18.07548
target,1732,0.1,0.25,1,0,97,0,95,0,642,5,0.8766042312584884,OPTIMUM,0.83103,3.25141,4.36122,OPTIMUM,0.87675,3.20588,8.38535,12.746570000000002
target,1732,0.1,0.25,1,1,97,0,95,0,645,13,0.9526903878910588,OPTIMUM,0.83103,3.25141,4.36122,OPTIMUM,0.99960,1.83320,7.09783,11.459050000000001
target,1732,0.1,0.25,1,2,97,0,95,0,650,164,1.0,OPTIMUM,0.83103,3.25141,4.36122,OPTIMUM,0.83693,0.83021,6.13978,10.501000000000001
target,1732,0.1,0.5,1,0,190,0,195,0,646,4,0.9529382367696986,OPTIMUM,0.85002,3.23457,4.26706,OPTIMUM,0.86366,1.98778,6.91035,11.17741
target,1732,0.1,0.5,1,1,190,0,195,0,649,13,0.9950701187919228,OPTIMUM,0.85002,3.23457,4.26706,OPTIMUM,0.85762,1.11411,6.22418,10.49124
target,1732,0.1,0.5,1,2,190,0,195,0,650,164,1.0,OPTIMUM,0.85002,3.23457,4.26706,OPTIMUM,0.85729,0.82151,5.75663,10.02369
target,1732,0.1,0.7,1,0,276,0,263,0,646,4,0.9727578507192765,OPTIMUM,0.85888,2.60195,3.64236,OPTIMUM,0.86153,1.01198,5.50988,9.152239999999999
target,1732,0.1,0.7,1,1,276,0,263,0,649,13,0.9950701187919228,OPTIMUM,0.85888,2.60195,3.64236,OPTIMUM,0.85335,0.97370,5.46114,9.1035
target,1732,0.1,0.7,1,2,276,0,263,0,650,164,1.0,OPTIMUM,0.85888,2.60195,3.64236,OPTIMUM,0.85961,0.79780,5.27664,8.919
target,1732,0.1,1.0,1,0,401,0,369,0,649,0,0.9829184179506909,OPTIMUM,0.84698,2.45266,3.58027,OPTIMUM,0.85770,1.16546,5.43685,9.01712
target,1732,0.1,1.0,1,1,401,0,369,0,650,164,1.0,OPTIMUM,0.84698,2.45266,3.58027,OPTIMUM,0.86930,0.77741,5.07064,8.65091
target,1732,0.1,1.5,1,0,602,0,553,0,649,0,0.9926350732910675,OPTIMUM,0.83556,2.30726,3.42711,OPTIMUM,0.70882,0.75775,4.66234,8.08945
target,1732,0.1,1.5,1,1,602,0,553,0,650,164,1.0,OPTIMUM,0.83556,2.30726,3.42711,OPTIMUM,0.86634,0.75128,4.85410,8.28121
target,1732,0.1,1.75,1,0,686,0,661,0,649,0,0.9877503851927081,OPTIMUM,0.84521,2.47534,3.61055,OPTIMUM,0.70155,0.73945,4.72381,8.33436
target,1732,0.1,1.75,1,1,686,0,661,0,650,164,1.0,OPTIMUM,0.84521,2.47534,3.61055,OPTIMUM,0.99316,0.72627,4.86707,8.47762
target,1732,0.1,2.0,1,0,781,0,759,0,650,164,1.0,OPTIMUM,0.91764,2.43195,3.64633,OPTIMUM,0.69544,0.73350,4.43910,8.085429999999999
wine,1732,0.1,0.1,1,0,7,0,10,0,1178,71,0.799298044238133,OPTIMUM,0.11456,0.15721,0.30173,OPTIMUM,0.13496,0.13625,0.52051,0.8222400000000001
wine,1732,0.1,0.25,1,0,15,0,29,0,1178,71,0.8808384881472108,OPTIMUM,0.11575,0.62842,0.77706,OPTIMUM,0.12468,0.42648,0.79570,1.57276
wine,1732,0.1,0.5,1,0,32,0,57,0,1178,71,0.804078926225507,OPTIMUM,0.11495,0.52106,0.67083,OPTIMUM,0.12720,0.49178,0.86274,1.53357
wine,1732,0.1,0.7,1,0,40,0,84,0,1259,11,0.8813525150990196,OPTIMUM,0.12259,0.84227,0.99898,OPTIMUM,0.12413,14.20784,14.57068,15.569659999999999
wine,1732,0.1,0.7,1,1,40,0,84,0,1262,71,0.9168182908351047,OPTIMUM,0.12259,0.84227,0.99898,OPTIMUM,0.12287,2.59543,2.95463,3.95361
wine,1732,0.1,1.0,1,0,60,0,118,0,1272,47,0.9485364524046159,OPTIMUM,0.12107,0.71135,0.86751,OPTIMUM,0.15536,2.68424,2.96544,3.8329500000000003
wine,1732,0.1,1.0,1,1,60,0,118,0,1274,71,0.9832438583647054,OPTIMUM,0.12107,0.71135,0.86751,OPTIMUM,0.12924,1.10561,1.34663,2.21414
wine,1732,0.1,1.5,1,0,85,0,182,0,0,0,,OPTIMUM,0.12033,0.84058,0.99528,UNSATISFIABLE,0.15588,0.34210,0.61266,1.6079400000000001
wine,1732,0.1,1.75,1,0,104,0,207,0,0,0,,OPTIMUM,0.11480,0.39811,0.55212,UNSATISFIABLE,0.15518,0.14061,0.41278,0.9649000000000001
wine,1732,0.1,2.0,1,0,123,0,233,0,0,0,,OPTIMUM,0.11926,0.27275,0.43256,UNSATISFIABLE,0.15500,0.14439,0.42609,0.85865
wingnut,1732,0.1,0.1,1,0,55,0,46,0,1094,67,1.0,OPTIMUM,0.19177,0.22461,0.47297,OPTIMUM,0.18173,0.26717,22.80316,23.27613
wingnut,1732,0.1,0.25,1,0,134,0,120,0,1094,67,1.0,OPTIMUM,0.20083,0.20399,0.46129,OPTIMUM,0.18502,0.18341,4.58423,5.04552
wingnut,1732,0.1,0.5,1,0,258,0,250,0,1094,67,1.0,OPTIMUM,0.19719,0.20260,0.44755,OPTIMUM,0.19185,0.17430,4.61434,5.06189
wingnut,1732,0.1,0.7,1,0,360,0,351,0,1094,67,1.0,OPTIMUM,0.20161,0.17924,0.42844,OPTIMUM,0.43445,0.16293,3.03383,3.46227
wingnut,1732,0.1,1.0,1,0,526,0,490,0,1094,67,1.0,OPTIMUM,0.20849,0.17394,0.44088,OPTIMUM,0.43949,0.16069,2.55343,2.99431
wingnut,1732,0.1,1.5,1,0,802,0,722,0,1094,67,1.0,OPTIMUM,0.19544,0.17116,0.42169,OPTIMUM,0.18391,0.15630,2.01852,2.44021
wingnut,1732,0.1,1.75,1,0,938,0,840,0,1094,67,1.0,OPTIMUM,0.20309,0.16537,0.41263,OPTIMUM,0.18113,0.15425,1.88100,2.29363
wingnut,1732,0.1,2.0,1,0,1072,0,960,0,1094,67,1.0,OPTIMUM,0.20192,0.16572,0.42646,OPTIMUM,0.18310,0.15807,1.89164,2.3181
