chainlink,3556,0.1,0.1,1,0,54,0,46,0,989,3,0.7883322424054392,OPTIMUM,0.21187,1.37235,1.64189,OPTIMUM,0.21739,2.32696,12.80562,0,14.44751
chainlink,3556,0.1,0.1,1,1,54,0,46,0,0,0,,OPTIMUM,0.21187,1.37235,1.64189,UNSATISFIABLE,0.20064,1.90728,12.45437,0,14.096260000000001
chainlink,3556,0.1,0.25,1,0,119,1,128,2,989,3,0.8797236075450402,OPTIMUM,0.22097,14.77329,15.05109,OPTIMUM,0.20935,0.93297,3.47386,0,18.52495
chainlink,3556,0.1,0.25,1,1,119,1,128,2,0,0,,OPTIMUM,0.22097,14.77329,15.05109,UNSATISFIABLE,0.19737,0.82377,3.58180,0,18.63289
chainlink,3556,0.1,0.5,1,0,244,5,248,3,989,4,0.9330890544938854,OPTIMUM,0.20936,52.95513,53.22012,OPTIMUM,0.22017,0.95718,3.58030,0,56.80042
chainlink,3556,0.1,0.5,1,1,244,5,248,3,0,0,,OPTIMUM,0.20936,52.95513,53.22012,UNSATISFIABLE,0.20546,0.33308,3.17469,0,56.39481
chainlink,3556,0.1,0.7,1,0,345,4,342,9,989,11,0.9215214630165386,OPTIMUM,0.20894,320.58377,320.84415,OPTIMUM,0.20564,0.41188,3.04264,0,323.88679
chainlink,3556,0.1,0.7,1,1,345,4,342,9,0,0,,OPTIMUM,0.20894,320.58377,320.84415,UNSATISFIABLE,0.19497,0.21844,3.08026,0,323.92441
chainlink,3556,0.1,1.0,1,0,488,8,495,9,989,3,0.9447286954995209,OPTIMUM,0.20992,511.24470,511.52105,OPTIMUM,0.21315,0.25313,2.87965,0,514.4007
chainlink,3556,0.1,1.0,1,1,488,8,495,9,0,0,,OPTIMUM,0.20992,511.24470,511.52105,UNSATISFIABLE,0.19512,0.22104,2.83501,0,514.35606
chainlink,3556,0.1,1.5,1,0,733,15,739,13,989,11,0.9525284999885771,SATISFIABLE,0.21371,900.01393,900.27800,OPTIMUM,0.23371,0.21155,2.78304,0,903.06104
chainlink,3556,0.1,1.5,1,1,733,15,739,13,0,0,,SATISFIABLE,0.21371,900.01393,900.27800,UNSATISFIABLE,0.22221,0.22055,2.75161,0,903.02961
chainlink,3556,0.1,1.75,1,0,863,15,856,16,989,11,0.9525284999885771,SATISFIABLE,0.21329,900.01658,900.29191,OPTIMUM,0.21000,0.20159,2.72860,0,903.0205100000001
chainlink,3556,0.1,1.75,1,1,863,15,856,16,0,0,,SATISFIABLE,0.21329,900.01658,900.29191,UNSATISFIABLE,0.20174,0.21491,2.76373,0,903.05564
chainlink,3556,0.1,2.0,1,0,990,18,974,18,989,4,0.9525284999885771,SATISFIABLE,0.20925,900.01280,900.28995,OPTIMUM,0.20741,0.20416,2.74027,0,903.03022
chainlink,3556,0.1,2.0,1,1,990,18,974,18,0,0,,SATISFIABLE,0.20925,900.01280,900.28995,UNSATISFIABLE,0.19390,0.19454,2.72822,0,903.0181699999999
glass,3556,0.1,0.1,1,0,4,0,17,0,1069,9,0.24729363187997797,OPTIMUM,0.33405,2.94185,3.35122,OPTIMUM,0.32741,3.01022,3.67505,0,7.02627
glass,3556,0.1,0.1,1,1,4,0,17,0,1100,16,0.16863599390370348,OPTIMUM,0.33405,2.94185,3.35122,OPTIMUM,0.30640,5.84935,6.55195,0,9.90317
glass,3556,0.1,0.1,1,2,4,0,17,0,1118,19,0.22676834838099252,OPTIMUM,0.33405,2.94185,3.35122,OPTIMUM,0.34085,16.47338,17.15492,0,20.506140000000002
glass,3556,0.1,0.1,1,3,4,0,17,0,1126,21,0.12992130001965235,OPTIMUM,0.33405,2.94185,3.35122,OPTIMUM,0.30274,15.60334,16.24537,0,19.596590000000003
glass,3556,0.1,0.1,1,4,4,0,17,0,1127,30,0.13281682901184633,OPTIMUM,0.33405,2.94185,3.35122,OPTIMUM,0.29991,11.52782,12.20075,0,15.551969999999999
glass,3556,0.1,0.1,1,5,4,0,17,0,0,0,,OPTIMUM,0.33405,2.94185,3.35122,UNSATISFIABLE,0.35019,3.24589,3.92927,0,7.28049
glass,3556,0.1,0.25,1,0,7,0,46,0,1070,5,0.17695112130523818,OPTIMUM,0.32711,0.50634,0.89006,OPTIMUM,0.34132,22.52156,23.20449,0,24.094549999999998
glass,3556,0.1,0.25,1,1,7,0,46,0,1100,16,0.15252984388935065,OPTIMUM,0.32711,0.50634,0.89006,OPTIMUM,0.34025,83.30602,84.06138,0,84.95144
glass,3556,0.1,0.25,1,2,7,0,46,0,1118,19,0.19369937602144122,OPTIMUM,0.32711,0.50634,0.89006,OPTIMUM,0.35179,50.18689,50.88553,0,51.77559
glass,3556,0.1,0.25,1,3,7,0,46,0,1127,25,0.1770592861827319,OPTIMUM,0.32711,0.50634,0.89006,OPTIMUM,0.30385,78.21903,78.85921,0,79.74927000000001
glass,3556,0.1,0.25,1,4,7,0,46,0,1151,26,0.18767442536485293,OPTIMUM,0.32711,0.50634,0.89006,OPTIMUM,0.30368,91.19524,91.87815,0,92.76821000000001
glass,3556,0.1,0.25,1,5,7,0,46,0,1157,27,0.20881883237939383,OPTIMUM,0.32711,0.50634,0.89006,OPTIMUM,0.34207,81.12984,81.81041,0,82.70047000000001
glass,3556,0.1,0.25,1,6,7,0,46,0,1170,30,0.2929912600877805,OPTIMUM,0.32711,0.50634,0.89006,OPTIMUM,0.29954,84.04820,84.68833,0,85.57839
glass,3556,0.1,0.25,1,7,7,0,46,0,0,0,,OPTIMUM,0.32711,0.50634,0.89006,UNSATISFIABLE,0.33759,0.27422,0.95314,0,1.8432
glass,3556,0.1,0.5,1,0,22,0,85,0,1198,11,0.20897706877989286,OPTIMUM,0.33088,25.30125,25.69754,SATISFIABLE,0.33864,900.01576,900.67010,0,926.36764
glass,3556,0.1,0.7,1,0,31,0,118,0,1343,9,0.332869516677929,OPTIMUM,0.34751,52.83681,53.24844,SATISFIABLE,0.33137,900.01483,900.56737,0,953.8158099999999
glass,3556,0.1,1.0,1,0,43,4,166,1,1479,10,0.28861367329591175,SATISFIABLE,0.33229,900.01616,900.40808,SATISFIABLE,0.32993,900.01550,900.52953,0,1800.93761
glass,3556,0.1,1.5,1,0,65,13,239,4,1481,3,0.4692848750330996,SATISFIABLE,0.33784,900.01499,900.44123,OPTIMUM,0.32951,225.88430,226.40147,0,1126.8427
glass,3556,0.1,1.5,1,1,65,13,239,4,0,0,,SATISFIABLE,0.33784,900.01499,900.44123,UNSATISFIABLE,0.30218,60.65385,61.14481,0,961.58604
glass,3556,0.1,1.75,1,0,81,12,274,7,1479,3,0.5988481032864295,SATISFIABLE,0.34947,900.01419,900.44053,OPTIMUM,0.33796,40.76972,41.29424,0,941.73477
glass,3556,0.1,1.75,1,1,81,12,274,7,0,0,,SATISFIABLE,0.34947,900.01419,900.44053,UNSATISFIABLE,0.31000,24.76186,25.25654,0,925.6970699999999
glass,3556,0.1,2.0,1,0,77,29,307,15,1474,11,0.35100614594671914,SATISFIABLE,0.34532,900.01994,900.44831,OPTIMUM,0.33160,25.84653,26.37307,0,926.82138
glass,3556,0.1,2.0,1,1,77,29,307,15,0,0,,SATISFIABLE,0.34532,900.01994,900.44831,UNSATISFIABLE,0.30712,0.23915,0.74105,0,901.18936
ionosphere,3556,0.1,0.1,1,0,22,0,13,0,3554,29,0.06944747097486938,OPTIMUM,0.36216,8.98729,9.40907,OPTIMUM,0.39381,0.98443,1.64636,0,11.05543
ionosphere,3556,0.1,0.1,1,1,22,0,13,0,3555,199,0.36641565493571027,OPTIMUM,0.36216,8.98729,9.40907,OPTIMUM,0.39040,8.08539,8.74053,0,18.1496
ionosphere,3556,0.1,0.1,1,2,22,0,13,0,3556,201,0.3645112395632627,OPTIMUM,0.36216,8.98729,9.40907,OPTIMUM,0.38344,8.45138,9.10408,0,18.51315
ionosphere,3556,0.1,0.1,1,3,22,0,13,0,3557,272,0.3617697598934924,OPTIMUM,0.36216,8.98729,9.40907,OPTIMUM,0.38547,8.41223,9.06472,0,18.47379
ionosphere,3556,0.1,0.1,1,4,22,0,13,0,3572,332,0.28816946442845726,OPTIMUM,0.36216,8.98729,9.40907,OPTIMUM,0.44199,0.93118,1.63577,0,11.04484
ionosphere,3556,0.1,0.1,1,5,22,0,13,0,0,0,,OPTIMUM,0.36216,8.98729,9.40907,UNSATISFIABLE,0.38546,8.40901,9.06683,0,18.4759
ionosphere,3556,0.1,0.25,1,0,54,0,33,0,3565,28,0.4369663946500568,OPTIMUM,0.35994,32.27681,32.69351,OPTIMUM,0.37898,362.16085,362.83604,0,395.52955000000003
ionosphere,3556,0.1,0.25,1,1,54,0,33,0,3571,56,0.4420009220839096,OPTIMUM,0.35994,32.27681,32.69351,OPTIMUM,0.38457,133.26587,133.90809,0,166.6016
ionosphere,3556,0.1,0.25,1,2,54,0,33,0,3573,115,0.4146409753862601,OPTIMUM,0.35994,32.27681,32.69351,OPTIMUM,0.37710,136.64009,137.29103,0,169.98454
ionosphere,3556,0.1,0.25,1,3,54,0,33,0,0,0,,OPTIMUM,0.35994,32.27681,32.69351,UNSATISFIABLE,0.37618,32.42121,33.05620,0,65.74971
ionosphere,3556,0.1,0.5,1,0,106,3,60,6,3576,99,0.6437876260982753,SATISFIABLE,0.37927,900.01335,900.46825,OPTIMUM,0.38608,183.11992,183.75827,0,1084.22652
ionosphere,3556,0.1,0.5,1,1,106,3,60,6,0,0,,SATISFIABLE,0.37927,900.01335,900.46825,UNSATISFIABLE,0.38464,0.41348,1.05004,0,901.51829
ionosphere,3556,0.1,0.7,1,0,145,9,84,7,3576,99,0.580099517659556,SATISFIABLE,0.36868,900.01390,900.46362,OPTIMUM,0.38748,25.31077,25.95095,0,926.41457
ionosphere,3556,0.1,0.7,1,1,145,9,84,7,0,0,,SATISFIABLE,0.36868,900.01390,900.46362,UNSATISFIABLE,0.38689,0.39354,1.03677,0,901.50039
ionosphere,3556,0.1,1.0,1,0,190,15,127,19,3577,99,0.6246065779153978,SATISFIABLE,0.37008,900.01292,900.46434,OPTIMUM,0.37759,11.62639,12.28775,0,912.75209
ionosphere,3556,0.1,1.0,1,1,190,15,127,19,0,0,,SATISFIABLE,0.37008,900.01292,900.46434,UNSATISFIABLE,0.37588,0.37645,1.03807,0,901.5024099999999
ionosphere,3556,0.1,1.5,1,0,269,27,186,44,3577,99,0.6822169423375674,SATISFIABLE,0.36685,900.01476,900.47042,OPTIMUM,0.38616,2.30849,2.97435,0,903.44477
ionosphere,3556,0.1,1.5,1,1,269,27,186,44,0,0,,SATISFIABLE,0.36685,900.01476,900.47042,UNSATISFIABLE,0.38376,8.42961,9.09002,0,909.56044
ionosphere,3556,0.1,1.75,1,0,313,29,228,44,3575,28,0.692407096777463,SATISFIABLE,0.36773,900.00984,900.46425,OPTIMUM,0.39266,2.67615,3.34984,0,903.81409
ionosphere,3556,0.1,1.75,1,1,313,29,228,44,0,0,,SATISFIABLE,0.36773,900.00984,900.46425,UNSATISFIABLE,0.38949,2.54059,3.22014,0,903.68439
ionosphere,3556,0.1,2.0,1,0,357,36,269,40,3577,99,0.7419191638124244,SATISFIABLE,0.36740,900.01169,900.47022,OPTIMUM,0.38167,10.51501,11.18883,0,911.6590500000001
ionosphere,3556,0.1,2.0,1,1,357,36,269,40,0,0,,SATISFIABLE,0.36740,900.01169,900.47022,UNSATISFIABLE,0.37555,8.35314,9.02040,0,909.49062
iris,3556,0.1,0.1,1,0,5,0,10,0,755,2,0.8323612919375662,OPTIMUM,0.05412,0.10513,0.17569,OPTIMUM,0.06009,0.71276,1.80271,0,1.9784000000000002
iris,3556,0.1,0.1,1,1,5,0,10,0,0,0,,OPTIMUM,0.05412,0.10513,0.17569,UNSATISFIABLE,0.06614,0.10960,1.14360,0,1.31929
iris,3556,0.1,0.25,1,0,15,0,22,0,755,2,0.7864599449538296,OPTIMUM,0.05361,0.08017,0.15266,OPTIMUM,0.05862,0.18620,0.65879,0,0.81145
iris,3556,0.1,0.25,1,1,15,0,22,0,807,26,0.7436826319432358,OPTIMUM,0.05361,0.08017,0.15266,OPTIMUM,0.06448,0.31690,0.77336,0,0.9260200000000001
iris,3556,0.1,0.25,1,2,15,0,22,0,966,28,0.5540735546680488,OPTIMUM,0.05361,0.08017,0.15266,OPTIMUM,0.06630,0.28959,0.77262,0,0.92528
iris,3556,0.1,0.25,1,3,15,0,22,0,0,0,,OPTIMUM,0.05361,0.08017,0.15266,UNSATISFIABLE,0.06605,0.07755,0.52552,0,0.67818
iris,3556,0.1,0.5,1,0,23,0,52,0,755,23,0.9410122562924206,OPTIMUM,0.05445,0.07243,0.14139,OPTIMUM,0.05896,0.17640,0.60559,0,0.74698
iris,3556,0.1,0.5,1,1,23,0,52,0,0,0,,OPTIMUM,0.05445,0.07243,0.14139,UNSATISFIABLE,0.06726,0.09048,0.53438,0,0.67577
iris,3556,0.1,0.7,1,0,33,0,72,0,755,23,0.9410122562924206,OPTIMUM,0.05796,0.06650,0.13943,OPTIMUM,0.06208,0.22513,0.63071,0,0.77014
iris,3556,0.1,0.7,1,1,33,0,72,0,0,0,,OPTIMUM,0.05796,0.06650,0.13943,UNSATISFIABLE,0.06881,0.07306,0.48322,0,0.6226499999999999
iris,3556,0.1,1.0,1,0,44,0,106,0,854,23,0.9602776916338867,OPTIMUM,0.05525,0.10807,0.18146,OPTIMUM,0.05944,0.24778,0.62221,0,0.8036700000000001
iris,3556,0.1,1.0,1,1,44,0,106,0,0,0,,OPTIMUM,0.05525,0.10807,0.18146,UNSATISFIABLE,0.06689,0.07504,0.45946,0,0.6409199999999999
iris,3556,0.1,1.5,1,0,72,1,152,0,854,23,0.9602776916338867,OPTIMUM,0.05580,0.34208,0.41404,OPTIMUM,0.05934,0.11113,0.34877,0,0.76281
iris,3556,0.1,1.5,1,1,72,1,152,0,0,0,,OPTIMUM,0.05580,0.34208,0.41404,UNSATISFIABLE,0.06449,0.07002,0.31158,0,0.72562
iris,3556,0.1,1.75,1,0,83,1,178,0,854,23,0.97993200471804,OPTIMUM,0.05886,0.54857,0.62614,OPTIMUM,0.06201,0.14914,0.37986,0,1.006
iris,3556,0.1,1.75,1,1,83,1,178,0,0,0,,OPTIMUM,0.05886,0.54857,0.62614,UNSATISFIABLE,0.09807,0.07143,0.34128,0,0.96742
iris,3556,0.1,2.0,1,0,97,1,201,1,854,23,0.97993200471804,OPTIMUM,0.05646,0.42156,0.49520,OPTIMUM,0.06046,0.09646,0.27609,0,0.77129
iris,3556,0.1,2.0,1,1,97,1,201,1,0,0,,OPTIMUM,0.05646,0.42156,0.49520,UNSATISFIABLE,0.09707,0.06872,0.28529,0,0.7804899999999999
libras,3556,0.1,0.1,1,0,3,0,33,0,2352,5,0.15195354956266605,OPTIMUM,8.15735,25.21717,34.13537,SATISFIABLE,7.88657,900.06809,945.44779,0,979.58316
libras,3556,0.1,0.25,1,0,7,0,83,0,2383,5,0.17247514967850971,OPTIMUM,7.72797,44.12816,52.63304,SATISFIABLE,7.61707,900.05628,930.73167,0,983.3647100000001
libras,3556,0.1,0.5,1,0,15,0,165,0,2560,5,0.1345515702954439,OPTIMUM,7.68559,63.90349,72.74898,SATISFIABLE,7.66753,900.05155,914.49702,0,987.246
libras,3556,0.1,0.7,1,0,19,0,232,0,0,0,,OPTIMUM,7.78372,97.56895,106.51721,UNKNOWN,8.11639,900.03805,909.65321,0,1016.1704199999999
libras,3556,0.1,1.0,1,0,32,0,328,0,0,0,,OPTIMUM,8.12181,162.82080,172.16095,UNKNOWN,7.63534,900.03127,909.12451,0,1081.28546
libras,3556,0.1,1.5,1,0,47,0,493,0,0,0,,OPTIMUM,8.13083,892.21859,901.46396,UNKNOWN,7.70771,900.01919,909.29069,0,1810.75465
libras,3556,0.1,1.75,1,0,50,0,580,0,0,0,,OPTIMUM,7.86342,650.38296,659.37498,UNKNOWN,9.42207,900.03766,911.04267,0,1570.41765
libras,3556,0.1,2.0,1,0,54,3,658,5,0,0,,SATISFIABLE,7.77400,900.04378,909.02229,UNKNOWN,7.80716,900.01507,909.64478,0,1818.66707
lsun,3556,0.1,0.1,1,0,16,0,24,0,854,4,0.7220039194287483,OPTIMUM,0.10189,0.96425,1.10207,OPTIMUM,0.10717,0.42540,4.78388,0,5.88595
lsun,3556,0.1,0.1,1,1,16,0,24,0,880,20,0.8546660489177216,OPTIMUM,0.10189,0.96425,1.10207,OPTIMUM,0.11442,1.70495,6.08974,0,7.19181
lsun,3556,0.1,0.1,1,2,16,0,24,0,903,21,0.8112268577773845,OPTIMUM,0.10189,0.96425,1.10207,OPTIMUM,0.11532,1.66823,6.07040,0,7.172470000000001
lsun,3556,0.1,0.1,1,3,16,0,24,0,923,39,0.9761243132220072,OPTIMUM,0.10189,0.96425,1.10207,OPTIMUM,0.11247,0.22010,4.60301,0,5.705080000000001
lsun,3556,0.1,0.1,1,4,16,0,24,0,0,0,,OPTIMUM,0.10189,0.96425,1.10207,UNSATISFIABLE,0.11002,0.19467,4.59598,0,5.69805
lsun,3556,0.1,0.25,1,0,42,0,58,0,854,4,0.8483960267057482,OPTIMUM,0.10395,0.86628,1.00349,OPTIMUM,0.10372,1.29985,3.01810,0,4.02159
lsun,3556,0.1,0.25,1,1,42,0,58,0,880,14,0.9143023693948586,OPTIMUM,0.10395,0.86628,1.00349,OPTIMUM,0.10798,0.29123,2.06369,0,3.0671799999999996
lsun,3556,0.1,0.25,1,2,42,0,58,0,903,24,0.9604236114338021,OPTIMUM,0.10395,0.86628,1.00349,OPTIMUM,0.10837,0.20427,1.98707,0,2.99056
lsun,3556,0.1,0.25,1,3,42,0,58,0,923,39,0.9840187674846393,OPTIMUM,0.10395,0.86628,1.00349,OPTIMUM,0.10987,0.15706,1.88360,0,2.8870899999999997
lsun,3556,0.1,0.25,1,4,42,0,58,0,0,0,,OPTIMUM,0.10395,0.86628,1.00349,UNSATISFIABLE,0.11007,0.14135,1.88124,0,2.8847300000000002
lsun,3556,0.1,0.5,1,0,79,0,121,0,917,4,0.9839918446801074,OPTIMUM,0.10426,0.26389,0.40274,OPTIMUM,0.10723,0.81443,1.36661,0,1.7693500000000002
lsun,3556,0.1,0.5,1,1,79,0,121,0,923,7,0.9840620393115453,OPTIMUM,0.10426,0.26389,0.40274,OPTIMUM,0.15584,0.80417,1.43316,0,1.8359
lsun,3556,0.1,0.5,1,2,79,0,121,0,0,0,,OPTIMUM,0.10426,0.26389,0.40274,UNSATISFIABLE,0.11074,0.12096,0.68340,0,1.0861399999999999
lsun,3556,0.1,0.7,1,0,113,0,167,0,917,4,0.9760391897814229,OPTIMUM,0.10319,0.26567,0.40660,OPTIMUM,0.10903,0.26350,0.82718,0,1.23378
lsun,3556,0.1,0.7,1,1,113,0,167,0,923,7,0.9760931781610289,OPTIMUM,0.10319,0.26567,0.40660,OPTIMUM,0.15690,0.68678,1.30680,0,1.7134
lsun,3556,0.1,0.7,1,2,113,0,167,0,0,0,,OPTIMUM,0.10319,0.26567,0.40660,UNSATISFIABLE,0.10837,0.11807,0.68477,0,1.09137
lsun,3556,0.1,1.0,1,0,171,0,229,0,923,7,0.9840187674846393,OPTIMUM,0.10449,0.21646,0.36077,OPTIMUM,0.10517,0.67129,1.22503,0,1.5858
lsun,3556,0.1,1.0,1,1,171,0,229,0,0,0,,OPTIMUM,0.10449,0.21646,0.36077,UNSATISFIABLE,0.10936,0.11668,0.72974,0,1.09051
lsun,3556,0.1,1.5,1,0,252,0,348,0,923,8,0.9840133298425292,OPTIMUM,0.11146,0.23996,0.38824,OPTIMUM,0.10827,0.13276,0.65900,0,1.04724
lsun,3556,0.1,1.5,1,1,252,0,348,0,0,0,,OPTIMUM,0.11146,0.23996,0.38824,UNSATISFIABLE,0.10992,0.12187,0.65475,0,1.04299
lsun,3556,0.1,1.75,1,0,284,0,416,0,923,8,0.9760391897814229,OPTIMUM,0.10727,0.24467,0.38883,OPTIMUM,0.10430,0.13984,0.66838,0,1.05721
lsun,3556,0.1,1.75,1,1,284,0,416,0,0,0,,OPTIMUM,0.10727,0.24467,0.38883,UNSATISFIABLE,0.10908,0.11584,0.64161,0,1.03044
lsun,3556,0.1,2.0,1,0,322,0,478,0,923,11,0.9841748580573172,OPTIMUM,0.10876,0.18166,0.33305,OPTIMUM,0.11211,0.12456,0.66486,0,0.9979100000000001
lsun,3556,0.1,2.0,1,1,322,0,478,0,0,0,,OPTIMUM,0.10876,0.18166,0.33305,UNSATISFIABLE,0.11497,0.12618,0.68729,0,1.02034
seeds,3556,0.1,0.1,1,0,4,0,17,0,896,20,0.7187488933395766,OPTIMUM,0.11207,0.09314,0.22908,OPTIMUM,0.12260,0.52108,3.10105,0,3.33013
seeds,3556,0.1,0.1,1,1,4,0,17,0,0,0,,OPTIMUM,0.11207,0.09314,0.22908,UNSATISFIABLE,0.09603,0.15260,2.77264,0,3.00172
seeds,3556,0.1,0.25,1,0,8,0,44,0,971,21,0.6709127985930669,OPTIMUM,0.11705,0.24564,0.38856,OPTIMUM,0.11835,0.55485,1.79552,0,2.18408
seeds,3556,0.1,0.25,1,1,8,0,44,0,0,0,,OPTIMUM,0.11705,0.24564,0.38856,UNSATISFIABLE,0.09355,0.15121,1.36815,0,1.75671
seeds,3556,0.1,0.5,1,0,19,0,86,0,1013,18,0.8116935221530654,OPTIMUM,0.11221,0.50363,0.63866,OPTIMUM,0.11816,0.98407,2.16551,0,2.80417
seeds,3556,0.1,0.5,1,1,19,0,86,0,0,0,,OPTIMUM,0.11221,0.50363,0.63866,UNSATISFIABLE,0.13937,0.85519,2.06609,0,2.7047499999999998
seeds,3556,0.1,0.7,1,0,32,0,115,0,1083,12,0.8373265058750285,OPTIMUM,0.11255,0.41812,0.55853,OPTIMUM,0.11816,0.91204,2.05428,0,2.6128099999999996
seeds,3556,0.1,0.7,1,1,32,0,115,0,1166,20,0.7493733175151842,OPTIMUM,0.11255,0.41812,0.55853,OPTIMUM,0.09431,0.91331,2.06148,0,2.6200099999999997
seeds,3556,0.1,0.7,1,2,32,0,115,0,0,0,,OPTIMUM,0.11255,0.41812,0.55853,UNSATISFIABLE,0.09467,0.38854,1.53970,0,2.09823
seeds,3556,0.1,1.0,1,0,52,0,157,1,1058,18,0.9298461711355359,OPTIMUM,0.11230,1.97129,2.10627,OPTIMUM,0.12415,0.57178,1.36387,0,3.47014
seeds,3556,0.1,1.0,1,1,52,0,157,1,0,0,,OPTIMUM,0.11230,1.97129,2.10627,UNSATISFIABLE,0.09582,0.10468,0.85893,0,2.9652
seeds,3556,0.1,1.5,1,0,88,1,223,3,1058,20,0.9166543022500938,OPTIMUM,0.11256,35.91388,36.05256,OPTIMUM,0.11999,0.29007,0.82256,0,36.87512
seeds,3556,0.1,1.5,1,1,88,1,223,3,0,0,,OPTIMUM,0.11256,35.91388,36.05256,UNSATISFIABLE,0.09694,0.10762,0.62779,0,36.68035
seeds,3556,0.1,1.75,1,0,105,2,258,2,1058,20,0.9300522029383684,OPTIMUM,0.11449,21.44086,21.57641,OPTIMUM,0.11829,0.27525,0.78402,0,22.36043
seeds,3556,0.1,1.75,1,1,105,2,258,2,0,0,,OPTIMUM,0.11449,21.44086,21.57641,UNSATISFIABLE,0.09701,0.08521,0.56928,0,22.14569
seeds,3556,0.1,2.0,1,0,123,4,291,2,1058,20,0.9300522029383684,OPTIMUM,0.12062,46.65270,46.80313,OPTIMUM,0.12070,0.18773,0.56916,0,47.37229
seeds,3556,0.1,2.0,1,1,123,4,291,2,0,0,,OPTIMUM,0.12062,46.65270,46.80313,UNSATISFIABLE,0.09708,0.07881,0.43498,0,47.238110000000006
spam,3556,0.1,0.1,1,0,200,42,90,128,2408,5,0.04033572700247999,SATISFIABLE,10.58347,900.06162,912.63583,OPTIMUM,10.15806,346.19363,412.83191,0,1325.46774
spam,3556,0.1,0.1,1,1,200,42,90,128,0,0,,SATISFIABLE,10.58347,900.06162,912.63583,UNSATISFIABLE,9.75943,259.73407,326.87062,0,1239.50645
spam,3556,0.1,0.25,1,0,481,127,342,200,2432,2,0.4038090625694209,SATISFIABLE,10.35131,900.05329,912.46391,OPTIMUM,9.99151,335.70323,375.14043,0,1287.60434
spam,3556,0.1,0.25,1,1,481,127,342,200,0,0,,SATISFIABLE,10.35131,900.05329,912.46391,UNSATISFIABLE,9.58438,86.22299,125.43602,0,1037.89993
spam,3556,0.1,0.5,1,0,988,224,647,441,2432,9,0.40691100083581333,SATISFIABLE,9.91665,900.06712,911.49204,OPTIMUM,10.23268,174.24011,212.25171,0,1123.74375
spam,3556,0.1,0.5,1,1,988,224,647,441,0,0,,SATISFIABLE,9.91665,900.06712,911.49204,UNSATISFIABLE,9.66483,51.68894,89.34391,0,1000.8359499999999
spam,3556,0.1,0.7,1,0,1363,349,499,1009,2432,17,0.12334789863891243,SATISFIABLE,10.62305,900.07729,912.74431,OPTIMUM,10.16889,170.24191,208.57692,0,1121.32123
spam,3556,0.1,0.7,1,1,1363,349,499,1009,0,0,,SATISFIABLE,10.62305,900.07729,912.74431,UNSATISFIABLE,9.70853,70.70831,108.79658,0,1021.54089
spam,3556,0.1,1.0,1,0,1804,615,1509,673,2432,0,0.4335138737081157,SATISFIABLE,10.27468,900.07144,912.35712,OPTIMUM,10.26896,123.02885,161.46563,0,1073.82275
spam,3556,0.1,1.0,1,1,1804,615,1509,673,0,0,,SATISFIABLE,10.27468,900.07144,912.35712,UNSATISFIABLE,9.92379,70.02231,108.26789,0,1020.62501
spam,3556,0.1,1.5,1,0,2619,961,1881,1440,2432,0,0.29372192961606003,SATISFIABLE,10.33176,900.10203,911.92058,OPTIMUM,10.07075,100.36023,138.52442,0,1050.445
spam,3556,0.1,1.5,1,1,2619,961,1881,1440,0,0,,SATISFIABLE,10.33176,900.10203,911.92058,UNSATISFIABLE,9.78875,95.89952,134.10169,0,1046.02227
spam,3556,0.1,1.75,1,0,3750,437,417,3447,2432,8,-0.0146718723979205,SATISFIABLE,10.34419,900.12667,912.65006,OPTIMUM,10.00047,53.52435,90.16975,0,1002.8198100000001
spam,3556,0.1,1.75,1,1,3750,437,417,3447,0,0,,SATISFIABLE,10.34419,900.12667,912.65006,UNSATISFIABLE,9.40743,31.97138,68.18939,0,980.83945
spam,3556,0.1,2.0,1,0,3519,1294,2667,1722,2429,3,0.3352140479201449,SATISFIABLE,10.48217,900.11308,912.08326,OPTIMUM,10.09515,74.31626,112.77232,0,1024.85558
spam,3556,0.1,2.0,1,1,3519,1294,2667,1722,0,0,,SATISFIABLE,10.48217,900.11308,912.08326,UNSATISFIABLE,9.48254,44.50931,82.45894,0,994.5422
target,3556,0.1,0.1,1,0,41,0,36,0,624,5,0.6813164907548019,OPTIMUM,0.85230,3.22811,4.25486,OPTIMUM,0.81769,15.92449,23.71436,0,27.96922
target,3556,0.1,0.1,1,1,41,0,36,0,630,11,0.6872220076572539,OPTIMUM,0.85230,3.22811,4.25486,OPTIMUM,0.85945,6.99975,14.81281,0,19.06767
target,3556,0.1,0.1,1,2,41,0,36,0,635,12,0.7816944128274363,OPTIMUM,0.85230,3.22811,4.25486,OPTIMUM,0.99609,6.22669,14.00073,0,18.25559
target,3556,0.1,0.1,1,3,41,0,36,0,643,16,0.8997343819532532,OPTIMUM,0.85230,3.22811,4.25486,OPTIMUM,0.84074,5.41263,13.16934,0,17.4242
target,3556,0.1,0.1,1,4,41,0,36,0,644,17,0.8723513886716789,OPTIMUM,0.85230,3.22811,4.25486,OPTIMUM,0.85345,8.24112,15.89184,0,20.1467
target,3556,0.1,0.1,1,5,41,0,36,0,650,18,0.9399514995314141,OPTIMUM,0.85230,3.22811,4.25486,OPTIMUM,0.83129,4.99677,12.77531,0,17.03017
target,3556,0.1,0.1,1,6,41,0,36,0,0,0,,OPTIMUM,0.85230,3.22811,4.25486,UNSATISFIABLE,0.85269,4.87587,12.70522,0,16.96008
target,3556,0.1,0.25,1,0,98,0,94,0,643,0,0.8246811196834325,OPTIMUM,0.87021,3.25863,4.38764,OPTIMUM,0.80137,6.69971,11.64491,0,16.03255
target,3556,0.1,0.25,1,1,98,0,94,0,644,16,0.921747829983786,OPTIMUM,0.87021,3.25863,4.38764,OPTIMUM,0.84555,6.17125,10.99498,0,15.38262
target,3556,0.1,0.25,1,2,98,0,94,0,646,17,0.9500401535766819,OPTIMUM,0.87021,3.25863,4.38764,OPTIMUM,0.86721,3.71424,8.54624,0,12.933879999999998
target,3556,0.1,0.25,1,3,98,0,94,0,650,22,0.9975318598764314,OPTIMUM,0.87021,3.25863,4.38764,OPTIMUM,0.84467,3.51175,8.35707,0,12.744710000000001
target,3556,0.1,0.25,1,4,98,0,94,0,0,0,,OPTIMUM,0.87021,3.25863,4.38764,UNSATISFIABLE,0.83923,5.66795,10.62750,0,15.015139999999999
target,3556,0.1,0.5,1,0,199,0,186,0,646,1,0.9706740166717855,OPTIMUM,0.82254,3.31094,4.41807,OPTIMUM,0.80064,4.94987,9.89968,0,14.31775
target,3556,0.1,0.5,1,1,199,0,186,0,649,13,0.9749485493691201,OPTIMUM,0.82254,3.31094,4.41807,OPTIMUM,0.85248,10.28754,15.12353,0,19.541600000000003
target,3556,0.1,0.5,1,2,199,0,186,0,650,164,1.0,OPTIMUM,0.82254,3.31094,4.41807,OPTIMUM,0.86390,3.48332,8.34288,0,12.76095
target,3556,0.1,0.5,1,3,199,0,186,0,0,0,,OPTIMUM,0.82254,3.31094,4.41807,UNSATISFIABLE,0.83980,3.27667,8.10341,0,12.52148
target,3556,0.1,0.7,1,0,273,0,266,0,648,4,0.9775912078244299,OPTIMUM,0.83162,2.96478,4.07719,OPTIMUM,0.81340,11.26371,15.96529,0,20.042479999999998
target,3556,0.1,0.7,1,1,273,0,266,0,649,6,0.9824361963218877,OPTIMUM,0.83162,2.96478,4.07719,OPTIMUM,0.85148,4.67407,9.23841,0,13.3156
target,3556,0.1,0.7,1,2,273,0,266,0,650,19,0.992621544219354,OPTIMUM,0.83162,2.96478,4.07719,OPTIMUM,0.85401,5.82563,10.57422,0,14.65141
target,3556,0.1,0.7,1,3,273,0,266,0,0,0,,OPTIMUM,0.83162,2.96478,4.07719,UNSATISFIABLE,0.85385,5.42303,9.98085,0,14.05804
target,3556,0.1,1.0,1,0,375,0,395,0,649,3,0.9924197170186818,OPTIMUM,0.86176,2.57294,3.70890,OPTIMUM,0.81499,9.09778,13.70499,0,17.413890000000002
target,3556,0.1,1.0,1,1,375,0,395,0,650,16,0.9975318598764314,OPTIMUM,0.86176,2.57294,3.70890,OPTIMUM,0.86114,5.84595,10.34198,0,14.05088
target,3556,0.1,1.0,1,2,375,0,395,0,0,0,,OPTIMUM,0.86176,2.57294,3.70890,UNSATISFIABLE,0.85973,5.45385,9.97060,0,13.679499999999999
target,3556,0.1,1.5,1,0,564,0,591,0,649,13,0.9975318598764314,OPTIMUM,0.84295,2.53886,3.65659,OPTIMUM,0.79997,2.73830,6.94223,0,10.59882
target,3556,0.1,1.5,1,1,564,0,591,0,650,14,0.9950768823302037,OPTIMUM,0.84295,2.53886,3.65659,OPTIMUM,0.69193,5.34299,9.45475,0,13.11134
target,3556,0.1,1.5,1,2,564,0,591,0,0,0,,OPTIMUM,0.84295,2.53886,3.65659,UNSATISFIABLE,0.69556,5.14224,9.27176,0,12.92835
target,3556,0.1,1.75,1,0,651,0,696,0,649,5,0.9950768823302037,OPTIMUM,0.86806,2.30079,3.34935,OPTIMUM,0.80025,2.78219,6.90186,0,10.25121
target,3556,0.1,1.75,1,1,651,0,696,0,650,164,1.0,OPTIMUM,0.86806,2.30079,3.34935,OPTIMUM,0.99074,5.30461,9.38697,0,12.73632
target,3556,0.1,1.75,1,2,651,0,696,0,0,0,,OPTIMUM,0.86806,2.30079,3.34935,UNSATISFIABLE,0.85215,5.13316,9.06220,0,12.41155
target,3556,0.1,2.0,1,0,745,0,795,0,649,13,0.9975318598764314,OPTIMUM,0.84666,2.36358,3.48780,OPTIMUM,0.82006,10.36929,14.40000,0,17.8878
target,3556,0.1,2.0,1,1,745,0,795,0,650,164,1.0,OPTIMUM,0.84666,2.36358,3.48780,OPTIMUM,1.02276,5.17851,9.24725,0,12.73505
target,3556,0.1,2.0,1,2,745,0,795,0,0,0,,OPTIMUM,0.84666,2.36358,3.48780,UNSATISFIABLE,0.71989,5.41776,9.34226,0,12.83006
wine,3556,0.1,0.1,1,0,3,0,14,0,1178,0,0.3646949799368811,OPTIMUM,0.11327,0.16093,0.30923,OPTIMUM,0.12137,0.78419,3.53287,0,3.8421
wine,3556,0.1,0.1,1,1,3,0,14,0,0,0,,OPTIMUM,0.11327,0.16093,0.30923,UNSATISFIABLE,0.12709,0.15006,2.84625,0,3.15548
wine,3556,0.1,0.25,1,0,10,0,34,0,1178,4,0.7047366092065853,OPTIMUM,0.11952,0.35353,0.49458,OPTIMUM,0.12611,0.76458,2.01483,0,2.50941
wine,3556,0.1,0.25,1,1,10,0,34,0,0,0,,OPTIMUM,0.11952,0.35353,0.49458,UNSATISFIABLE,0.12629,0.12864,1.37443,0,1.86901
wine,3556,0.1,0.5,1,0,27,0,62,0,1178,1,0.7999991932158239,OPTIMUM,0.11556,0.82557,0.97260,OPTIMUM,0.12203,0.61352,1.01785,0,1.99045
wine,3556,0.1,0.5,1,1,27,0,62,0,0,0,,OPTIMUM,0.11556,0.82557,0.97260,UNSATISFIABLE,0.13064,0.10414,0.48578,0,1.45838
wine,3556,0.1,0.7,1,0,42,0,82,0,1179,4,0.7897894823687819,OPTIMUM,0.11662,0.73029,0.87841,OPTIMUM,0.12641,1.15109,1.38063,0,2.25904
wine,3556,0.1,0.7,1,1,42,0,82,0,1217,13,0.8492888746303099,OPTIMUM,0.11662,0.73029,0.87841,OPTIMUM,0.12614,4.93160,5.16402,0,6.0424299999999995
wine,3556,0.1,0.7,1,2,42,0,82,0,0,0,,OPTIMUM,0.11662,0.73029,0.87841,UNSATISFIABLE,0.12423,0.08085,0.31744,0,1.19585
wine,3556,0.1,1.0,1,0,62,0,116,0,1275,32,0.9471317617859916,OPTIMUM,0.11582,0.49647,0.63985,OPTIMUM,0.12210,3.77722,3.99308,0,4.63293
wine,3556,0.1,1.0,1,1,62,0,116,0,0,0,,OPTIMUM,0.11582,0.49647,0.63985,UNSATISFIABLE,0.12774,0.08196,0.29916,0,0.93901
wine,3556,0.1,1.5,1,0,98,0,169,0,1275,4,0.9486758672446107,OPTIMUM,0.11512,0.38353,0.52173,OPTIMUM,0.12246,0.90093,1.13099,0,1.65272
wine,3556,0.1,1.5,1,1,98,0,169,0,0,0,,OPTIMUM,0.11512,0.38353,0.52173,UNSATISFIABLE,0.12779,0.07584,0.31352,0,0.83525
wine,3556,0.1,1.75,1,0,118,0,193,0,1275,71,0.9816911130140138,OPTIMUM,0.11614,0.46007,0.61197,OPTIMUM,0.12480,0.36003,0.59162,0,1.2035900000000002
wine,3556,0.1,1.75,1,1,118,0,193,0,0,0,,OPTIMUM,0.11614,0.46007,0.61197,UNSATISFIABLE,0.12561,0.07833,0.31739,0,0.92936
wine,3556,0.1,2.0,1,0,131,0,225,0,1275,3,0.9651222744258957,OPTIMUM,0.11677,0.29977,0.44752,OPTIMUM,0.12845,0.39753,0.63824,0,1.08576
wine,3556,0.1,2.0,1,1,131,0,225,0,0,0,,OPTIMUM,0.11677,0.29977,0.44752,UNSATISFIABLE,0.12514,0.07669,0.30902,0,0.75654
wingnut,3556,0.1,0.1,1,0,55,0,46,0,1094,11,0.9803925199807743,OPTIMUM,0.19648,0.20118,0.43618,OPTIMUM,0.20577,0.78252,21.80673,0,22.242910000000002
wingnut,3556,0.1,0.1,1,1,55,0,46,0,0,0,,OPTIMUM,0.19648,0.20118,0.43618,UNSATISFIABLE,0.18262,0.25745,21.27515,0,21.71133
wingnut,3556,0.1,0.25,1,0,131,0,123,0,1094,67,1.0,OPTIMUM,0.19666,0.19231,0.43761,OPTIMUM,0.19961,0.25898,5.63307,0,6.07068
wingnut,3556,0.1,0.25,1,1,131,0,123,0,0,0,,OPTIMUM,0.19666,0.19231,0.43761,UNSATISFIABLE,0.18332,0.17408,5.31410,0,5.75171
wingnut,3556,0.1,0.5,1,0,256,0,252,0,1094,3,0.9960629883195229,OPTIMUM,0.19568,0.18193,0.42126,OPTIMUM,0.19496,0.26405,4.76244,0,5.1837
wingnut,3556,0.1,0.5,1,1,256,0,252,0,0,0,,OPTIMUM,0.19568,0.18193,0.42126,UNSATISFIABLE,0.17880,0.15936,4.40810,0,4.82936
wingnut,3556,0.1,0.7,1,0,351,0,360,0,1094,67,1.0,OPTIMUM,0.19633,0.17512,0.43393,OPTIMUM,0.20305,0.27408,4.67834,0,5.1122700000000005
wingnut,3556,0.1,0.7,1,1,351,0,360,0,0,0,,OPTIMUM,0.19633,0.17512,0.43393,UNSATISFIABLE,0.18014,0.16662,4.27046,0,4.70439
wingnut,3556,0.1,1.0,1,0,499,0,517,0,1094,67,1.0,OPTIMUM,0.19953,0.16413,0.40483,OPTIMUM,0.20365,0.15666,2.30749,0,2.71232
wingnut,3556,0.1,1.0,1,1,499,0,517,0,0,0,,OPTIMUM,0.19953,0.16413,0.40483,UNSATISFIABLE,0.19278,0.14356,2.29062,0,2.69545
wingnut,3556,0.1,1.5,1,0,743,0,781,0,1094,67,1.0,OPTIMUM,0.20116,0.16324,0.42168,OPTIMUM,0.19908,0.15586,2.00799,0,2.4296699999999998
wingnut,3556,0.1,1.5,1,1,743,0,781,0,0,0,,OPTIMUM,0.20116,0.16324,0.42168,UNSATISFIABLE,0.42982,0.13956,2.21750,0,2.6391799999999996
wingnut,3556,0.1,1.75,1,0,866,0,912,0,1094,67,1.0,OPTIMUM,0.20339,0.16404,0.42548,OPTIMUM,0.19407,0.15251,1.97138,0,2.3968599999999998
wingnut,3556,0.1,1.75,1,1,866,0,912,0,0,0,,OPTIMUM,0.20339,0.16404,0.42548,UNSATISFIABLE,0.42828,0.13790,2.18436,0,2.6098399999999997
wingnut,3556,0.1,2.0,1,0,991,0,1041,0,1094,67,1.0,OPTIMUM,0.21508,0.15599,0.42957,OPTIMUM,0.19994,0.14741,1.95970,0,2.38927
wingnut,3556,0.1,2.0,1,1,991,0,1041,0,0,0,,OPTIMUM,0.21508,0.15599,0.42957,UNSATISFIABLE,0.42579,0.14989,2.17839,0,2.60796
