chainlink, 2352, 0.1, 0.1, 1, 55, 0, 45, 0, 989, 17, 0.9062102124656738, OPTIMUM, 0.28718, 0.25680, 0.58688, OPTIMUM, 0.21344, 3.59530, 8.61400, 9.200880000000002
chainlink, 2352, 0.1, 0.25, 1, 125, 1, 123, 1, 989, 17, 0.9253693451406039, OPTIMUM, 0.20659, 8.09836, 8.35477, OPTIMUM, 0.21354, 1.70294, 6.93231, 15.28708
chainlink, 2352, 0.1, 0.5, 1, 257, 0, 236, 7, 989, 9, 0.944728687524505, OPTIMUM, 0.21330, 73.44190, 73.69799, OPTIMUM, 0.22024, 0.82057, 3.35637, 77.05436
chainlink, 2352, 0.1, 0.7, 1, 338, 3, 353, 6, 989, 11, 0.9525284999885771, OPTIMUM, 0.20673, 178.39416, 178.65286, OPTIMUM, 0.23408, 0.52277, 3.15925, 181.81211000000002
chainlink, 2352, 0.1, 1.0, 1, 483, 4, 503, 10, 989, 9, 0.9486245898252834, OPTIMUM, 0.20679, 161.11641, 161.38104, OPTIMUM, 0.20921, 0.37249, 2.84666, 164.22770000000003
chainlink, 2352, 0.1, 1.5, 1, 734, 9, 743, 14, 989, 11, 0.9525284931389837, OPTIMUM, 0.21356, 667.65102, 667.92419, OPTIMUM, 0.21572, 0.29771, 2.81509, 670.73928
chainlink, 2352, 0.1, 1.75, 1, 856, 11, 866, 17, 989, 11, 0.9564404053483773, SATISFIABLE, 0.21455, 900.01258, 900.28915, OPTIMUM, 0.21314, 0.37043, 2.91262, 903.2017699999999
chainlink, 2352, 0.1, 2.0, 1, 987, 12, 979, 22, 989, 11, 0.9603603263608347, SATISFIABLE, 0.21252, 900.01356, 900.28990, OPTIMUM, 0.22665, 0.29436, 2.86014, 903.15004
glass, 2352, 0.1, 0.1, 1, 5, 0, 16, 0, 993, 93, 0.25871514814914187, OPTIMUM, 0.33059, 1.11966, 1.51603, OPTIMUM, 0.33224, 3.72057, 5.45863, 6.97466
glass, 2352, 0.1, 0.25, 1, 14, 0, 39, 0, 1122, 41, 0.2163691658494356, OPTIMUM, 0.33361, 6.41608, 6.80506, OPTIMUM, 0.33549, 24.28467, 24.85971, 31.66477
glass, 2352, 0.1, 0.5, 1, 27, 0, 80, 0, 1167, 1, 0.18202140837650296, OPTIMUM, 0.32645, 40.80609, 41.20462, SATISFIABLE, 0.34866, 900.01217, 900.60812, 941.81274
glass, 2352, 0.1, 0.7, 1, 33, 0, 116, 0, 1299, 3, 0.3676942583793337, OPTIMUM, 0.33779, 93.32343, 93.72688, SATISFIABLE, 0.33068, 900.01484, 900.60229, 994.32917
glass, 2352, 0.1, 1.0, 1, 41, 16, 154, 3, 0, 0,  , SATISFIABLE, 0.33939, 900.01545, 900.43190, UNKNOWN, 0.35158, 900.01515, 900.63844, 1801.07034
glass, 2352, 0.1, 1.5, 1, 59, 27, 225, 10, 1477, 5, 0.22215212262767353, SATISFIABLE, 0.33890, 900.01590, 900.43479, OPTIMUM, 0.33876, 502.39392, 502.92663, 1403.36142
glass, 2352, 0.1, 1.75, 1, 55, 41, 271, 7, 1478, 3, 0.234124934210938, SATISFIABLE, 0.34349, 900.01578, 900.45330, OPTIMUM, 0.33438, 185.43412, 185.99930, 1086.4526
glass, 2352, 0.1, 2.0, 1, 80, 39, 278, 31, 1477, 9, 0.31234972157721, SATISFIABLE, 0.35104, 900.01417, 900.42963, OPTIMUM, 0.33196, 195.47528, 196.01864, 1096.4482699999999
ionosphere, 2352, 0.1, 0.1, 1, 15, 0, 20, 0, 3569, 240, 0.38434927040026085, OPTIMUM, 0.36877, 6.62530, 7.07317, OPTIMUM, 0.38182, 35.09632, 36.09634, 43.169509999999995
ionosphere, 2352, 0.1, 0.25, 1, 49, 1, 37, 0, 0, 0,  , SATISFIABLE, 0.38878, 900.01215, 900.45533, UNKNOWN, 0.39158, 900.01424, 900.63811, 1801.09344
ionosphere, 2352, 0.1, 0.5, 1, 95, 6, 65, 9, 3577, 9, 0.5013736753844507, SATISFIABLE, 0.36467, 900.01323, 900.44047, OPTIMUM, 0.38099, 202.15554, 202.77498, 1103.21545
ionosphere, 2352, 0.1, 0.7, 1, 129, 10, 97, 9, 3577, 29, 0.701987224982257, SATISFIABLE, 0.36864, 900.01304, 900.43971, OPTIMUM, 0.41468, 49.44822, 50.11375, 950.55346
ionosphere, 2352, 0.1, 1.0, 1, 188, 11, 126, 26, 3577, 28, 0.6819763749523688, SATISFIABLE, 0.36468, 900.01257, 900.44890, OPTIMUM, 0.40177, 20.91712, 21.57396, 922.02286
ionosphere, 2352, 0.1, 1.5, 1, 256, 27, 215, 28, 3577, 28, 0.7419191638124244, SATISFIABLE, 0.38613, 900.01441, 900.46902, OPTIMUM, 0.38456, 14.00251, 14.66873, 915.13775
ionosphere, 2352, 0.1, 1.75, 1, 296, 29, 222, 67, 3577, 99, 0.7109921778509675, SATISFIABLE, 0.37508, 900.01456, 900.48832, OPTIMUM, 0.41662, 8.02130, 8.72637, 909.21469
ionosphere, 2352, 0.1, 2.0, 1, 341, 33, 268, 60, 3577, 99, 0.6732360676839187, SATISFIABLE, 0.37982, 900.01416, 900.45609, OPTIMUM, 0.42431, 2.27868, 3.00489, 903.4609800000001
iris, 2352, 0.1, 0.1, 1, 6, 0, 9, 0, 755, 36, 0.8680377279943841, OPTIMUM, 0.05899, 0.11887, 0.19242, OPTIMUM, 0.06271, 0.21517, 0.86370, 1.05612
iris, 2352, 0.1, 0.25, 1, 16, 0, 21, 0, 755, 36, 0.8680377279943841, OPTIMUM, 0.05466, 0.06663, 0.13456, OPTIMUM, 0.06462, 0.12008, 0.66756, 0.80212
iris, 2352, 0.1, 0.5, 1, 31, 0, 44, 0, 755, 31, 0.9410122562924206, OPTIMUM, 0.05662, 0.07081, 0.14076, OPTIMUM, 0.06161, 0.23027, 0.48712, 0.62788
iris, 2352, 0.1, 0.7, 1, 39, 0, 66, 0, 755, 31, 0.9602666666666667, OPTIMUM, 0.05629, 0.15377, 0.22422, OPTIMUM, 0.06204, 0.19618, 0.45449, 0.67871
iris, 2352, 0.1, 1.0, 1, 59, 0, 91, 0, 755, 31, 0.9602666666666667, OPTIMUM, 0.05622, 0.16124, 0.23140, OPTIMUM, 0.06128, 0.25585, 0.49330, 0.7247
iris, 2352, 0.1, 1.5, 1, 89, 0, 136, 0, 755, 31, 0.9602666666666667, OPTIMUM, 0.05863, 0.14100, 0.21823, OPTIMUM, 0.06080, 0.06985, 0.26907, 0.48729999999999996
iris, 2352, 0.1, 1.75, 1, 101, 0, 161, 0, 854, 31, 0.97993200471804, OPTIMUM, 0.05753, 0.07443, 0.14639, OPTIMUM, 0.06171, 0.09577, 0.28847, 0.43486
iris, 2352, 0.1, 2.0, 1, 114, 0, 186, 0, 854, 31, 0.97993200471804, OPTIMUM, 0.05634, 0.07298, 0.14358, OPTIMUM, 0.06182, 0.15139, 0.33860, 0.48218000000000005
libras, 2352, 0.1, 0.1, 1, 2, 0, 34, 0, 2862, 75, 0.1344235592003935, OPTIMUM, 8.17028, 27.20110, 36.40832, SATISFIABLE, 8.02111, 900.03997, 910.75546, 947.16378
libras, 2352, 0.1, 0.25, 1, 2, 0, 88, 0, 2862, 75, 0.19015668034128771, OPTIMUM, 7.71745, 26.85386, 35.72420, SATISFIABLE, 8.03791, 900.03435, 910.88438, 946.60858
libras, 2352, 0.1, 0.5, 1, 7, 0, 173, 0, 3342, 68, 0.14672771211053887, OPTIMUM, 8.12790, 66.35028, 75.54194, OPTIMUM, 8.19663, 151.62143, 161.36245, 236.90438999999998
libras, 2352, 0.1, 0.7, 1, 14, 0, 237, 0, 3342, 68, 0.1446429013024572, OPTIMUM, 7.87304, 65.72207, 74.76823, OPTIMUM, 7.75545, 549.08727, 558.56392, 633.3321500000001
libras, 2352, 0.1, 1.0, 1, 18, 0, 342, 0, 3342, 68, 0.15039067000119152, OPTIMUM, 7.90065, 97.12793, 106.18585, OPTIMUM, 7.74235, 665.52695, 675.04800, 781.23385
libras, 2352, 0.1, 1.5, 1, 31, 0, 509, 0, 0, 0,  , OPTIMUM, 8.32569, 460.84906, 470.28246, UNKNOWN, 7.73276, 900.02870, 909.47974, 1379.7622000000001
libras, 2352, 0.1, 1.75, 1, 39, 1, 590, 0, 0, 0,  , SATISFIABLE, 7.71264, 900.03447, 908.98667, UNKNOWN, 7.71412, 900.03047, 909.44324, 1818.4299099999998
libras, 2352, 0.1, 2.0, 1, 44, 5, 669, 2, 0, 0,  , SATISFIABLE, 8.37272, 900.03575, 909.52490, UNKNOWN, 8.21012, 900.03274, 909.98608, 1819.51098
lsun, 2352, 0.1, 0.1, 1, 9, 0, 31, 0, 923, 104, 1.0, OPTIMUM, 0.10132, 0.94655, 1.08634, OPTIMUM, 0.10624, 0.62894, 5.63222, 6.71856
lsun, 2352, 0.1, 0.25, 1, 30, 0, 70, 0, 923, 104, 1.0, OPTIMUM, 0.10950, 0.94634, 1.09693, OPTIMUM, 0.10566, 0.77403, 5.54499, 6.641920000000001
lsun, 2352, 0.1, 0.5, 1, 64, 0, 136, 0, 923, 104, 1.0, OPTIMUM, 0.10746, 0.22511, 0.36263, OPTIMUM, 0.10624, 0.51833, 1.42404, 1.78667
lsun, 2352, 0.1, 0.7, 1, 95, 0, 185, 0, 923, 104, 1.0, OPTIMUM, 0.10766, 0.22401, 0.36836, OPTIMUM, 0.10818, 1.20941, 2.06319, 2.43155
lsun, 2352, 0.1, 1.0, 1, 139, 0, 261, 0, 923, 104, 1.0, OPTIMUM, 0.10535, 0.21054, 0.34735, OPTIMUM, 0.10604, 0.22199, 1.00300, 1.35035
lsun, 2352, 0.1, 1.5, 1, 226, 0, 374, 0, 923, 104, 1.0, OPTIMUM, 0.10576, 0.23745, 0.38520, OPTIMUM, 0.10746, 0.11539, 0.66069, 1.04589
lsun, 2352, 0.1, 1.75, 1, 260, 0, 440, 0, 923, 104, 1.0, OPTIMUM, 0.10567, 0.19201, 0.33389, OPTIMUM, 0.10608, 0.12862, 0.66653, 1.00042
lsun, 2352, 0.1, 2.0, 1, 301, 0, 499, 0, 923, 104, 1.0, OPTIMUM, 0.10983, 0.19359, 0.34893, OPTIMUM, 0.10802, 0.11585, 0.65151, 1.00044
seeds, 2352, 0.1, 0.1, 1, 6, 0, 15, 0, 896, 67, 0.70812853829059, OPTIMUM, 0.11234, 0.09388, 0.23859, OPTIMUM, 0.12587, 0.51809, 2.79018, 3.0287699999999997
seeds, 2352, 0.1, 0.25, 1, 16, 0, 36, 0, 991, 67, 0.7525930855318305, OPTIMUM, 0.10999, 0.13027, 0.26097, OPTIMUM, 0.11799, 0.53609, 1.57603, 1.837
seeds, 2352, 0.1, 0.5, 1, 25, 0, 80, 0, 991, 67, 0.8135505101528391, OPTIMUM, 0.11405, 0.29053, 0.43236, OPTIMUM, 0.11880, 0.87029, 1.88888, 2.32124
seeds, 2352, 0.1, 0.7, 1, 36, 0, 111, 0, 991, 67, 0.8125261379908585, OPTIMUM, 0.11667, 0.25874, 0.39376, OPTIMUM, 0.11824, 0.60550, 1.58051, 1.9742700000000002
seeds, 2352, 0.1, 1.0, 1, 66, 0, 144, 0, 1058, 20, 0.8369258280580812, OPTIMUM, 0.11651, 0.35541, 0.49692, OPTIMUM, 0.11877, 0.90459, 1.50826, 2.0051799999999997
seeds, 2352, 0.1, 1.5, 1, 103, 1, 210, 1, 1058, 18, 0.9574514546715559, OPTIMUM, 0.11104, 3.42790, 3.56015, OPTIMUM, 0.12029, 0.41139, 0.82321, 4.38336
seeds, 2352, 0.1, 1.75, 1, 119, 2, 244, 2, 1058, 18, 0.9574514546715559, OPTIMUM, 0.11716, 17.16626, 17.30896, OPTIMUM, 0.12067, 0.38963, 0.77469, 18.08365
seeds, 2352, 0.1, 2.0, 1, 141, 4, 273, 2, 1058, 21, 0.9163891264676786, OPTIMUM, 0.11275, 100.48780, 100.62248, OPTIMUM, 0.11913, 0.24731, 0.61207, 101.23455
spam, 2352, 0.1, 0.1, 1, 183, 61, 179, 37, 2429, 1, 0.4061474032814656, SATISFIABLE, 10.26278, 900.07597, 912.30592, OPTIMUM, 9.99955, 435.34949, 498.26349, 1410.56941
spam, 2352, 0.1, 0.25, 1, 465, 153, 401, 131, 2429, 2, 0.46032838920460495, SATISFIABLE, 10.17720, 900.07335, 912.18781, OPTIMUM, 10.45707, 271.19063, 311.46001, 1223.6478200000001
spam, 2352, 0.1, 0.5, 1, 1026, 209, 635, 430, 2432, 5, 0.42521337619094424, SATISFIABLE, 10.62848, 900.04807, 912.90060, OPTIMUM, 10.62244, 341.48264, 384.34343, 1297.24403
spam, 2352, 0.1, 0.7, 1, 1428, 284, 557, 951, 2432, 17, 0.18932453234683888, SATISFIABLE, 10.18355, 900.05097, 912.31834, OPTIMUM, 10.53742, 215.34493, 257.22444, 1169.54278
spam, 2352, 0.1, 1.0, 1, 1858, 610, 1367, 766, 2429, 10, 0.4050568356747795, SATISFIABLE, 10.80662, 900.08322, 912.28231, OPTIMUM, 11.31898, 136.35733, 179.95058, 1092.23289
spam, 2352, 0.1, 1.5, 1, 2558, 1099, 2177, 1067, 2430, 6, 0.3458622879815914, SATISFIABLE, 10.22752, 900.08568, 911.77271, OPTIMUM, 9.95409, 100.17549, 139.32488, 1051.0975899999999
spam, 2352, 0.1, 1.75, 1, 2722, 1544, 2363, 1422, 2432, 0, 0.26509497187369563, SATISFIABLE, 10.19500, 900.09288, 912.44014, OPTIMUM, 10.68308, 77.55968, 119.05507, 1031.49521
spam, 2352, 0.1, 2.0, 1, 4374, 500, 689, 3639, 2430, 4, 0.048719708682695616, SATISFIABLE, 10.46662, 900.11988, 912.77812, OPTIMUM, 10.39821, 43.93583, 81.33162, 994.10974
target, 2352, 0.1, 0.1, 1, 41, 0, 36, 0, 650, 164, 1.0, OPTIMUM, 0.84310, 3.38909, 4.50408, OPTIMUM, 0.82675, 11.02643, 15.94634, 20.45042
target, 2352, 0.1, 0.25, 1, 100, 0, 92, 0, 650, 164, 1.0, OPTIMUM, 0.82143, 6.16080, 7.25598, OPTIMUM, 0.83263, 3.36864, 8.12059, 15.376570000000001
target, 2352, 0.1, 0.5, 1, 192, 0, 193, 0, 650, 164, 1.0, OPTIMUM, 0.83791, 11.16749, 12.29795, OPTIMUM, 0.81862, 11.91068, 16.72623, 29.02418
target, 2352, 0.1, 0.7, 1, 263, 0, 276, 0, 650, 164, 1.0, OPTIMUM, 0.83943, 11.02856, 12.05428, OPTIMUM, 0.81711, 11.75405, 16.48844, 28.542720000000003
target, 2352, 0.1, 1.0, 1, 378, 0, 392, 0, 650, 164, 1.0, OPTIMUM, 0.83517, 2.93709, 3.94883, OPTIMUM, 0.83112, 2.06118, 6.59887, 10.547699999999999
target, 2352, 0.1, 1.5, 1, 577, 0, 578, 0, 650, 164, 1.0, OPTIMUM, 0.84900, 2.35018, 3.48740, OPTIMUM, 0.83106, 3.49233, 7.72201, 11.20941
target, 2352, 0.1, 1.75, 1, 669, 0, 678, 0, 650, 164, 1.0, OPTIMUM, 0.84173, 2.33692, 3.36448, OPTIMUM, 0.82680, 2.82617, 6.74099, 10.10547
target, 2352, 0.1, 2.0, 1, 751, 0, 789, 0, 650, 164, 1.0, OPTIMUM, 0.87166, 2.41888, 3.47253, OPTIMUM, 0.83197, 2.77068, 6.62353, 10.09606
wine, 2352, 0.1, 0.1, 1, 9, 0, 8, 0, 1178, 71, 0.7154455906823828, OPTIMUM, 0.12883, 0.19478, 0.35088, OPTIMUM, 0.12157, 0.81932, 1.13791, 1.48879
wine, 2352, 0.1, 0.25, 1, 15, 0, 29, 0, 1178, 71, 0.8024591068836742, OPTIMUM, 0.11424, 0.30562, 0.45246, OPTIMUM, 0.12037, 1.32242, 1.65566, 2.10812
wine, 2352, 0.1, 0.5, 1, 30, 0, 59, 0, 1178, 71, 0.8791908099398843, OPTIMUM, 0.11852, 0.71141, 0.85403, OPTIMUM, 0.12174, 1.11332, 1.44471, 2.29874
wine, 2352, 0.1, 0.7, 1, 39, 0, 85, 0, 1217, 71, 0.8855996769055242, OPTIMUM, 0.11693, 1.83880, 1.98875, OPTIMUM, 0.11978, 16.17908, 16.41659, 18.40534
wine, 2352, 0.1, 1.0, 1, 64, 0, 114, 0, 1217, 71, 0.953758678715148, OPTIMUM, 0.11559, 0.78966, 0.93614, OPTIMUM, 0.12181, 0.94986, 1.17023, 2.10637
wine, 2352, 0.1, 1.5, 1, 94, 0, 173, 0, 1275, 71, 0.9832438583647054, OPTIMUM, 0.11874, 0.71303, 0.86405, OPTIMUM, 0.12244, 0.44094, 0.66462, 1.52867
wine, 2352, 0.1, 1.75, 1, 107, 0, 204, 0, 1275, 71, 0.9667411092064137, OPTIMUM, 0.11505, 1.40218, 1.54792, OPTIMUM, 0.11994, 0.67875, 0.90713, 2.45505
wine, 2352, 0.1, 2.0, 1, 126, 0, 230, 0, 1275, 71, 1.0, OPTIMUM, 0.11782, 0.77005, 0.92151, OPTIMUM, 0.12012, 0.73632, 0.97042, 1.89193
wingnut, 2352, 0.1, 0.1, 1, 55, 0, 46, 0, 1094, 67, 1.0, OPTIMUM, 0.20673, 0.20770, 0.45156, OPTIMUM, 0.21044, 1.24626, 41.77039, 42.22195
wingnut, 2352, 0.1, 0.25, 1, 132, 0, 122, 0, 1094, 67, 1.0, OPTIMUM, 0.19902, 0.18723, 0.42966, OPTIMUM, 0.19759, 0.61450, 12.18051, 12.61017
wingnut, 2352, 0.1, 0.5, 1, 245, 0, 263, 0, 1094, 67, 1.0, OPTIMUM, 0.19563, 0.18596, 0.42692, OPTIMUM, 0.20030, 0.38543, 10.96606, 11.392980000000001
wingnut, 2352, 0.1, 0.7, 1, 337, 0, 374, 0, 1094, 67, 1.0, OPTIMUM, 0.19975, 0.17402, 0.43111, OPTIMUM, 0.20049, 0.32103, 4.36300, 4.794110000000001
wingnut, 2352, 0.1, 1.0, 1, 483, 0, 533, 0, 1094, 67, 1.0, OPTIMUM, 0.19493, 0.17516, 0.42279, OPTIMUM, 0.20088, 0.20210, 2.82542, 3.24821
wingnut, 2352, 0.1, 1.5, 1, 731, 0, 793, 0, 1094, 67, 1.0, OPTIMUM, 0.23808, 0.17623, 0.48001, OPTIMUM, 0.20541, 0.14819, 2.15781, 2.63782
wingnut, 2352, 0.1, 1.75, 1, 865, 0, 913, 0, 1094, 67, 1.0, OPTIMUM, 0.21695, 0.16737, 0.42772, OPTIMUM, 0.19825, 0.14996, 1.96360, 2.39132
wingnut, 2352, 0.1, 2.0, 1, 990, 0, 1042, 0, 1094, 67, 1.0, OPTIMUM, 0.21736, 0.15987, 0.43630, OPTIMUM, 0.20993, 0.15653, 2.14719, 2.5834900000000003
chainlink, 2352, 0.1, 0.1, 2, 55, 0, 45, 0, 989, 17, 0.9062102124656738, OPTIMUM, 0.21947, 0.24758, 0.50551, OPTIMUM, 0.22494, 3.76576, 9.07984, 9.58535
chainlink, 2352, 0.1, 0.25, 2, 125, 1, 123, 1, 989, 17, 0.9253693451406039, OPTIMUM, 0.21872, 23.50732, 23.76920, OPTIMUM, 0.23021, 1.80310, 7.47157, 31.24077
chainlink, 2352, 0.1, 0.5, 2, 256, 1, 237, 6, 989, 11, 0.9525284999885771, OPTIMUM, 0.22033, 209.16899, 209.43230, OPTIMUM, 0.22829, 0.97325, 3.70371, 213.13601
chainlink, 2352, 0.1, 0.7, 2, 338, 3, 353, 6, 989, 11, 0.9525284999885771, OPTIMUM, 0.22545, 192.97237, 193.24567, OPTIMUM, 0.21686, 0.51713, 3.05079, 196.29646
chainlink, 2352, 0.1, 1.0, 2, 483, 4, 503, 10, 989, 9, 0.9486245898252834, OPTIMUM, 0.24703, 537.15330, 537.45035, OPTIMUM, 0.21271, 0.37666, 2.84452, 540.29487
chainlink, 2352, 0.1, 1.5, 2, 734, 9, 743, 14, 989, 11, 0.9525284931389837, SATISFIABLE, 0.22736, 900.01471, 900.29501, OPTIMUM, 0.23299, 0.31260, 3.03599, 903.331
chainlink, 2352, 0.1, 1.75, 2, 856, 11, 866, 17, 989, 11, 0.9564404053483773, SATISFIABLE, 0.21214, 900.01340, 900.29306, OPTIMUM, 0.22682, 0.34780, 3.03499, 903.32805
chainlink, 2352, 0.1, 2.0, 2, 987, 12, 979, 22, 989, 11, 0.9603603263608347, SATISFIABLE, 0.23117, 900.01400, 900.29809, OPTIMUM, 0.22613, 0.30357, 3.02281, 903.3209
glass, 2352, 0.1, 0.1, 2, 5, 0, 16, 0, 993, 93, 0.25871514814914187, OPTIMUM, 0.35098, 1.16880, 1.58862, OPTIMUM, 0.35773, 3.75422, 5.57870, 7.16732
glass, 2352, 0.1, 0.25, 2, 14, 0, 39, 0, 1122, 41, 0.2163691658494356, OPTIMUM, 0.35608, 6.78306, 7.21106, OPTIMUM, 0.35672, 25.82589, 26.44103, 33.65209
glass, 2352, 0.1, 0.5, 2, 27, 0, 80, 0, 1167, 1, 0.18202140837650296, OPTIMUM, 0.35325, 34.43455, 34.86256, SATISFIABLE, 0.35258, 900.01539, 900.60399, 935.46655
glass, 2352, 0.1, 0.7, 2, 32, 1, 116, 0, 0, 0,  , SATISFIABLE, 0.36510, 900.01439, 900.43309, UNKNOWN, 0.36626, 900.01229, 900.63863, 1801.07172
glass, 2352, 0.1, 1.0, 2, 47, 10, 157, 0, 1474, 5, 0.37501727928618506, SATISFIABLE, 0.35229, 900.01439, 900.43584, SATISFIABLE, 0.36915, 900.01393, 900.58012, 1801.01596
glass, 2352, 0.1, 1.5, 2, 48, 38, 233, 2, 1472, 9, 0.21941105722490944, SATISFIABLE, 0.37000, 900.01444, 900.44740, OPTIMUM, 0.37476, 372.53817, 373.10306, 1273.55046
glass, 2352, 0.1, 1.75, 2, 61, 35, 278, 0, 1471, 9, 0.32390674598262104, SATISFIABLE, 0.37835, 900.01483, 900.45621, OPTIMUM, 0.36673, 111.38734, 111.93835, 1012.3945600000001
glass, 2352, 0.1, 2.0, 2, 64, 55, 296, 13, 1480, 4, 0.1925312186290934, SATISFIABLE, 0.35527, 900.01614, 900.43616, OPTIMUM, 0.36495, 777.27560, 777.85727, 1678.29343
ionosphere, 2352, 0.1, 0.1, 2, 15, 0, 20, 0, 3569, 240, 0.38434927040026085, OPTIMUM, 0.38575, 7.00283, 7.45517, OPTIMUM, 0.41464, 34.76443, 35.81438, 43.26955
ionosphere, 2352, 0.1, 0.25, 2, 49, 1, 37, 0, 3577, 35, 0.29623433940774485, SATISFIABLE, 0.38132, 900.01370, 900.44765, SATISFIABLE, 0.40057, 900.01580, 900.64878, 1801.09643
ionosphere, 2352, 0.1, 0.5, 2, 93, 8, 70, 4, 3577, 107, 0.6558302638881881, SATISFIABLE, 0.38803, 900.01407, 900.45756, OPTIMUM, 0.39427, 103.70597, 104.35341, 1004.81097
ionosphere, 2352, 0.1, 0.7, 2, 120, 19, 100, 6, 3577, 15, 0.6381709741550696, SATISFIABLE, 0.38481, 900.01502, 900.47574, OPTIMUM, 0.42683, 61.67061, 62.34165, 962.8173899999999
ionosphere, 2352, 0.1, 1.0, 2, 180, 19, 128, 24, 3577, 41, 0.6351631844179307, SATISFIABLE, 0.37065, 900.01451, 900.45135, OPTIMUM, 0.40570, 18.55234, 19.22365, 919.6750000000001
ionosphere, 2352, 0.1, 1.5, 2, 263, 20, 213, 30, 3577, 99, 0.7820128978657224, SATISFIABLE, 0.38657, 900.01375, 900.46188, OPTIMUM, 0.41259, 1.57758, 2.27724, 902.73912
ionosphere, 2352, 0.1, 1.75, 2, 281, 44, 237, 52, 3577, 54, 0.599726713732635, SATISFIABLE, 0.37756, 900.01389, 900.47913, OPTIMUM, 0.41477, 7.89074, 8.60438, 909.08351
ionosphere, 2352, 0.1, 2.0, 2, 343, 31, 283, 45, 3577, 99, 0.7417506201589632, SATISFIABLE, 0.38658, 900.01410, 900.46854, OPTIMUM, 0.41128, 1.30152, 2.01914, 902.48768
iris, 2352, 0.1, 0.1, 2, 6, 0, 9, 0, 755, 36, 0.8680377279943841, OPTIMUM, 0.05791, 0.12271, 0.19320, OPTIMUM, 0.06491, 0.21566, 0.89365, 1.08685
iris, 2352, 0.1, 0.25, 2, 16, 0, 21, 0, 755, 36, 0.8680377279943841, OPTIMUM, 0.05767, 0.07948, 0.15007, OPTIMUM, 0.06337, 0.11512, 0.66392, 0.81399
iris, 2352, 0.1, 0.5, 2, 31, 0, 44, 0, 755, 31, 0.9410122562924206, OPTIMUM, 0.05869, 0.07497, 0.14705, OPTIMUM, 0.06078, 0.26198, 0.51611, 0.66316
iris, 2352, 0.1, 0.7, 2, 39, 0, 66, 0, 755, 31, 0.9602666666666667, OPTIMUM, 0.05929, 0.15892, 0.23162, OPTIMUM, 0.06359, 0.20087, 0.46844, 0.70006
iris, 2352, 0.1, 1.0, 2, 59, 0, 91, 0, 755, 31, 0.9602666666666667, OPTIMUM, 0.05879, 0.16822, 0.24061, OPTIMUM, 0.06032, 0.25350, 0.49578, 0.73639
iris, 2352, 0.1, 1.5, 2, 89, 0, 136, 0, 755, 31, 0.9602666666666667, OPTIMUM, 0.05906, 0.14966, 0.22273, OPTIMUM, 0.06539, 0.07661, 0.28659, 0.50932
iris, 2352, 0.1, 1.75, 2, 101, 0, 161, 0, 854, 31, 0.97993200471804, OPTIMUM, 0.06353, 0.08326, 0.16066, OPTIMUM, 0.06416, 0.09258, 0.29818, 0.45884
iris, 2352, 0.1, 2.0, 2, 114, 0, 186, 0, 854, 31, 0.97993200471804, OPTIMUM, 0.05827, 0.08361, 0.15585, OPTIMUM, 0.06321, 0.09621, 0.28916, 0.44500999999999996
libras, 2352, 0.1, 0.1, 2, 2, 0, 34, 0, 2862, 75, 0.1344235592003935, OPTIMUM, 8.37305, 27.96308, 37.07635, SATISFIABLE, 8.02677, 900.03821, 910.78025, 947.8566000000001
libras, 2352, 0.1, 0.25, 2, 2, 0, 88, 0, 2862, 75, 0.19015668034128771, OPTIMUM, 8.21931, 28.20167, 37.41269, SATISFIABLE, 7.65655, 900.05833, 910.52756, 947.94025
libras, 2352, 0.1, 0.5, 2, 7, 0, 173, 0, 3342, 68, 0.14672771211053887, OPTIMUM, 8.26981, 66.06450, 75.41235, OPTIMUM, 8.45049, 157.36455, 167.35546, 242.76781
libras, 2352, 0.1, 0.7, 2, 14, 0, 237, 0, 3342, 68, 0.1446429013024572, OPTIMUM, 8.30593, 65.83399, 75.23780, OPTIMUM, 8.52982, 590.21720, 600.36783, 675.60563
libras, 2352, 0.1, 1.0, 2, 18, 0, 342, 0, 3342, 68, 0.15039067000119152, OPTIMUM, 8.27361, 85.64506, 94.57753, OPTIMUM, 8.69642, 675.49201, 685.83968, 780.4172100000001
libras, 2352, 0.1, 1.5, 2, 31, 0, 509, 0, 0, 0,  , OPTIMUM, 8.17574, 133.99951, 142.95654, UNKNOWN, 8.04131, 900.03503, 909.76152, 1052.71806
libras, 2352, 0.1, 1.75, 2, 40, 0, 590, 0, 0, 0,  , OPTIMUM, 8.14422, 727.30604, 736.62574, UNKNOWN, 7.82257, 900.03246, 909.48957, 1646.11531
libras, 2352, 0.1, 2.0, 2, 39, 10, 671, 0, 0, 0,  , SATISFIABLE, 8.77791, 900.03871, 909.60676, UNKNOWN, 8.38851, 900.03622, 910.15637, 1819.76313
lsun, 2352, 0.1, 0.1, 2, 9, 0, 31, 0, 923, 104, 1.0, OPTIMUM, 0.10267, 0.94747, 1.08687, OPTIMUM, 0.11596, 0.47116, 5.85044, 6.93731
lsun, 2352, 0.1, 0.25, 2, 30, 0, 70, 0, 923, 104, 1.0, OPTIMUM, 0.11074, 0.96384, 1.09986, OPTIMUM, 0.11298, 0.63816, 5.71791, 6.817769999999999
lsun, 2352, 0.1, 0.5, 2, 64, 0, 136, 0, 923, 104, 1.0, OPTIMUM, 0.11089, 0.23637, 0.38009, OPTIMUM, 0.11104, 0.45950, 1.40301, 1.7831000000000001
lsun, 2352, 0.1, 0.7, 2, 95, 0, 185, 0, 923, 104, 1.0, OPTIMUM, 0.11339, 0.23205, 0.37331, OPTIMUM, 0.11267, 1.17274, 2.07282, 2.44613
lsun, 2352, 0.1, 1.0, 2, 139, 0, 261, 0, 923, 104, 1.0, OPTIMUM, 0.11106, 0.22156, 0.35912, OPTIMUM, 0.11505, 0.20896, 1.02626, 1.38538
lsun, 2352, 0.1, 1.5, 2, 226, 0, 374, 0, 923, 104, 1.0, OPTIMUM, 0.10557, 0.23419, 0.38330, OPTIMUM, 0.11138, 0.11656, 0.68033, 1.0636299999999999
lsun, 2352, 0.1, 1.75, 2, 260, 0, 440, 0, 923, 104, 1.0, OPTIMUM, 0.11247, 0.19983, 0.34741, OPTIMUM, 0.11346, 0.12852, 0.69974, 1.04715
lsun, 2352, 0.1, 2.0, 2, 301, 0, 499, 0, 923, 104, 1.0, OPTIMUM, 0.10887, 0.19049, 0.33135, OPTIMUM, 0.11235, 0.11879, 0.69996, 1.03131
seeds, 2352, 0.1, 0.1, 2, 6, 0, 15, 0, 896, 67, 0.70812853829059, OPTIMUM, 0.16265, 0.09649, 0.27664, OPTIMUM, 0.12709, 0.51262, 2.80644, 3.08308
seeds, 2352, 0.1, 0.25, 2, 16, 0, 36, 0, 991, 67, 0.7525930855318305, OPTIMUM, 0.12641, 0.13379, 0.27973, OPTIMUM, 0.13692, 0.46651, 1.57160, 1.8513300000000001
seeds, 2352, 0.1, 0.5, 2, 25, 0, 80, 0, 991, 67, 0.8135505101528391, OPTIMUM, 0.12497, 0.30011, 0.44291, OPTIMUM, 0.13495, 0.81432, 1.90582, 2.34873
seeds, 2352, 0.1, 0.7, 2, 36, 0, 111, 0, 991, 67, 0.8125261379908585, OPTIMUM, 0.12561, 0.27046, 0.42182, OPTIMUM, 0.13270, 0.55421, 1.58482, 2.00664
seeds, 2352, 0.1, 1.0, 2, 66, 0, 144, 0, 1058, 20, 0.8369258280580812, OPTIMUM, 0.12297, 0.37036, 0.51276, OPTIMUM, 0.13473, 0.89206, 1.52746, 2.04022
seeds, 2352, 0.1, 1.5, 2, 102, 2, 211, 0, 1567, 18, 0.9024371127698873, OPTIMUM, 0.12790, 1.83089, 1.97758, OPTIMUM, 0.13134, 0.80857, 1.23927, 3.21685
seeds, 2352, 0.1, 1.75, 2, 116, 5, 246, 0, 1567, 21, 0.8765271445556418, OPTIMUM, 0.12642, 25.23198, 25.37784, OPTIMUM, 0.16878, 0.66823, 1.12920, 26.50704
seeds, 2352, 0.1, 2.0, 2, 138, 7, 275, 0, 1083, 21, 0.8660652666863847, OPTIMUM, 0.12927, 88.10876, 88.25766, OPTIMUM, 0.13554, 0.20458, 0.58839, 88.84605
spam, 2352, 0.1, 0.1, 2, 202, 42, 187, 29, 2432, 1, 0.4914847935703955, SATISFIABLE, 10.94133, 900.05553, 912.98519, OPTIMUM, 10.07053, 632.80493, 698.92113, 1611.90632
spam, 2352, 0.1, 0.25, 2, 462, 156, 405, 127, 2432, 5, 0.4560238854014829, SATISFIABLE, 10.22676, 900.06327, 912.33933, OPTIMUM, 11.58969, 278.05436, 325.41333, 1237.75266
spam, 2352, 0.1, 0.5, 2, 1003, 232, 805, 260, 2429, 24, 0.5508829322954839, SATISFIABLE, 10.24331, 900.06829, 911.56346, OPTIMUM, 10.42538, 150.68774, 195.05259, 1106.61605
spam, 2352, 0.1, 0.7, 2, 1241, 471, 1005, 503, 2428, 1, 0.36146173166877027, SATISFIABLE, 11.35242, 900.05444, 912.83876, OPTIMUM, 9.95552, 176.51142, 219.27929, 1132.11805
spam, 2352, 0.1, 1.0, 2, 1742, 726, 1464, 669, 2429, 2, 0.36696966528845487, SATISFIABLE, 10.89663, 900.09859, 912.92887, OPTIMUM, 10.80803, 146.10041, 186.92302, 1099.85189
spam, 2352, 0.1, 1.5, 2, 2467, 1190, 2103, 1141, 2430, 8, 0.319401873114184, SATISFIABLE, 10.81915, 900.09322, 912.94333, OPTIMUM, 10.68826, 159.72198, 201.40553, 1114.34886
spam, 2352, 0.1, 1.75, 2, 2550, 1716, 2272, 1513, 2430, 0, 0.16650498901913557, SATISFIABLE, 10.82076, 900.13528, 912.99332, OPTIMUM, 10.71633, 44.30462, 85.97509, 998.9684100000001
spam, 2352, 0.1, 2.0, 2, 3367, 1507, 1914, 2414, 2430, 0, 0.1290159895540079, SATISFIABLE, 10.92681, 900.16709, 913.10879, OPTIMUM, 10.93694, 44.88889, 84.64598, 997.75477
target, 2352, 0.1, 0.1, 2, 41, 0, 36, 0, 650, 164, 1.0, OPTIMUM, 0.84401, 3.32492, 4.43658, OPTIMUM, 0.89223, 11.31858, 16.60447, 21.04105
target, 2352, 0.1, 0.25, 2, 100, 0, 92, 0, 650, 164, 1.0, OPTIMUM, 0.91701, 6.22799, 7.42271, OPTIMUM, 0.82454, 3.64457, 8.36972, 15.79243
target, 2352, 0.1, 0.5, 2, 192, 0, 193, 0, 650, 164, 1.0, OPTIMUM, 0.88757, 11.32612, 12.47820, OPTIMUM, 0.89087, 12.09104, 17.20279, 29.68099
target, 2352, 0.1, 0.7, 2, 263, 0, 276, 0, 650, 164, 1.0, OPTIMUM, 0.84085, 11.02167, 12.13630, OPTIMUM, 0.89153, 11.76386, 16.63825, 28.774549999999998
target, 2352, 0.1, 1.0, 2, 378, 0, 392, 0, 650, 164, 1.0, OPTIMUM, 0.91674, 2.97649, 4.17490, OPTIMUM, 0.89741, 2.02870, 6.78014, 10.95504
target, 2352, 0.1, 1.5, 2, 577, 0, 578, 0, 650, 164, 1.0, OPTIMUM, 0.92908, 2.37695, 3.57707, OPTIMUM, 0.87351, 3.64051, 8.10918, 11.686250000000001
target, 2352, 0.1, 1.75, 2, 669, 0, 678, 0, 650, 164, 1.0, OPTIMUM, 0.92913, 2.42777, 3.63496, OPTIMUM, 0.89157, 2.91760, 7.06294, 10.6979
target, 2352, 0.1, 2.0, 2, 751, 0, 789, 0, 650, 164, 1.0, OPTIMUM, 0.86576, 2.43317, 3.58345, OPTIMUM, 0.91395, 2.82780, 6.93182, 10.515270000000001
wine, 2352, 0.1, 0.1, 2, 9, 0, 8, 0, 1178, 71, 0.7154455906823828, OPTIMUM, 0.12408, 0.16727, 0.31592, OPTIMUM, 0.13146, 0.80072, 1.13246, 1.44838
wine, 2352, 0.1, 0.25, 2, 15, 0, 29, 0, 1178, 71, 0.8024591068836742, OPTIMUM, 0.11470, 0.30522, 0.44855, OPTIMUM, 0.12630, 1.35889, 1.69385, 2.1424000000000003
wine, 2352, 0.1, 0.5, 2, 30, 0, 59, 0, 1178, 71, 0.8791908099398843, OPTIMUM, 0.12168, 0.74688, 0.89368, OPTIMUM, 0.12704, 1.08498, 1.42262, 2.3163
wine, 2352, 0.1, 0.7, 2, 39, 0, 85, 0, 1217, 71, 0.8855996769055242, OPTIMUM, 0.12374, 1.91602, 2.06699, OPTIMUM, 0.12764, 17.33224, 17.56862, 19.63561
wine, 2352, 0.1, 1.0, 2, 64, 0, 114, 0, 1217, 71, 0.953758678715148, OPTIMUM, 0.12427, 0.82483, 0.97687, OPTIMUM, 0.12205, 0.97219, 1.19258, 2.16945
wine, 2352, 0.1, 1.5, 2, 94, 0, 173, 0, 1275, 71, 0.9832438583647054, OPTIMUM, 0.12229, 0.73724, 0.88300, OPTIMUM, 0.13183, 0.45951, 0.68688, 1.56988
wine, 2352, 0.1, 1.75, 2, 107, 0, 204, 0, 1275, 71, 0.9667411092064137, OPTIMUM, 0.12208, 1.45605, 1.60007, OPTIMUM, 0.13090, 0.71148, 0.94468, 2.54475
wine, 2352, 0.1, 2.0, 2, 126, 0, 230, 0, 1275, 71, 1.0, OPTIMUM, 0.13087, 0.74203, 0.90022, OPTIMUM, 0.13106, 0.76791, 1.00357, 1.90379
wingnut, 2352, 0.1, 0.1, 2, 55, 0, 46, 0, 1094, 67, 1.0, OPTIMUM, 0.20344, 0.22008, 0.46145, OPTIMUM, 0.21205, 0.95154, 44.06088, 44.52233
wingnut, 2352, 0.1, 0.25, 2, 132, 0, 122, 0, 1094, 67, 1.0, OPTIMUM, 0.21270, 0.19284, 0.45628, OPTIMUM, 0.20616, 0.48770, 12.35868, 12.81496
wingnut, 2352, 0.1, 0.5, 2, 245, 0, 263, 0, 1094, 67, 1.0, OPTIMUM, 0.20898, 0.19130, 0.43774, OPTIMUM, 0.21473, 0.28068, 11.44673, 11.88447
wingnut, 2352, 0.1, 0.7, 2, 337, 0, 374, 0, 1094, 67, 1.0, OPTIMUM, 0.20573, 0.17695, 0.42048, OPTIMUM, 0.21389, 0.32867, 4.67257, 5.093050000000001
wingnut, 2352, 0.1, 1.0, 2, 483, 0, 533, 0, 1094, 67, 1.0, OPTIMUM, 0.21545, 0.17245, 0.43091, OPTIMUM, 0.21289, 0.16403, 2.93601, 3.36692
wingnut, 2352, 0.1, 1.5, 2, 731, 0, 793, 0, 1094, 67, 1.0, OPTIMUM, 0.19826, 0.16885, 0.42759, OPTIMUM, 0.21211, 0.15619, 2.33094, 2.75853
wingnut, 2352, 0.1, 1.75, 2, 865, 0, 913, 0, 1094, 67, 1.0, OPTIMUM, 0.20666, 0.17308, 0.41894, OPTIMUM, 0.20455, 0.15651, 2.05831, 2.47725
wingnut, 2352, 0.1, 2.0, 2, 990, 0, 1042, 0, 1094, 67, 1.0, OPTIMUM, 0.21273, 0.16217, 0.41530, OPTIMUM, 0.21295, 0.15096, 2.16256, 2.5778600000000003
chainlink, 2352, 0.1, 0.1, 3, 55, 0, 45, 0, 989, 17, 0.9062102124656738, OPTIMUM, 0.20709, 0.24412, 0.49270, OPTIMUM, 0.22236, 3.71950, 8.98186, 9.474559999999999
chainlink, 2352, 0.1, 0.25, 3, 125, 1, 123, 1, 989, 17, 0.9253693451406039, OPTIMUM, 0.21047, 15.90150, 16.16836, OPTIMUM, 0.22553, 1.76608, 7.35320, 23.52156
chainlink, 2352, 0.1, 0.5, 3, 256, 1, 237, 6, 989, 11, 0.9525284999885771, OPTIMUM, 0.22433, 282.36400, 282.63133, OPTIMUM, 0.22394, 0.97587, 3.69745, 286.32878
chainlink, 2352, 0.1, 0.7, 3, 338, 3, 353, 6, 989, 11, 0.9525284999885771, OPTIMUM, 0.22299, 307.08820, 307.36967, OPTIMUM, 0.21334, 0.54725, 3.02918, 310.39885
chainlink, 2352, 0.1, 1.0, 3, 483, 4, 503, 10, 989, 9, 0.9486245898252834, OPTIMUM, 0.23008, 605.51460, 605.79056, OPTIMUM, 0.23195, 0.40926, 3.23006, 609.02062
chainlink, 2352, 0.1, 1.5, 3, 732, 11, 744, 13, 989, 11, 0.9525284999885771, SATISFIABLE, 0.22290, 900.02213, 900.29180, OPTIMUM, 0.21232, 0.26667, 2.79939, 903.09119
chainlink, 2352, 0.1, 1.75, 3, 853, 14, 867, 16, 989, 11, 0.9486245980618182, SATISFIABLE, 0.21454, 900.02420, 900.28846, OPTIMUM, 0.21190, 0.35401, 2.89049, 903.17895
chainlink, 2352, 0.1, 2.0, 3, 983, 16, 981, 20, 989, 11, 0.9564404109351772, SATISFIABLE, 0.21222, 900.03081, 900.31070, OPTIMUM, 0.22042, 0.29626, 2.86179, 903.17249
glass, 2352, 0.1, 0.1, 3, 5, 0, 16, 0, 993, 93, 0.25871514814914187, OPTIMUM, 0.35145, 1.17498, 1.57828, OPTIMUM, 0.37475, 3.83893, 5.69516, 7.273439999999999
glass, 2352, 0.1, 0.25, 3, 14, 0, 39, 0, 1122, 41, 0.2163691658494356, OPTIMUM, 0.35513, 6.79559, 7.20534, OPTIMUM, 0.35318, 25.98746, 26.57802, 33.78336
glass, 2352, 0.1, 0.5, 3, 27, 0, 80, 0, 1167, 1, 0.18202140837650296, OPTIMUM, 0.35294, 34.56063, 34.96983, SATISFIABLE, 0.36187, 900.01856, 900.62709, 935.59692
glass, 2352, 0.1, 0.7, 3, 33, 0, 116, 0, 1299, 3, 0.3676942583793337, OPTIMUM, 0.37588, 368.97191, 369.40136, SATISFIABLE, 0.35514, 900.01904, 900.62609, 1270.02745
glass, 2352, 0.1, 1.0, 3, 41, 16, 157, 0, 0, 0,  , SATISFIABLE, 0.37041, 900.01811, 900.46613, UNKNOWN, 0.37948, 900.02090, 900.88948, 1801.35561
glass, 2352, 0.1, 1.5, 3, 50, 36, 235, 0, 1480, 9, 0.3759052982128536, SATISFIABLE, 0.36583, 900.02272, 900.46987, OPTIMUM, 0.37925, 373.52256, 374.09027, 1274.56014
glass, 2352, 0.1, 1.75, 3, 62, 34, 278, 0, 1474, 5, 0.33166234784526666, SATISFIABLE, 0.38045, 900.02174, 900.48049, OPTIMUM, 0.36897, 141.76124, 142.31134, 1042.7918300000001
glass, 2352, 0.1, 2.0, 3, 55, 64, 307, 2, 1471, 10, 0.1948594555075829, SATISFIABLE, 0.37647, 900.01784, 900.45990, OPTIMUM, 0.36777, 492.26899, 492.85138, 1393.31128
ionosphere, 2352, 0.1, 0.1, 3, 15, 0, 20, 0, 3569, 240, 0.38434927040026085, OPTIMUM, 0.40688, 6.93435, 7.41488, OPTIMUM, 0.40303, 37.36537, 38.40684, 45.82172
ionosphere, 2352, 0.1, 0.25, 3, 49, 1, 37, 0, 0, 0,  , SATISFIABLE, 0.38769, 900.01439, 900.47472, UNKNOWN, 0.40823, 900.01611, 900.66873, 1801.14345
ionosphere, 2352, 0.1, 0.5, 3, 91, 10, 72, 2, 3577, 15, 0.7037742504409171, SATISFIABLE, 0.38476, 900.01611, 900.46186, OPTIMUM, 0.39751, 171.43837, 172.09819, 1072.56005
ionosphere, 2352, 0.1, 0.7, 3, 123, 16, 100, 6, 3577, 29, 0.6933937483582874, SATISFIABLE, 0.36933, 900.01407, 900.44021, OPTIMUM, 0.40330, 23.72754, 24.39521, 924.83542
ionosphere, 2352, 0.1, 1.0, 3, 172, 27, 135, 17, 3577, 1, 0.6651172180583945, SATISFIABLE, 0.39423, 900.01814, 900.47192, OPTIMUM, 0.38057, 29.42277, 30.06800, 930.5399199999999
ionosphere, 2352, 0.1, 1.5, 3, 251, 32, 211, 32, 3577, 15, 0.7132483093541506, SATISFIABLE, 0.37739, 900.01556, 900.47009, OPTIMUM, 0.38193, 5.38950, 6.04463, 906.51472
ionosphere, 2352, 0.1, 1.75, 3, 288, 37, 244, 45, 3574, 120, 0.7124144000161844, SATISFIABLE, 0.37351, 900.01512, 900.46685, OPTIMUM, 0.39073, 23.06989, 23.75496, 924.22181
chainlink, 2352, 0.1, 0.1, 5, 55, 0, 45, 0, 989, 17, 0.9062102124656738, OPTIMUM, 0.21985, 0.34751, 0.61584, OPTIMUM, 0.22474, 3.77484, 9.26881, 9.88465
chainlink, 2352, 0.1, 0.25, 5, 125, 1, 123, 1, 989, 17, 0.9253693451406039, OPTIMUM, 0.22034, 15.10331, 15.36443, OPTIMUM, 0.22475, 1.74198, 7.26224, 22.62667
chainlink, 2352, 0.1, 0.5, 5, 256, 1, 237, 6, 989, 11, 0.9525284999885771, OPTIMUM, 0.22208, 409.58735, 409.85418, OPTIMUM, 0.23050, 0.97471, 3.69486, 413.54904
chainlink, 2352, 0.1, 0.7, 5, 338, 3, 353, 6, 989, 11, 0.9525284999885771, OPTIMUM, 0.22393, 765.07447, 765.34734, OPTIMUM, 0.22266, 0.52058, 3.10157, 768.4489100000001
chainlink, 2352, 0.1, 1.0, 5, 483, 4, 503, 10, 989, 9, 0.9486245898252834, SATISFIABLE, 0.22686, 900.01549, 900.28943, OPTIMUM, 0.21675, 0.37460, 2.86103, 903.1504600000001
chainlink, 2352, 0.1, 1.5, 5, 732, 11, 744, 13, 989, 11, 0.9525284999885771, SATISFIABLE, 0.23764, 900.02291, 900.31415, OPTIMUM, 0.22638, 0.25250, 2.98962, 903.30377
chainlink, 2352, 0.1, 1.75, 5, 853, 14, 867, 16, 989, 11, 0.9486245980618182, SATISFIABLE, 0.23366, 900.03178, 900.33409, OPTIMUM, 0.21274, 0.36675, 2.91876, 903.25285
chainlink, 2352, 0.1, 2.0, 5, 983, 16, 981, 20, 989, 11, 0.9564404109351772, SATISFIABLE, 0.21670, 900.01474, 900.28463, OPTIMUM, 0.21463, 0.30664, 2.88200, 903.1666299999999
glass, 2352, 0.1, 0.1, 5, 5, 0, 16, 0, 993, 93, 0.25871514814914187, OPTIMUM, 0.36093, 1.13199, 1.56048, OPTIMUM, 0.33649, 3.68124, 5.41787, 6.97835
glass, 2352, 0.1, 0.25, 5, 14, 0, 39, 0, 1122, 41, 0.2163691658494356, OPTIMUM, 0.34180, 6.49048, 6.90753, OPTIMUM, 0.33321, 24.50663, 25.08669, 31.994220000000002
glass, 2352, 0.1, 0.5, 5, 27, 0, 80, 0, 1167, 1, 0.18202140837650296, OPTIMUM, 0.33303, 33.54955, 33.95888, SATISFIABLE, 0.35264, 900.01385, 900.61129, 934.5701700000001
glass, 2352, 0.1, 0.7, 5, 33, 0, 116, 0, 1299, 3, 0.3676942583793337, OPTIMUM, 0.37359, 289.04241, 289.49246, SATISFIABLE, 0.38664, 900.01516, 900.65075, 1190.14321
glass, 2352, 0.1, 1.0, 5, 37, 20, 157, 0, 0, 0,  , SATISFIABLE, 0.35572, 900.01411, 900.43484, UNKNOWN, 0.37168, 900.01479, 900.58342, 1801.01826
glass, 2352, 0.1, 1.5, 5, 48, 38, 235, 0, 1480, 4, 0.2345986173976745, SATISFIABLE, 0.37572, 900.01373, 900.47798, OPTIMUM, 0.36911, 764.04122, 764.59903, 1665.07701
glass, 2352, 0.1, 1.75, 5, 60, 36, 278, 0, 1474, 4, 0.30749726233531577, SATISFIABLE, 0.37352, 900.01521, 900.44931, OPTIMUM, 0.38361, 322.72139, 323.29413, 1223.74344
glass, 2352, 0.1, 2.0, 5, 47, 72, 309, 0, 1407, 5, 0.1491122676577543, SATISFIABLE, 0.37818, 900.01291, 900.47150, OPTIMUM, 0.38007, 193.02828, 193.62500, 1094.0965
ionosphere, 2352, 0.1, 0.1, 5, 15, 0, 20, 0, 3569, 240, 0.38434927040026085, OPTIMUM, 0.39358, 7.05321, 7.52688, OPTIMUM, 0.41310, 36.81963, 37.88860, 45.415479999999995
ionosphere, 2352, 0.1, 0.25, 5, 49, 1, 37, 0, 3576, 2, 0.3207255690911202, SATISFIABLE, 0.38816, 900.01246, 900.47127, SATISFIABLE, 0.38921, 900.01206, 900.63379, 1801.1050599999999
ionosphere, 2352, 0.1, 0.5, 5, 86, 15, 73, 1, 3577, 15, 0.6569812174700158, SATISFIABLE, 0.40155, 900.01355, 900.49900, OPTIMUM, 0.41351, 142.01866, 142.67720, 1043.1762
ionosphere, 2352, 0.1, 0.7, 5, 117, 22, 94, 12, 3575, 56, 0.608347644594396, SATISFIABLE, 0.39062, 900.01349, 900.47731, OPTIMUM, 0.41446, 43.98719, 44.64746, 945.12477
ionosphere, 2352, 0.1, 1.0, 5, 163, 36, 135, 17, 3577, 27, 0.5302900031357158, SATISFIABLE, 0.38588, 900.01305, 900.46020, OPTIMUM, 0.40439, 59.75420, 60.44432, 960.9045199999999
ionosphere, 2352, 0.1, 1.5, 5, 251, 32, 211, 32, 3577, 15, 0.7132483093541506, SATISFIABLE, 0.39295, 900.01263, 900.47222, OPTIMUM, 0.40819, 5.65140, 6.33126, 906.80348
ionosphere, 2352, 0.1, 1.75, 5, 274, 51, 247, 42, 3577, 15, 0.7138082895034854, SATISFIABLE, 0.38923, 900.01264, 900.46859, OPTIMUM, 0.41208, 10.78953, 11.49646, 911.9650499999999
ionosphere, 2352, 0.1, 2.0, 5, 316, 58, 273, 55, 3577, 28, 0.618064757588938, SATISFIABLE, 0.39153, 900.01399, 900.47030, OPTIMUM, 0.38428, 15.63742, 16.30332, 916.7736199999999
iris, 2352, 0.1, 0.1, 5, 6, 0, 9, 0, 755, 36, 0.8680377279943841, OPTIMUM, 0.05642, 0.11611, 0.19719, OPTIMUM, 0.06205, 0.29826, 0.94467, 1.14186
iris, 2352, 0.1, 0.25, 5, 16, 0, 21, 0, 755, 36, 0.8680377279943841, OPTIMUM, 0.05645, 0.07576, 0.14890, OPTIMUM, 0.06003, 0.22304, 0.76852, 0.91742
iris, 2352, 0.1, 0.5, 5, 31, 0, 44, 0, 755, 31, 0.9410122562924206, OPTIMUM, 0.06276, 0.06331, 0.13905, OPTIMUM, 0.06157, 0.28272, 0.54118, 0.68023
iris, 2352, 0.1, 0.7, 5, 39, 0, 66, 0, 755, 31, 0.9602666666666667, OPTIMUM, 0.05835, 0.15409, 0.22730, OPTIMUM, 0.06198, 0.21243, 0.49137, 0.7186699999999999
iris, 2352, 0.1, 1.0, 5, 59, 0, 91, 0, 755, 31, 0.9602666666666667, OPTIMUM, 0.05891, 0.16940, 0.24128, OPTIMUM, 0.06109, 0.26328, 0.50402, 0.7453000000000001
iris, 2352, 0.1, 1.5, 5, 89, 0, 136, 0, 755, 31, 0.9602666666666667, OPTIMUM, 0.05834, 0.14353, 0.21980, OPTIMUM, 0.06053, 0.06627, 0.26284, 0.48264
iris, 2352, 0.1, 1.75, 5, 101, 0, 161, 0, 854, 31, 0.97993200471804, OPTIMUM, 0.05615, 0.08207, 0.15495, OPTIMUM, 0.06101, 0.11302, 0.31578, 0.47073
iris, 2352, 0.1, 2.0, 5, 114, 0, 186, 0, 854, 31, 0.97993200471804, OPTIMUM, 0.06073, 0.07950, 0.15490, OPTIMUM, 0.06071, 0.11879, 0.30945, 0.46435000000000004
libras, 2352, 0.1, 0.1, 5, 2, 0, 34, 0, 2862, 75, 0.1344235592003935, OPTIMUM, 7.96648, 26.66330, 35.38746, SATISFIABLE, 7.77814, 900.03162, 910.56510, 945.9525600000001
libras, 2352, 0.1, 0.25, 5, 2, 0, 88, 0, 2862, 75, 0.19015668034128771, OPTIMUM, 8.55431, 28.34938, 37.96106, SATISFIABLE, 8.48721, 900.02670, 910.94931, 948.91037
libras, 2352, 0.1, 0.5, 5, 7, 0, 173, 0, 3342, 68, 0.14672771211053887, OPTIMUM, 8.38050, 62.24950, 71.68135, OPTIMUM, 8.27835, 157.87733, 167.71173, 239.39308
libras, 2352, 0.1, 0.7, 5, 14, 0, 237, 0, 3342, 68, 0.1446429013024572, OPTIMUM, 8.75203, 62.16082, 72.06569, OPTIMUM, 8.32680, 593.66727, 603.56592, 675.63161
libras, 2352, 0.1, 1.0, 5, 18, 0, 342, 0, 3342, 68, 0.15039067000119152, OPTIMUM, 8.28520, 90.95074, 100.34164, OPTIMUM, 8.18977, 675.14727, 684.97077, 785.31241
libras, 2352, 0.1, 1.5, 5, 31, 0, 509, 0, 0, 0,  , OPTIMUM, 8.40735, 266.32396, 275.85679, UNKNOWN, 8.37579, 900.03376, 910.29432, 1186.15111
libras, 2352, 0.1, 1.75, 5, 38, 2, 590, 0, 0, 0,  , SATISFIABLE, 8.32161, 900.03100, 909.62179, UNKNOWN, 8.36669, 900.02092, 910.33096, 1819.95275
libras, 2352, 0.1, 2.0, 5, 40, 9, 670, 1, 0, 0,  , SATISFIABLE, 8.21693, 900.02666, 909.37275, UNKNOWN, 8.57390, 900.02324, 910.39244, 1819.76519
lsun, 2352, 0.1, 0.1, 5, 9, 0, 31, 0, 923, 104, 1.0, OPTIMUM, 0.11060, 1.00633, 1.14599, OPTIMUM, 0.11455, 0.48835, 5.81834, 6.96433
lsun, 2352, 0.1, 0.25, 5, 30, 0, 70, 0, 923, 104, 1.0, OPTIMUM, 0.11440, 1.00195, 1.14438, OPTIMUM, 0.11748, 0.71766, 5.78615, 6.93053
lsun, 2352, 0.1, 0.5, 5, 64, 0, 136, 0, 923, 104, 1.0, OPTIMUM, 0.11066, 0.23849, 0.38649, OPTIMUM, 0.11396, 0.46139, 1.42475, 1.81124
lsun, 2352, 0.1, 0.7, 5, 95, 0, 185, 0, 923, 104, 1.0, OPTIMUM, 0.11046, 0.23914, 0.37943, OPTIMUM, 0.11467, 1.20600, 2.12404, 2.50347
lsun, 2352, 0.1, 1.0, 5, 139, 0, 261, 0, 923, 104, 1.0, OPTIMUM, 0.11390, 0.22681, 0.36527, OPTIMUM, 0.11444, 0.20187, 1.04308, 1.40835
lsun, 2352, 0.1, 1.5, 5, 226, 0, 374, 0, 923, 104, 1.0, OPTIMUM, 0.11292, 0.24835, 0.38716, OPTIMUM, 0.11606, 0.11969, 0.70618, 1.09334
lsun, 2352, 0.1, 1.75, 5, 260, 0, 440, 0, 923, 104, 1.0, OPTIMUM, 0.11304, 0.19868, 0.34356, OPTIMUM, 0.10642, 0.12429, 0.66843, 1.01199
lsun, 2352, 0.1, 2.0, 5, 301, 0, 499, 0, 923, 104, 1.0, OPTIMUM, 0.11332, 0.20658, 0.34782, OPTIMUM, 0.11359, 0.11624, 0.71373, 1.06155
seeds, 2352, 0.1, 0.1, 5, 6, 0, 15, 0, 896, 67, 0.70812853829059, OPTIMUM, 0.12281, 0.09436, 0.23409, OPTIMUM, 0.13264, 0.37950, 2.80165, 3.03574
seeds, 2352, 0.1, 0.25, 5, 16, 0, 36, 0, 991, 67, 0.7525930855318305, OPTIMUM, 0.12362, 0.13516, 0.27639, OPTIMUM, 0.13683, 0.47416, 1.60458, 1.88097
seeds, 2352, 0.1, 0.5, 5, 25, 0, 80, 0, 991, 67, 0.8135505101528391, OPTIMUM, 0.12463, 0.30340, 0.44854, OPTIMUM, 0.13787, 0.80623, 1.90388, 2.35242
seeds, 2352, 0.1, 0.7, 5, 36, 0, 111, 0, 991, 67, 0.8125261379908585, OPTIMUM, 0.12299, 0.26914, 0.41060, OPTIMUM, 0.13203, 0.55259, 1.58928, 1.99988
seeds, 2352, 0.1, 1.0, 5, 66, 0, 144, 0, 1058, 20, 0.8369258280580812, OPTIMUM, 0.12258, 0.36917, 0.51111, OPTIMUM, 0.13083, 0.90479, 1.54744, 2.05855
seeds, 2352, 0.1, 1.5, 5, 102, 2, 211, 0, 1567, 18, 0.9024371127698873, OPTIMUM, 0.16099, 2.67132, 2.86030, OPTIMUM, 0.13249, 0.80598, 1.23640, 4.0967
seeds, 2352, 0.1, 1.75, 5, 116, 5, 246, 0, 1567, 21, 0.8765271445556418, OPTIMUM, 0.12334, 13.00047, 13.14485, OPTIMUM, 0.13389, 0.66898, 1.07594, 14.22079
seeds, 2352, 0.1, 2.0, 5, 138, 7, 275, 0, 1083, 21, 0.8660652666863847, OPTIMUM, 0.12685, 19.79672, 19.94427, OPTIMUM, 0.13451, 0.19771, 0.56823, 20.5125
spam, 2352, 0.1, 0.1, 5, 183, 61, 191, 25, 2432, 0, 0.5047408155282564, SATISFIABLE, 11.13322, 900.06664, 912.96807, OPTIMUM, 10.09148, 370.14370, 436.08819, 1349.05626
spam, 2352, 0.1, 0.25, 5, 468, 150, 414, 118, 2432, 0, 0.4790541773922801, SATISFIABLE, 10.52074, 900.05065, 912.61515, OPTIMUM, 11.16056, 299.92751, 342.30781, 1254.9229599999999
spam, 2352, 0.1, 0.5, 5, 891, 344, 807, 258, 2432, 0, 0.4436083247971078, SATISFIABLE, 10.97495, 900.05444, 912.47922, OPTIMUM, 11.12458, 232.11658, 273.34928, 1185.8285
spam, 2352, 0.1, 0.7, 5, 1146, 566, 906, 602, 2432, 11, 0.23527934823616517, SATISFIABLE, 11.02073, 900.06706, 913.03950, OPTIMUM, 11.13419, 196.86332, 238.79622, 1151.83572
spam, 2352, 0.1, 1.0, 5, 1569, 899, 1330, 803, 2432, 0, 0.24361660059362103, SATISFIABLE, 11.00524, 900.11272, 912.53579, OPTIMUM, 10.81644, 70.78941, 216.69559, 1129.23138
spam, 2352, 0.1, 1.5, 5, 2420, 1237, 2150, 1094, 2432, 11, 0.31626371990501145, SATISFIABLE, 11.05322, 900.20239, 913.28896, OPTIMUM, 10.14615, 101.16992, 140.42196, 1053.71092
spam, 2352, 0.1, 1.75, 5, 2199, 2067, 1964, 1821, 2430, 0, 0.02964028431179166, SATISFIABLE, 10.54248, 900.36462, 913.44017, OPTIMUM, 10.12472, 87.63043, 125.60513, 1039.0453
spam, 2352, 0.1, 2.0, 5, 3848, 1026, 1129, 3199, 2430, 10, 0.04849529469273347, SATISFIABLE, 10.45055, 900.53293, 912.80214, OPTIMUM, 10.03092, 29.76813, 67.49822, 980.30036
target, 2352, 0.1, 0.1, 5, 41, 0, 36, 0, 650, 164, 1.0, OPTIMUM, 0.84984, 3.37552, 4.54696, OPTIMUM, 0.82859, 11.05198, 16.04044, 20.587400000000002
target, 2352, 0.1, 0.25, 5, 100, 0, 92, 0, 650, 164, 1.0, OPTIMUM, 0.84545, 6.21277, 7.37519, OPTIMUM, 0.86112, 3.40048, 8.25727, 15.63246
target, 2352, 0.1, 0.5, 5, 192, 0, 193, 0, 650, 164, 1.0, OPTIMUM, 0.85065, 11.19370, 12.36942, OPTIMUM, 0.84128, 11.92036, 16.85947, 29.22889
target, 2352, 0.1, 0.7, 5, 263, 0, 276, 0, 650, 164, 1.0, OPTIMUM, 0.85985, 11.05680, 12.24515, OPTIMUM, 0.82848, 11.79889, 16.61628, 28.86143
target, 2352, 0.1, 1.0, 5, 378, 0, 392, 0, 650, 164, 1.0, OPTIMUM, 0.86119, 2.97211, 4.15521, OPTIMUM, 0.83777, 2.07278, 6.64749, 10.802700000000002
target, 2352, 0.1, 1.5, 5, 577, 0, 578, 0, 650, 164, 1.0, OPTIMUM, 0.86116, 2.40310, 3.53775, OPTIMUM, 0.83106, 3.51842, 7.76971, 11.307459999999999
target, 2352, 0.1, 1.75, 5, 669, 0, 678, 0, 650, 164, 1.0, OPTIMUM, 0.85839, 2.35932, 3.41208, OPTIMUM, 0.82608, 2.85098, 6.87574, 10.28782
target, 2352, 0.1, 2.0, 5, 751, 0, 789, 0, 650, 164, 1.0, OPTIMUM, 0.86569, 2.42987, 3.57682, OPTIMUM, 0.83989, 2.79660, 6.67987, 10.25669
wine, 2352, 0.1, 0.1, 5, 9, 0, 8, 0, 1178, 71, 0.7154455906823828, OPTIMUM, 0.11718, 0.16018, 0.30992, OPTIMUM, 0.12678, 0.81428, 1.14238, 1.4523
wine, 2352, 0.1, 0.25, 5, 15, 0, 29, 0, 1178, 71, 0.8024591068836742, OPTIMUM, 0.11769, 0.31509, 0.46647, OPTIMUM, 0.12182, 1.36474, 1.69800, 2.16447
wine, 2352, 0.1, 0.5, 5, 30, 0, 59, 0, 1178, 71, 0.8791908099398843, OPTIMUM, 0.11712, 0.72529, 0.87629, OPTIMUM, 0.12371, 1.14609, 1.49713, 2.3734200000000003
wine, 2352, 0.1, 0.7, 5, 39, 0, 85, 0, 1217, 71, 0.8855996769055242, OPTIMUM, 0.12217, 1.87350, 2.01913, OPTIMUM, 0.12811, 16.57902, 16.82099, 18.84012
wine, 2352, 0.1, 1.0, 5, 64, 0, 114, 0, 1217, 71, 0.953758678715148, OPTIMUM, 0.11621, 0.79957, 0.94942, OPTIMUM, 0.12549, 0.98137, 1.20803, 2.15745
wine, 2352, 0.1, 1.5, 5, 94, 0, 173, 0, 1275, 71, 0.9832438583647054, OPTIMUM, 0.12370, 0.71583, 0.86904, OPTIMUM, 0.12357, 0.44266, 0.66575, 1.53479
wine, 2352, 0.1, 1.75, 5, 107, 0, 204, 0, 1275, 71, 0.9667411092064137, OPTIMUM, 0.11878, 1.41554, 1.56772, OPTIMUM, 0.12559, 0.69064, 0.92405, 2.49177
wine, 2352, 0.1, 2.0, 5, 126, 0, 230, 0, 1275, 71, 1.0, OPTIMUM, 0.12034, 0.76107, 0.90999, OPTIMUM, 0.12202, 0.74481, 0.97790, 1.88789
wingnut, 2352, 0.1, 0.1, 5, 55, 0, 46, 0, 1094, 67, 1.0, OPTIMUM, 0.19679, 0.21005, 0.46219, OPTIMUM, 0.20197, 1.19109, 41.99531, 42.4575
wingnut, 2352, 0.1, 0.25, 5, 132, 0, 122, 0, 1094, 67, 1.0, OPTIMUM, 0.19820, 0.19254, 0.43036, OPTIMUM, 0.20872, 0.62513, 12.51704, 12.9474
wingnut, 2352, 0.1, 0.5, 5, 245, 0, 263, 0, 1094, 67, 1.0, OPTIMUM, 0.20177, 0.19054, 0.43453, OPTIMUM, 0.20026, 0.37801, 11.07406, 11.50859
wingnut, 2352, 0.1, 0.7, 5, 337, 0, 374, 0, 1094, 67, 1.0, OPTIMUM, 0.20159, 0.17379, 0.41747, OPTIMUM, 0.20270, 0.35523, 4.46645, 4.88392
wingnut, 2352, 0.1, 1.0, 5, 483, 0, 533, 0, 1094, 67, 1.0, OPTIMUM, 0.20069, 0.16772, 0.41258, OPTIMUM, 0.20377, 0.16301, 2.79327, 3.2058500000000003
wingnut, 2352, 0.1, 1.5, 5, 731, 0, 793, 0, 1094, 67, 1.0, OPTIMUM, 0.20187, 0.16172, 0.40702, OPTIMUM, 0.20190, 0.15782, 2.19614, 2.6031600000000004
wingnut, 2352, 0.1, 1.75, 5, 865, 0, 913, 0, 1094, 67, 1.0, OPTIMUM, 0.20391, 0.17934, 0.42727, OPTIMUM, 0.19732, 0.15302, 1.98560, 2.41287
wingnut, 2352, 0.1, 2.0, 5, 990, 0, 1042, 0, 1094, 67, 1.0, OPTIMUM, 0.20861, 0.15815, 0.41032, OPTIMUM, 0.20211, 0.15279, 1.99157, 2.40189
ionosphere, 2352, 0.1, 2.0, 3, 312, 62, 242, 86, 3577, 83, 0.5037261755589263, SATISFIABLE, 0.37540, 900.01471, 900.47648, OPTIMUM, 0.41563, 23.28572, 24.01562, 924.4921
iris, 2352, 0.1, 0.1, 3, 6, 0, 9, 0, 755, 36, 0.8680377279943841, OPTIMUM, 0.05619, 0.12004, 0.19051, OPTIMUM, 0.06496, 0.34111, 1.00496, 1.19547
iris, 2352, 0.1, 0.25, 3, 16, 0, 21, 0, 755, 36, 0.8680377279943841, OPTIMUM, 0.05783, 0.07515, 0.14604, OPTIMUM, 0.06095, 0.21279, 0.75013, 0.8961699999999999
iris, 2352, 0.1, 0.5, 3, 31, 0, 44, 0, 755, 31, 0.9410122562924206, OPTIMUM, 0.06570, 0.07384, 0.15835, OPTIMUM, 0.06056, 0.26357, 0.51855, 0.6769
iris, 2352, 0.1, 0.7, 3, 39, 0, 66, 0, 755, 31, 0.9602666666666667, OPTIMUM, 0.05650, 0.15177, 0.22267, OPTIMUM, 0.06579, 0.21722, 0.48139, 0.70406
iris, 2352, 0.1, 1.0, 3, 59, 0, 91, 0, 755, 31, 0.9602666666666667, OPTIMUM, 0.05780, 0.17116, 0.24792, OPTIMUM, 0.06157, 0.25820, 0.49703, 0.74495
iris, 2352, 0.1, 1.5, 3, 89, 0, 136, 0, 755, 31, 0.9602666666666667, OPTIMUM, 0.05647, 0.14264, 0.22310, OPTIMUM, 0.06047, 0.07397, 0.27849, 0.50159
iris, 2352, 0.1, 1.75, 3, 101, 0, 161, 0, 854, 31, 0.97993200471804, OPTIMUM, 0.05662, 0.08935, 0.17155, OPTIMUM, 0.06237, 0.11852, 0.31176, 0.48331
iris, 2352, 0.1, 2.0, 3, 114, 0, 186, 0, 854, 31, 0.97993200471804, OPTIMUM, 0.05867, 0.08266, 0.16467, OPTIMUM, 0.06441, 0.11448, 0.30806, 0.47273
libras, 2352, 0.1, 0.1, 3, 2, 0, 34, 0, 2862, 75, 0.1344235592003935, OPTIMUM, 8.16016, 26.69228, 35.63191, SATISFIABLE, 7.83382, 900.04093, 910.63036, 946.26227
libras, 2352, 0.1, 0.25, 3, 2, 0, 88, 0, 2862, 75, 0.19015668034128771, OPTIMUM, 8.13774, 27.97891, 37.18528, SATISFIABLE, 8.11628, 900.03744, 910.96011, 948.14539
libras, 2352, 0.1, 0.5, 3, 7, 0, 173, 0, 3342, 68, 0.14672771211053887, OPTIMUM, 8.60666, 65.74276, 75.42423, OPTIMUM, 8.43399, 163.08116, 173.09356, 248.51779
libras, 2352, 0.1, 0.7, 3, 14, 0, 237, 0, 3342, 68, 0.1446429013024572, OPTIMUM, 8.65176, 64.52436, 74.29763, OPTIMUM, 8.53492, 604.30121, 614.44202, 688.73965
libras, 2352, 0.1, 1.0, 3, 18, 0, 342, 0, 3342, 68, 0.15039067000119152, OPTIMUM, 8.70744, 73.56871, 83.38909, OPTIMUM, 8.74567, 694.43671, 704.77326, 788.1623500000001
libras, 2352, 0.1, 1.5, 3, 31, 0, 509, 0, 0, 0,  , OPTIMUM, 8.44058, 352.16074, 361.39401, UNKNOWN, 7.72114, 900.01980, 909.48966, 1270.88367
libras, 2352, 0.1, 1.75, 3, 36, 4, 590, 0, 0, 0,  , SATISFIABLE, 8.58803, 900.03488, 909.75134, UNKNOWN, 9.05697, 900.03212, 910.74280, 1820.49414
libras, 2352, 0.1, 2.0, 3, 40, 9, 670, 1, 0, 0,  , SATISFIABLE, 8.74359, 900.02065, 909.87058, UNKNOWN, 8.98337, 900.02350, 911.92479, 1821.79537
lsun, 2352, 0.1, 0.1, 3, 9, 0, 31, 0, 923, 104, 1.0, OPTIMUM, 0.10961, 0.97861, 1.11644, OPTIMUM, 0.11401, 0.45949, 5.77596, 6.8924
lsun, 2352, 0.1, 0.25, 3, 30, 0, 70, 0, 923, 104, 1.0, OPTIMUM, 0.10981, 0.99480, 1.14160, OPTIMUM, 0.11598, 0.87661, 5.71460, 6.856199999999999
lsun, 2352, 0.1, 0.5, 3, 64, 0, 136, 0, 923, 104, 1.0, OPTIMUM, 0.11324, 0.23957, 0.38237, OPTIMUM, 0.11568, 0.42802, 1.37576, 1.75813
lsun, 2352, 0.1, 0.7, 3, 95, 0, 185, 0, 923, 104, 1.0, OPTIMUM, 0.11014, 0.23374, 0.36923, OPTIMUM, 0.11089, 1.17830, 2.04161, 2.41084
lsun, 2352, 0.1, 1.0, 3, 139, 0, 261, 0, 923, 104, 1.0, OPTIMUM, 0.11150, 0.22612, 0.37551, OPTIMUM, 0.11348, 0.19962, 1.04543, 1.42094
lsun, 2352, 0.1, 1.5, 3, 226, 0, 374, 0, 923, 104, 1.0, OPTIMUM, 0.11356, 0.24521, 0.39269, OPTIMUM, 0.11315, 0.11704, 0.69486, 1.08755
lsun, 2352, 0.1, 1.75, 3, 260, 0, 440, 0, 923, 104, 1.0, OPTIMUM, 0.11674, 0.20402, 0.35061, OPTIMUM, 0.11857, 0.12475, 0.70997, 1.0605799999999999
lsun, 2352, 0.1, 2.0, 3, 301, 0, 499, 0, 923, 104, 1.0, OPTIMUM, 0.10492, 0.18819, 0.32115, OPTIMUM, 0.11493, 0.11334, 0.68933, 1.01048
seeds, 2352, 0.1, 0.1, 3, 6, 0, 15, 0, 896, 67, 0.70812853829059, OPTIMUM, 0.12253, 0.09556, 0.23502, OPTIMUM, 0.13137, 0.50296, 2.90117, 3.13619
seeds, 2352, 0.1, 0.25, 3, 16, 0, 36, 0, 991, 67, 0.7525930855318305, OPTIMUM, 0.12261, 0.12918, 0.26911, OPTIMUM, 0.13447, 0.44589, 1.54126, 1.81037
seeds, 2352, 0.1, 0.5, 3, 25, 0, 80, 0, 991, 67, 0.8135505101528391, OPTIMUM, 0.12480, 0.30182, 0.44428, OPTIMUM, 0.13402, 0.80154, 1.88565, 2.32993
seeds, 2352, 0.1, 0.7, 3, 36, 0, 111, 0, 991, 67, 0.8125261379908585, OPTIMUM, 0.12211, 0.27658, 0.41702, OPTIMUM, 0.13254, 0.55927, 1.60293, 2.01995
seeds, 2352, 0.1, 1.0, 3, 66, 0, 144, 0, 1058, 20, 0.8369258280580812, OPTIMUM, 0.12211, 0.36295, 0.50338, OPTIMUM, 0.13045, 0.87420, 1.51181, 2.01519
seeds, 2352, 0.1, 1.5, 3, 102, 2, 211, 0, 1567, 18, 0.9024371127698873, OPTIMUM, 0.12380, 1.59100, 1.74046, OPTIMUM, 0.11817, 0.79765, 1.20219, 2.94265
seeds, 2352, 0.1, 1.75, 3, 116, 5, 246, 0, 1567, 21, 0.8765271445556418, OPTIMUM, 0.12266, 22.88898, 23.03138, OPTIMUM, 0.13610, 0.66640, 1.07599, 24.10737
seeds, 2352, 0.1, 2.0, 3, 138, 7, 275, 0, 1083, 21, 0.8660652666863847, OPTIMUM, 0.12552, 60.69505, 60.84139, OPTIMUM, 0.12982, 0.20405, 0.57447, 61.415859999999995
spam, 2352, 0.1, 0.1, 3, 181, 63, 189, 27, 2429, 1, 0.4837508526425208, SATISFIABLE, 11.16194, 900.04941, 913.05051, OPTIMUM, 11.15485, 606.47309, 674.31680, 1587.36731
spam, 2352, 0.1, 0.25, 3, 466, 152, 416, 116, 2429, 0, 0.46191312568055465, SATISFIABLE, 11.11111, 900.06233, 913.02965, OPTIMUM, 10.89227, 299.03079, 340.46740, 1253.49705
spam, 2352, 0.1, 0.5, 3, 940, 295, 782, 283, 2429, 1, 0.46286240666678236, SATISFIABLE, 11.01236, 900.05211, 912.96466, OPTIMUM, 10.75520, 274.30039, 313.83919, 1226.80385
spam, 2352, 0.1, 0.7, 3, 1359, 353, 1128, 380, 2429, 3, 0.5130177777887054, SATISFIABLE, 10.96631, 900.06173, 912.37404, OPTIMUM, 10.79657, 158.10625, 198.65345, 1111.02749
spam, 2352, 0.1, 1.0, 3, 1732, 736, 1359, 774, 2432, 0, 0.3225781873787537, SATISFIABLE, 10.87624, 900.09652, 912.35326, OPTIMUM, 10.66938, 142.12921, 182.29054, 1094.6438
spam, 2352, 0.1, 1.5, 3, 2556, 1101, 2229, 1015, 2432, 1, 0.40820952621469414, SATISFIABLE, 10.93286, 900.11645, 913.03953, OPTIMUM, 10.99926, 188.03397, 229.23543, 1142.27496
spam, 2352, 0.1, 1.75, 3, 2304, 1962, 2012, 1773, 2430, 0, 0.06057445799693448, SATISFIABLE, 11.18634, 900.20300, 912.77425, OPTIMUM, 10.70877, 56.40285, 96.09508, 1008.86933
spam, 2352, 0.1, 2.0, 3, 3456, 1418, 1636, 2692, 2430, 17, 0.0895295904373212, SATISFIABLE, 10.93912, 900.25484, 912.72065, OPTIMUM, 11.08620, 64.67101, 105.34510, 1018.06575
target, 2352, 0.1, 0.1, 3, 41, 0, 36, 0, 650, 164, 1.0, OPTIMUM, 0.90898, 3.50564, 4.58600, OPTIMUM, 0.92565, 11.18891, 16.48969, 21.07569
target, 2352, 0.1, 0.25, 3, 100, 0, 92, 0, 650, 164, 1.0, OPTIMUM, 0.92478, 6.58409, 7.77143, OPTIMUM, 0.90278, 3.49609, 8.57743, 16.34886
target, 2352, 0.1, 0.5, 3, 192, 0, 193, 0, 650, 164, 1.0, OPTIMUM, 0.91850, 11.35855, 12.54621, OPTIMUM, 0.89382, 12.15345, 17.38484, 29.93105
target, 2352, 0.1, 0.7, 3, 263, 0, 276, 0, 650, 164, 1.0, OPTIMUM, 0.92946, 11.15224, 12.35411, OPTIMUM, 0.90893, 11.97441, 17.05954, 29.413649999999997
target, 2352, 0.1, 1.0, 3, 378, 0, 392, 0, 650, 164, 1.0, OPTIMUM, 0.92356, 3.13423, 4.32809, OPTIMUM, 0.93474, 2.12970, 7.01551, 11.3436
target, 2352, 0.1, 1.5, 3, 577, 0, 578, 0, 650, 164, 1.0, OPTIMUM, 0.93438, 2.52313, 3.73788, OPTIMUM, 0.89442, 3.67235, 8.19944, 11.93732
target, 2352, 0.1, 1.75, 3, 669, 0, 678, 0, 650, 164, 1.0, OPTIMUM, 0.96884, 2.44593, 3.59307, OPTIMUM, 0.90247, 2.93238, 7.14144, 10.73451
target, 2352, 0.1, 2.0, 3, 751, 0, 789, 0, 650, 164, 1.0, OPTIMUM, 0.96787, 2.53603, 3.69551, OPTIMUM, 0.89790, 3.03260, 7.13487, 10.83038
wine, 2352, 0.1, 0.1, 3, 9, 0, 8, 0, 1178, 71, 0.7154455906823828, OPTIMUM, 0.11427, 0.14561, 0.29017, OPTIMUM, 0.12613, 0.81047, 1.14350, 1.43367
wine, 2352, 0.1, 0.25, 3, 15, 0, 29, 0, 1178, 71, 0.8024591068836742, OPTIMUM, 0.12265, 0.32351, 0.46810, OPTIMUM, 0.12787, 1.34541, 1.68566, 2.15376
wine, 2352, 0.1, 0.5, 3, 30, 0, 59, 0, 1178, 71, 0.8791908099398843, OPTIMUM, 0.14996, 0.75584, 0.93207, OPTIMUM, 0.12967, 1.10265, 1.44601, 2.3780799999999997
wine, 2352, 0.1, 0.7, 3, 39, 0, 85, 0, 1217, 71, 0.8855996769055242, OPTIMUM, 0.12348, 1.94460, 2.09160, OPTIMUM, 0.13014, 16.97863, 17.21882, 19.31042
wine, 2352, 0.1, 1.0, 3, 64, 0, 114, 0, 1217, 71, 0.953758678715148, OPTIMUM, 0.12487, 0.83952, 0.98785, OPTIMUM, 0.12823, 0.99032, 1.21228, 2.20013
wine, 2352, 0.1, 1.5, 3, 94, 0, 173, 0, 1275, 71, 0.9832438583647054, OPTIMUM, 0.12417, 0.75708, 0.90531, OPTIMUM, 0.13018, 0.46139, 0.69257, 1.59788
wine, 2352, 0.1, 1.75, 3, 107, 0, 204, 0, 1275, 71, 0.9667411092064137, OPTIMUM, 0.12499, 1.48163, 1.62949, OPTIMUM, 0.12668, 0.71798, 0.95188, 2.58137
wine, 2352, 0.1, 2.0, 3, 126, 0, 230, 0, 1275, 71, 1.0, OPTIMUM, 0.12434, 0.78917, 0.93637, OPTIMUM, 0.13109, 0.77010, 1.00872, 1.94509
wingnut, 2352, 0.1, 0.1, 3, 55, 0, 46, 0, 1094, 67, 1.0, OPTIMUM, 0.20960, 0.21727, 0.46893, OPTIMUM, 0.21131, 0.92320, 44.41602, 44.88495
wingnut, 2352, 0.1, 0.25, 3, 132, 0, 122, 0, 1094, 67, 1.0, OPTIMUM, 0.21261, 0.20135, 0.45231, OPTIMUM, 0.20848, 0.58516, 12.66290, 13.115210000000001
wingnut, 2352, 0.1, 0.5, 3, 245, 0, 263, 0, 1094, 67, 1.0, OPTIMUM, 0.20368, 0.18409, 0.43759, OPTIMUM, 0.20579, 0.36562, 11.15496, 11.592550000000001
wingnut, 2352, 0.1, 0.7, 3, 337, 0, 374, 0, 1094, 67, 1.0, OPTIMUM, 0.20240, 0.17723, 0.41953, OPTIMUM, 0.20595, 0.34228, 4.48806, 4.90759
wingnut, 2352, 0.1, 1.0, 3, 483, 0, 533, 0, 1094, 67, 1.0, OPTIMUM, 0.20925, 0.16217, 0.41324, OPTIMUM, 0.20298, 0.16101, 2.81043, 3.2236700000000003
wingnut, 2352, 0.1, 1.5, 3, 731, 0, 793, 0, 1094, 67, 1.0, OPTIMUM, 0.24963, 0.16827, 0.45866, OPTIMUM, 0.20442, 0.14396, 2.14389, 2.60255
wingnut, 2352, 0.1, 1.75, 3, 865, 0, 913, 0, 1094, 67, 1.0, OPTIMUM, 0.23056, 0.18628, 0.45904, OPTIMUM, 0.21540, 0.15763, 2.17013, 2.62917
wingnut, 2352, 0.1, 2.0, 3, 990, 0, 1042, 0, 1094, 67, 1.0, OPTIMUM, 0.21757, 0.16607, 0.42783, OPTIMUM, 0.20581, 0.14653, 2.05250, 2.4803300000000004
