chainlink,3556,0.1,0.1,1,0,54,0,46,0,989,4,0.8610449414554058,OPTIMUM,0.21187,1.37235,1.64189,OPTIMUM,0.20510,3.81807,13.98652,12.80562,28.43403
chainlink,3556,0.1,0.25,1,0,119,1,128,2,989,4,0.8986025270117767,OPTIMUM,0.22097,14.77329,15.05109,OPTIMUM,0.19636,1.46911,3.98888,3.47386,22.51383
chainlink,3556,0.1,0.5,1,0,244,5,248,3,989,4,0.9330890544938854,OPTIMUM,0.20936,52.95513,53.22012,OPTIMUM,0.20431,0.76636,3.36789,3.58030,60.168310000000005
chainlink,3556,0.1,0.7,1,0,345,4,342,9,989,11,0.9253693307828095,OPTIMUM,0.20894,320.58377,320.84415,OPTIMUM,0.19403,0.50158,3.14029,3.04264,327.02708
chainlink,3556,0.1,1.0,1,0,488,8,495,9,989,3,0.9408408216348744,OPTIMUM,0.20992,511.24470,511.52105,OPTIMUM,0.19960,0.35865,2.96935,2.87965,517.37005
chainlink,3556,0.1,1.5,1,0,733,15,739,13,989,11,0.9525284999885771,SATISFIABLE,0.21371,900.01393,900.27800,OPTIMUM,0.23666,0.32154,2.88235,2.78304,905.94339
chainlink,3556,0.1,1.75,1,0,863,15,856,16,989,11,0.9525284999885771,SATISFIABLE,0.21329,900.01658,900.29191,OPTIMUM,0.19797,0.32545,2.84282,2.72860,905.86333
chainlink,3556,0.1,2.0,1,0,990,18,974,18,989,11,0.9564404109351772,SATISFIABLE,0.20925,900.01280,900.28995,OPTIMUM,0.19225,0.34822,2.86801,2.74027,905.89823
glass,3556,0.1,0.1,1,0,4,0,17,0,1069,15,0.19166742978642423,OPTIMUM,0.33405,2.94185,3.35122,OPTIMUM,0.34605,4.62579,5.32343,3.67505,12.3497
glass,3556,0.1,0.1,1,1,4,0,17,0,1100,18,0.21225750219313314,OPTIMUM,0.33405,2.94185,3.35122,OPTIMUM,0.30413,12.75793,13.40275,6.55195,23.30592
glass,3556,0.1,0.1,1,2,4,0,17,0,1118,20,0.19568257322577676,OPTIMUM,0.33405,2.94185,3.35122,OPTIMUM,0.30175,27.26280,27.94590,17.15492,48.452040000000004
glass,3556,0.1,0.1,1,3,4,0,17,0,1126,29,0.2796407289059849,OPTIMUM,0.33405,2.94185,3.35122,OPTIMUM,0.35849,21.40006,22.09540,16.24537,41.691990000000004
glass,3556,0.1,0.1,1,4,4,0,17,0,1127,30,0.1497137693712279,OPTIMUM,0.33405,2.94185,3.35122,OPTIMUM,0.30008,8.86404,9.51176,12.20075,25.06373
glass,3556,0.1,0.25,1,0,7,0,46,0,1070,15,0.1796685390658796,OPTIMUM,0.32711,0.50634,0.89006,OPTIMUM,0.34960,16.96572,17.66163,23.20449,41.75618
glass,3556,0.1,0.25,1,1,7,0,46,0,1100,18,0.3197819037280957,OPTIMUM,0.32711,0.50634,0.89006,OPTIMUM,0.31069,74.65909,75.30930,84.06138,160.26074
glass,3556,0.1,0.25,1,2,7,0,46,0,1118,19,0.1859191522283408,OPTIMUM,0.32711,0.50634,0.89006,OPTIMUM,0.30372,112.20346,112.88619,50.88553,164.66178
glass,3556,0.1,0.25,1,3,7,0,46,0,1127,25,0.18253694985777702,OPTIMUM,0.32711,0.50634,0.89006,OPTIMUM,0.35698,55.39774,56.09586,78.85921,135.84513
glass,3556,0.1,0.25,1,4,7,0,46,0,1151,26,0.17539334054001535,OPTIMUM,0.32711,0.50634,0.89006,OPTIMUM,0.30156,150.60859,151.25463,91.87815,244.02284
glass,3556,0.1,0.25,1,5,7,0,46,0,1157,29,0.19391913810257155,OPTIMUM,0.32711,0.50634,0.89006,OPTIMUM,0.29729,99.51781,100.19016,81.81041,182.89063000000002
glass,3556,0.1,0.25,1,6,7,0,46,0,1170,30,0.3062187359389377,OPTIMUM,0.32711,0.50634,0.89006,OPTIMUM,0.34603,102.18351,102.86417,84.68833,188.44256000000001
glass,3556,0.1,1.5,1,0,65,13,239,4,1481,3,0.3729678810454086,SATISFIABLE,0.33784,900.01499,900.44123,OPTIMUM,0.30392,141.59166,142.14543,226.40147,1268.98813
glass,3556,0.1,1.75,1,0,81,12,274,7,1479,3,0.60726410170839,SATISFIABLE,0.34947,900.01419,900.44053,OPTIMUM,0.31855,62.12215,62.68885,41.29424,1004.42362
glass,3556,0.1,2.0,1,0,77,29,307,15,1474,11,0.35926918270101144,SATISFIABLE,0.34532,900.01994,900.44831,OPTIMUM,0.30718,25.92532,26.48915,26.37307,953.31053
ionosphere,3556,0.1,0.1,1,0,22,0,13,0,3554,196,0.3739759554335805,OPTIMUM,0.36216,8.98729,9.40907,OPTIMUM,0.43304,25.24394,25.96286,1.64636,37.01829
ionosphere,3556,0.1,0.1,1,1,22,0,13,0,3555,199,0.31006722421917865,OPTIMUM,0.36216,8.98729,9.40907,OPTIMUM,0.38612,15.91728,16.57239,8.74053,34.72199
ionosphere,3556,0.1,0.1,1,2,22,0,13,0,3556,201,0.320799114383544,OPTIMUM,0.36216,8.98729,9.40907,OPTIMUM,0.38468,16.81086,17.46820,9.10408,35.98135
ionosphere,3556,0.1,0.1,1,3,22,0,13,0,3557,272,0.3617697598934924,OPTIMUM,0.36216,8.98729,9.40907,OPTIMUM,0.38604,11.11652,11.77516,9.06472,30.24895
ionosphere,3556,0.1,0.1,1,4,22,0,13,0,3572,502,0.37503555783125675,OPTIMUM,0.36216,8.98729,9.40907,OPTIMUM,0.38506,8.31508,8.96834,1.63577,20.01318
ionosphere,3556,0.1,0.25,1,0,54,0,33,0,3565,28,0.42896917467683127,OPTIMUM,0.35994,32.27681,32.69351,OPTIMUM,0.38102,72.41652,73.06934,362.83604,468.59889000000004
ionosphere,3556,0.1,0.25,1,1,54,0,33,0,3571,56,0.4349503041091826,OPTIMUM,0.35994,32.27681,32.69351,OPTIMUM,0.37600,272.73330,273.38224,133.90809,439.98384
ionosphere,3556,0.1,0.25,1,2,54,0,33,0,3573,131,0.4463656740313801,OPTIMUM,0.35994,32.27681,32.69351,OPTIMUM,0.38052,168.77453,169.41556,137.29103,339.4001
ionosphere,3556,0.1,0.5,1,0,106,3,60,6,3576,99,0.5516806486696247,SATISFIABLE,0.37927,900.01335,900.46825,OPTIMUM,0.45862,21.95300,22.67209,183.75827,1106.89861
ionosphere,3556,0.1,0.7,1,0,145,9,84,7,3576,99,0.580099517659556,SATISFIABLE,0.36868,900.01390,900.46362,OPTIMUM,0.44239,25.08232,25.77433,25.95095,952.1889
ionosphere,3556,0.1,1.0,1,0,190,15,127,19,3577,99,0.6435030404803704,SATISFIABLE,0.37008,900.01292,900.46434,OPTIMUM,0.42574,3.41127,4.13033,12.28775,916.8824199999999
ionosphere,3556,0.1,1.5,1,0,269,27,186,44,3577,99,0.6822169423375674,SATISFIABLE,0.36685,900.01476,900.47042,OPTIMUM,0.43477,2.83752,3.55119,2.97435,906.99596
ionosphere,3556,0.1,1.75,1,0,313,29,228,44,3575,28,0.692407096777463,SATISFIABLE,0.36773,900.00984,900.46425,OPTIMUM,0.44122,5.51028,6.23762,3.34984,910.05171
ionosphere,3556,0.1,2.0,1,0,357,36,269,40,3577,99,0.7419191638124244,SATISFIABLE,0.36740,900.01169,900.47022,OPTIMUM,0.42627,10.26430,10.98666,11.18883,922.6457100000001
iris,3556,0.1,0.1,1,0,5,0,10,0,755,33,0.6356968215158925,OPTIMUM,0.05412,0.10513,0.17569,OPTIMUM,0.06925,0.14919,1.20526,1.80271,3.18366
iris,3556,0.1,0.25,1,0,15,0,22,0,755,23,0.9410122562924206,OPTIMUM,0.05361,0.08017,0.15266,OPTIMUM,0.06845,0.10922,0.55950,0.65879,1.3709500000000001
iris,3556,0.1,0.25,1,1,15,0,22,0,807,26,0.7436826319432358,OPTIMUM,0.05361,0.08017,0.15266,OPTIMUM,0.06651,0.11683,0.56293,0.77336,1.48895
iris,3556,0.1,0.25,1,2,15,0,22,0,966,28,0.5540735546680488,OPTIMUM,0.05361,0.08017,0.15266,OPTIMUM,0.06600,0.16991,0.61531,0.77262,1.54059
iris,3556,0.1,0.5,1,0,23,0,52,0,755,23,0.9410122562924206,OPTIMUM,0.05445,0.07243,0.14139,OPTIMUM,0.11876,0.09398,0.57265,0.60559,1.31963
iris,3556,0.1,0.7,1,0,33,0,72,0,755,23,0.9221551020408163,OPTIMUM,0.05796,0.06650,0.13943,OPTIMUM,0.09875,0.09241,0.52724,0.63071,1.29738
iris,3556,0.1,1.0,1,0,44,0,106,0,854,23,0.9410122562924206,OPTIMUM,0.05525,0.10807,0.18146,OPTIMUM,0.10104,0.08327,0.50543,0.62221,1.3091000000000002
iris,3556,0.1,1.5,1,0,72,1,152,0,854,23,0.9602776916338867,OPTIMUM,0.05580,0.34208,0.41404,OPTIMUM,0.06521,0.07365,0.34047,0.34877,1.10328
iris,3556,0.1,1.75,1,0,83,1,178,0,854,23,0.97993200471804,OPTIMUM,0.05886,0.54857,0.62614,OPTIMUM,0.06699,0.07684,0.30851,0.37986,1.31451
iris,3556,0.1,2.0,1,0,97,1,201,1,854,23,0.97993200471804,OPTIMUM,0.05646,0.42156,0.49520,OPTIMUM,0.06568,0.07847,0.26832,0.27609,1.0396100000000001
lsun,3556,0.1,0.1,1,0,16,0,24,0,854,15,0.6655866640635673,OPTIMUM,0.10189,0.96425,1.10207,OPTIMUM,0.11213,1.30132,5.66573,4.78388,11.551680000000001
lsun,3556,0.1,0.1,1,1,16,0,24,0,880,20,0.8282919354184264,OPTIMUM,0.10189,0.96425,1.10207,OPTIMUM,0.11091,1.54772,5.93166,6.08974,13.123470000000001
lsun,3556,0.1,0.1,1,2,16,0,24,0,903,37,0.9760931781610289,OPTIMUM,0.10189,0.96425,1.10207,OPTIMUM,0.11200,1.58064,5.93779,6.07040,13.11026
lsun,3556,0.1,0.1,1,3,16,0,24,0,923,104,1.0,OPTIMUM,0.10189,0.96425,1.10207,OPTIMUM,0.11132,1.70813,6.08708,4.60301,11.79216
lsun,3556,0.1,0.25,1,0,42,0,58,0,854,13,0.8845237954198112,OPTIMUM,0.10395,0.86628,1.00349,OPTIMUM,0.16842,0.38477,2.15577,3.01810,6.17736
lsun,3556,0.1,0.25,1,1,42,0,58,0,880,20,0.9372052995088067,OPTIMUM,0.10395,0.86628,1.00349,OPTIMUM,0.10768,0.31889,2.03496,2.06369,5.1021399999999995
lsun,3556,0.1,0.25,1,2,42,0,58,0,903,37,0.9682520481574043,OPTIMUM,0.10395,0.86628,1.00349,OPTIMUM,0.10734,0.42490,2.20539,1.98707,5.19595
lsun,3556,0.1,0.25,1,3,42,0,58,0,923,104,1.0,OPTIMUM,0.10395,0.86628,1.00349,OPTIMUM,0.10827,0.45867,2.24306,1.88360,5.1301499999999995
lsun,3556,0.1,0.5,1,0,79,0,121,0,917,4,0.9602655494642639,OPTIMUM,0.10426,0.26389,0.40274,OPTIMUM,0.10863,0.14173,0.69606,1.36661,2.4654100000000003
lsun,3556,0.1,0.5,1,1,79,0,121,0,923,104,1.0,OPTIMUM,0.10426,0.26389,0.40274,OPTIMUM,0.11000,0.12098,0.68062,1.43316,2.51652
lsun,3556,0.1,0.7,1,0,113,0,167,0,917,4,0.9681302891686399,OPTIMUM,0.10319,0.26567,0.40660,OPTIMUM,0.11101,0.14856,0.71856,0.82718,1.95234
lsun,3556,0.1,0.7,1,1,113,0,167,0,923,104,1.0,OPTIMUM,0.10319,0.26567,0.40660,OPTIMUM,0.10940,0.19774,0.76607,1.30680,2.47947
lsun,3556,0.1,1.0,1,0,171,0,229,0,923,104,1.0,OPTIMUM,0.10449,0.21646,0.36077,OPTIMUM,0.11030,0.12267,0.66902,1.22503,2.25482
lsun,3556,0.1,1.5,1,0,252,0,348,0,923,104,1.0,OPTIMUM,0.11146,0.23996,0.38824,OPTIMUM,0.11023,0.12970,0.65988,0.65900,1.70712
lsun,3556,0.1,1.75,1,0,284,0,416,0,923,104,1.0,OPTIMUM,0.10727,0.24467,0.38883,OPTIMUM,0.10911,0.13013,0.65903,0.66838,1.71624
lsun,3556,0.1,2.0,1,0,322,0,478,0,923,104,1.0,OPTIMUM,0.10876,0.18166,0.33305,OPTIMUM,0.11109,0.11434,0.65258,0.66486,1.65049
seeds,3556,0.1,0.1,1,0,4,0,17,0,896,67,0.7296064769135452,OPTIMUM,0.11207,0.09314,0.22908,OPTIMUM,0.09823,0.49964,3.11288,3.10105,6.44301
seeds,3556,0.1,0.25,1,0,8,0,44,0,971,60,0.7496843278892616,OPTIMUM,0.11705,0.24564,0.38856,OPTIMUM,0.09388,0.26008,1.52578,1.79552,3.70986
seeds,3556,0.1,0.5,1,0,19,0,86,0,1013,21,0.6926696187933785,OPTIMUM,0.11221,0.50363,0.63866,OPTIMUM,0.09375,0.27682,1.43059,2.16551,4.23476
seeds,3556,0.1,0.7,1,0,32,0,115,0,1083,18,0.8377726643920916,OPTIMUM,0.11255,0.41812,0.55853,OPTIMUM,0.09945,0.32192,1.43791,2.05428,4.05072
seeds,3556,0.1,0.7,1,1,32,0,115,0,1166,20,0.7847944084732863,OPTIMUM,0.11255,0.41812,0.55853,OPTIMUM,0.09659,0.55864,1.65924,2.06148,4.279249999999999
seeds,3556,0.1,1.0,1,0,52,0,157,1,1058,18,0.9294291681598446,OPTIMUM,0.11230,1.97129,2.10627,OPTIMUM,0.09438,0.18505,0.95279,1.36387,4.42293
seeds,3556,0.1,1.5,1,0,88,1,223,3,1058,20,0.9166543022500938,OPTIMUM,0.11256,35.91388,36.05256,OPTIMUM,0.09348,0.17316,0.69409,0.82256,37.569210000000005
seeds,3556,0.1,1.75,1,0,105,2,258,2,1058,20,0.9300522029383684,OPTIMUM,0.11449,21.44086,21.57641,OPTIMUM,0.09508,0.14861,0.63583,0.78402,22.99626
seeds,3556,0.1,2.0,1,0,123,4,291,2,1058,20,0.9300522029383684,OPTIMUM,0.12062,46.65270,46.80313,OPTIMUM,0.09570,0.21348,0.56788,0.56916,47.94017
spam,3556,0.1,0.1,1,0,200,42,90,128,2408,5,0.040583601546173485,SATISFIABLE,10.58347,900.06162,912.63583,OPTIMUM,9.87248,362.46691,429.42919,412.83191,1754.89693
spam,3556,0.1,0.25,1,0,481,127,342,200,2432,6,0.4066439409513809,SATISFIABLE,10.35131,900.05329,912.46391,OPTIMUM,9.69412,335.60083,374.75263,375.14043,1662.35697
spam,3556,0.1,0.5,1,0,988,224,647,441,2432,11,0.40970549639852705,SATISFIABLE,9.91665,900.06712,911.49204,OPTIMUM,9.79443,182.55091,219.85434,212.25171,1343.5980900000002
spam,3556,0.1,0.7,1,0,1363,349,499,1009,2432,17,0.12334789863891243,SATISFIABLE,10.62305,900.07729,912.74431,OPTIMUM,9.80175,182.64224,220.85689,208.57692,1342.17812
spam,3556,0.1,1.0,1,0,1804,615,1509,673,2432,0,0.4335138737081157,SATISFIABLE,10.27468,900.07144,912.35712,OPTIMUM,10.11547,120.74223,159.18755,161.46563,1233.0103
spam,3556,0.1,1.5,1,0,2619,961,1881,1440,2432,0,0.29372192961606003,SATISFIABLE,10.33176,900.10203,911.92058,OPTIMUM,9.89013,182.97456,221.20841,138.52442,1271.65341
spam,3556,0.1,1.75,1,0,3750,437,417,3447,2432,8,-0.0146718723979205,SATISFIABLE,10.34419,900.12667,912.65006,OPTIMUM,9.71672,65.64872,102.08434,90.16975,1104.90415
spam,3556,0.1,2.0,1,0,3519,1294,2667,1722,2429,3,0.33469456266159686,SATISFIABLE,10.48217,900.11308,912.08326,OPTIMUM,9.70458,99.54670,137.72883,112.77232,1162.58441
target,3556,0.1,0.1,1,0,41,0,36,0,624,10,0.7641112199870406,OPTIMUM,0.85230,3.22811,4.25486,OPTIMUM,0.87082,3.83525,11.67490,23.71436,39.64412
target,3556,0.1,0.1,1,1,41,0,36,0,630,11,0.6700122357782801,OPTIMUM,0.85230,3.22811,4.25486,OPTIMUM,0.86211,5.84066,13.50351,14.81281,32.57118
target,3556,0.1,0.1,1,2,41,0,36,0,635,15,0.812098123677446,OPTIMUM,0.85230,3.22811,4.25486,OPTIMUM,0.84389,3.61232,11.39634,14.00073,29.65193
target,3556,0.1,0.1,1,3,41,0,36,0,643,16,0.850021134306508,OPTIMUM,0.85230,3.22811,4.25486,OPTIMUM,0.84436,2.80752,10.63871,13.16934,28.06291
target,3556,0.1,0.1,1,4,41,0,36,0,644,17,0.7757906321013882,OPTIMUM,0.85230,3.22811,4.25486,OPTIMUM,0.98446,2.85115,10.62459,15.89184,30.77129
target,3556,0.1,0.1,1,5,41,0,36,0,650,164,1.0,OPTIMUM,0.85230,3.22811,4.25486,OPTIMUM,0.83598,2.26418,10.05323,12.77531,27.083399999999997
target,3556,0.1,0.25,1,0,98,0,94,0,643,15,0.8878075631623115,OPTIMUM,0.87021,3.25863,4.38764,OPTIMUM,0.86581,1.51848,6.35762,11.64491,22.39017
target,3556,0.1,0.25,1,1,98,0,94,0,644,16,0.916401851147785,OPTIMUM,0.87021,3.25863,4.38764,OPTIMUM,0.98643,1.09454,6.03539,10.99498,21.41801
target,3556,0.1,0.25,1,2,98,0,94,0,646,17,0.9434932792977063,OPTIMUM,0.87021,3.25863,4.38764,OPTIMUM,0.83225,1.61107,6.60558,8.54624,19.53946
target,3556,0.1,0.25,1,3,98,0,94,0,650,164,1.0,OPTIMUM,0.87021,3.25863,4.38764,OPTIMUM,0.84450,1.09706,5.93154,8.35707,18.676250000000003
target,3556,0.1,0.5,1,0,199,0,186,0,646,4,0.9751810647806695,OPTIMUM,0.82254,3.31094,4.41807,OPTIMUM,0.87224,1.43805,6.32249,9.89968,20.64024
target,3556,0.1,0.5,1,1,199,0,186,0,649,13,0.9975318598764314,OPTIMUM,0.82254,3.31094,4.41807,OPTIMUM,0.84172,0.84799,5.80341,15.12353,25.345010000000002
target,3556,0.1,0.5,1,2,199,0,186,0,650,164,1.0,OPTIMUM,0.82254,3.31094,4.41807,OPTIMUM,0.84940,0.77533,5.61012,8.34288,18.37107
target,3556,0.1,0.7,1,0,273,0,266,0,648,4,0.9824299355881303,OPTIMUM,0.83162,2.96478,4.07719,OPTIMUM,0.87465,1.08531,5.66794,15.96529,25.71042
target,3556,0.1,0.7,1,1,273,0,266,0,649,13,0.9926350732910675,OPTIMUM,0.83162,2.96478,4.07719,OPTIMUM,0.85762,0.87766,5.43080,9.23841,18.7464
target,3556,0.1,0.7,1,2,273,0,266,0,650,164,1.0,OPTIMUM,0.83162,2.96478,4.07719,OPTIMUM,0.85792,0.75926,5.34706,10.57422,19.99847
target,3556,0.1,1.0,1,0,375,0,395,0,649,13,0.992621544219354,OPTIMUM,0.86176,2.57294,3.70890,OPTIMUM,0.86373,0.86339,5.35848,13.70499,22.772370000000002
target,3556,0.1,1.0,1,1,375,0,395,0,650,164,1.0,OPTIMUM,0.86176,2.57294,3.70890,OPTIMUM,0.86229,0.89626,5.39117,10.34198,19.44205
target,3556,0.1,1.5,1,0,564,0,591,0,649,13,0.992621544219354,OPTIMUM,0.84295,2.53886,3.65659,OPTIMUM,0.70518,1.08478,5.19372,6.94223,15.792539999999999
target,3556,0.1,1.5,1,1,564,0,591,0,650,164,1.0,OPTIMUM,0.84295,2.53886,3.65659,OPTIMUM,0.69449,0.78878,4.90417,9.45475,18.01551
target,3556,0.1,1.75,1,0,651,0,696,0,649,13,0.9975318598764314,OPTIMUM,0.86806,2.30079,3.34935,OPTIMUM,0.69948,0.74405,4.54243,6.90186,14.79364
target,3556,0.1,1.75,1,1,651,0,696,0,650,164,1.0,OPTIMUM,0.86806,2.30079,3.34935,OPTIMUM,0.86471,0.74341,4.69972,9.38697,17.43604
target,3556,0.1,2.0,1,0,745,0,795,0,649,13,0.9975318598764314,OPTIMUM,0.84666,2.36358,3.48780,OPTIMUM,0.72409,0.68520,4.43586,14.40000,22.323659999999997
target,3556,0.1,2.0,1,1,745,0,795,0,650,164,1.0,OPTIMUM,0.84666,2.36358,3.48780,OPTIMUM,0.88578,0.70546,4.63643,9.24725,17.37148
wine,3556,0.1,0.1,1,0,3,0,14,0,1178,71,0.7161442382637732,OPTIMUM,0.11327,0.16093,0.30923,OPTIMUM,0.12710,0.41068,3.13341,3.53287,6.97551
wine,3556,0.1,0.25,1,0,10,0,34,0,1178,71,0.8462065366773447,OPTIMUM,0.11952,0.35353,0.49458,OPTIMUM,0.12670,0.52965,1.73811,2.01483,4.24752
wine,3556,0.1,0.5,1,0,27,0,62,0,1178,71,0.8824690345757861,OPTIMUM,0.11556,0.82557,0.97260,OPTIMUM,0.12951,0.41780,0.79760,1.01785,2.78805
wine,3556,0.1,0.7,1,0,42,0,82,0,1179,8,0.8066925440021855,OPTIMUM,0.11662,0.73029,0.87841,OPTIMUM,0.15691,2.63951,2.90696,1.38063,5.166
wine,3556,0.1,0.7,1,1,42,0,82,0,1217,71,0.9151769627964984,OPTIMUM,0.11662,0.73029,0.87841,OPTIMUM,0.12479,0.39222,0.63738,5.16402,6.67981
wine,3556,0.1,1.0,1,0,62,0,116,0,1275,71,0.9650516223023584,OPTIMUM,0.11582,0.49647,0.63985,OPTIMUM,0.16046,0.54005,0.80331,3.99308,5.43624
wine,3556,0.1,1.5,1,0,98,0,169,0,1275,71,0.9816911130140138,OPTIMUM,0.11512,0.38353,0.52173,OPTIMUM,0.15872,0.41787,0.68541,1.13099,2.33813
wine,3556,0.1,1.75,1,0,118,0,193,0,1275,71,0.9816911130140138,OPTIMUM,0.11614,0.46007,0.61197,OPTIMUM,0.15728,0.28201,0.55475,0.59162,1.75834
wine,3556,0.1,2.0,1,0,131,0,225,0,1275,71,0.9816911130140138,OPTIMUM,0.11677,0.29977,0.44752,OPTIMUM,0.15974,0.25807,0.51954,0.63824,1.6053000000000002
wingnut,3556,0.1,0.1,1,0,55,0,46,0,1094,67,1.0,OPTIMUM,0.19648,0.20118,0.43618,OPTIMUM,0.18628,0.24966,21.30704,21.80673,43.54995
wingnut,3556,0.1,0.25,1,0,131,0,123,0,1094,67,1.0,OPTIMUM,0.19666,0.19231,0.43761,OPTIMUM,0.18707,0.17881,5.26797,5.63307,11.338650000000001
wingnut,3556,0.1,0.5,1,0,256,0,252,0,1094,67,1.0,OPTIMUM,0.19568,0.18193,0.42126,OPTIMUM,0.18096,0.16994,4.40250,4.76244,9.5862
wingnut,3556,0.1,0.7,1,0,351,0,360,0,1094,67,1.0,OPTIMUM,0.19633,0.17512,0.43393,OPTIMUM,0.18427,0.16638,4.25947,4.67834,9.37174
wingnut,3556,0.1,1.0,1,0,499,0,517,0,1094,67,1.0,OPTIMUM,0.19953,0.16413,0.40483,OPTIMUM,0.44047,0.15914,2.53421,2.30749,5.24653
wingnut,3556,0.1,1.5,1,0,743,0,781,0,1094,67,1.0,OPTIMUM,0.20116,0.16324,0.42168,OPTIMUM,0.18131,0.14920,1.97505,2.00799,4.404719999999999
wingnut,3556,0.1,1.75,1,0,866,0,912,0,1094,67,1.0,OPTIMUM,0.20339,0.16404,0.42548,OPTIMUM,0.18242,0.17848,1.99299,1.97138,4.38985
wingnut,3556,0.1,2.0,1,0,991,0,1041,0,1094,67,1.0,OPTIMUM,0.21508,0.15599,0.42957,OPTIMUM,0.18128,0.16082,1.94363,1.95970,4.3328999999999995
