target,1732,0.1,0.1,1,0,34,0,43,0,632,13,0.6623212378329925,OPTIMUM,0.82996,10.89704,11.89503,OPTIMUM,0.80955,3.24627,8.56134,20.45637
target,1732,0.1,0.1,1,1,34,0,43,0,639,15,0.7392782885495346,OPTIMUM,0.82996,10.89704,11.89503,OPTIMUM,0.85734,4.25046,9.43629,21.331319999999998
target,1732,0.1,0.1,1,2,34,0,43,0,642,17,0.8060308173767581,OPTIMUM,0.82996,10.89704,11.89503,OPTIMUM,0.85520,6.46402,11.83541,23.73044
target,1732,0.1,0.1,1,3,34,0,43,0,643,18,0.7621157599437774,OPTIMUM,0.82996,10.89704,11.89503,OPTIMUM,0.69203,5.02477,10.23555,22.130580000000002
target,1732,0.1,0.1,1,4,34,0,43,0,644,21,0.8924628356055004,OPTIMUM,0.82996,10.89704,11.89503,OPTIMUM,0.85035,7.01139,12.18334,24.07837
target,1732,0.1,0.1,1,5,34,0,43,0,646,26,0.9477397638199048,OPTIMUM,0.82996,10.89704,11.89503,OPTIMUM,0.83914,4.03265,9.40904,21.30407
target,1732,0.1,0.1,1,6,34,0,43,0,650,164,1.0,OPTIMUM,0.82996,10.89704,11.89503,OPTIMUM,0.73212,5.89022,11.10755,23.002580000000002
target,1732,0.1,0.1,1,7,34,0,43,0,0,0,,OPTIMUM,0.82996,10.89704,11.89503,UNSATISFIABLE,0.84995,3.44396,8.63388,20.52891
chainlink,1732,0.1,0.1,1,0,52,0,48,0,989,17,0.9408407818002373,OPTIMUM,0.23095,0.81133,1.09599,OPTIMUM,0.21613,9.14405,11.69631,12.792300000000001
chainlink,1732,0.1,0.1,1,1,52,0,48,0,0,0,,OPTIMUM,0.23095,0.81133,1.09599,UNSATISFIABLE,0.20106,0.39440,2.91878,4.01477
chainlink,1732,0.1,0.25,1,0,126,0,119,5,989,11,0.9369609341788596,OPTIMUM,0.21115,52.36714,52.64274,OPTIMUM,0.21257,26.01433,28.64741,81.29015000000001
chainlink,1732,0.1,0.25,1,1,126,0,119,5,0,0,,OPTIMUM,0.21115,52.36714,52.64274,UNSATISFIABLE,0.20722,0.43329,3.06459,55.707330000000006
chainlink,1732,0.1,0.7,1,0,355,2,333,10,989,11,0.9486245898252834,OPTIMUM,0.21235,327.26235,327.53860,OPTIMUM,0.21962,0.39947,2.87161,330.41020999999995
chainlink,1732,0.1,0.7,1,1,355,2,333,10,0,0,,OPTIMUM,0.21235,327.26235,327.53860,UNSATISFIABLE,0.20474,0.22348,2.69048,330.22907999999995
chainlink,1732,0.1,0.5,1,0,247,0,245,8,989,11,0.9369609068914122,OPTIMUM,0.22889,101.81552,102.09043,OPTIMUM,0.20892,1.86080,4.60729,106.69772
chainlink,1732,0.1,0.5,1,1,247,0,245,8,0,0,,OPTIMUM,0.22889,101.81552,102.09043,UNSATISFIABLE,0.19404,0.23957,2.96523,105.05566
chainlink,1732,0.1,1.0,1,0,501,6,480,13,989,11,0.9564404011582764,OPTIMUM,0.21427,257.39394,257.66857,OPTIMUM,0.20624,0.32626,2.91788,260.58645
chainlink,1732,0.1,1.0,1,1,501,6,480,13,0,0,,OPTIMUM,0.21427,257.39394,257.66857,UNSATISFIABLE,0.20950,0.23737,2.81484,260.48341
chainlink,1732,0.1,1.5,1,0,770,9,702,19,989,11,0.9603603263608347,SATISFIABLE,0.22055,900.01390,900.30626,OPTIMUM,0.20993,0.33128,2.84036,903.14662
chainlink,1732,0.1,1.5,1,1,770,9,702,19,0,0,,SATISFIABLE,0.22055,900.01390,900.30626,UNSATISFIABLE,0.19387,0.21835,2.71373,903.01999
chainlink,1732,0.1,1.75,1,0,891,10,828,21,989,11,0.9603603263608347,OPTIMUM,0.21140,739.92422,740.19108,OPTIMUM,0.20539,0.26267,2.78503,742.9761100000001
chainlink,1732,0.1,1.75,1,1,891,10,828,21,0,0,,OPTIMUM,0.21140,739.92422,740.19108,UNSATISFIABLE,0.19139,0.22332,2.73159,742.92267
chainlink,1732,0.1,2.0,1,0,1010,10,958,22,989,11,0.9603603263608347,OPTIMUM,0.21790,245.72459,246.00546,OPTIMUM,0.21959,0.38679,2.99178,248.99724
chainlink,1732,0.1,2.0,1,1,1010,10,958,22,0,0,,OPTIMUM,0.21790,245.72459,246.00546,UNSATISFIABLE,0.20039,0.22174,2.79888,248.80434
glass,1732,0.1,0.1,1,0,9,0,12,0,1109,1,0.10480590944799782,OPTIMUM,0.33207,0.99391,1.38124,OPTIMUM,0.33268,2.61210,3.22231,4.60355
glass,1732,0.1,0.1,1,1,9,0,12,0,1110,2,0.25801218305148355,OPTIMUM,0.33207,0.99391,1.38124,OPTIMUM,0.38779,2.25629,2.94504,4.326280000000001
glass,1732,0.1,0.1,1,2,9,0,12,0,1118,19,0.19893499775409101,OPTIMUM,0.33207,0.99391,1.38124,OPTIMUM,0.31441,11.92547,12.51449,13.89573
glass,1732,0.1,0.1,1,3,9,0,12,0,1143,24,0.15723319942810446,OPTIMUM,0.33207,0.99391,1.38124,OPTIMUM,0.38449,13.15259,13.80992,15.19116
glass,1732,0.1,0.1,1,4,9,0,12,0,1162,29,0.12503060497079488,OPTIMUM,0.33207,0.99391,1.38124,OPTIMUM,0.30595,5.40754,6.04764,7.42888
glass,1732,0.1,0.1,1,5,9,0,12,0,1241,51,0.201187709013807,OPTIMUM,0.33207,0.99391,1.38124,OPTIMUM,0.29948,4.73953,5.30939,6.69063
glass,1732,0.1,0.1,1,6,9,0,12,0,0,0,,OPTIMUM,0.33207,0.99391,1.38124,UNSATISFIABLE,0.34338,0.64195,1.26282,2.64406
glass,1732,0.1,0.25,1,0,20,0,33,0,1109,1,0.26344492291243976,OPTIMUM,0.34042,2.21254,2.60459,OPTIMUM,0.33125,34.73201,35.33606,37.940650000000005
glass,1732,0.1,0.25,1,1,20,0,33,0,1110,2,0.33995814465525537,OPTIMUM,0.34042,2.21254,2.60459,OPTIMUM,0.34145,47.86915,48.49137,51.095960000000005
glass,1732,0.1,0.25,1,2,20,0,33,0,1118,18,0.19970072265920066,OPTIMUM,0.34042,2.21254,2.60459,OPTIMUM,0.34625,103.78108,104.41627,107.02086
glass,1732,0.1,0.25,1,3,20,0,33,0,1229,24,0.20125478624507948,OPTIMUM,0.34042,2.21254,2.60459,OPTIMUM,0.34767,45.64710,46.26719,48.87178
glass,1732,0.1,0.25,1,4,20,0,33,0,1257,29,0.25915562077627485,OPTIMUM,0.34042,2.21254,2.60459,OPTIMUM,0.30254,17.04010,17.66666,20.271250000000002
glass,1732,0.1,0.25,1,5,20,0,33,0,0,0,,OPTIMUM,0.34042,2.21254,2.60459,UNSATISFIABLE,0.29656,0.27444,0.84752,3.4521100000000002
glass,1732,0.1,0.5,1,0,34,0,73,0,1204,2,0.4658841370476562,OPTIMUM,0.33541,109.71771,110.12857,SATISFIABLE,0.36200,900.01604,900.66134,1010.78991
glass,1732,0.1,0.7,1,0,40,0,108,1,1321,2,0.4457426425732444,SATISFIABLE,0.34010,900.01523,900.43175,SATISFIABLE,0.33235,900.01294,900.63531,1801.0670599999999
glass,1732,0.1,1.0,1,0,47,9,155,3,0,0,,SATISFIABLE,0.35265,900.01541,900.42960,UNKNOWN,0.32781,900.01481,900.59921,1801.02881
glass,1732,0.1,1.5,1,0,52,32,232,5,1469,5,0.2773183327662196,SATISFIABLE,0.34101,900.01475,900.41780,OPTIMUM,0.33415,482.50262,483.08985,1383.50765
glass,1732,0.1,1.5,1,1,52,32,232,5,0,0,,SATISFIABLE,0.34101,900.01475,900.41780,UNSATISFIABLE,0.35151,114.74090,115.34920,1015.767
glass,1732,0.1,1.75,1,0,70,26,266,12,1471,6,0.4234726044843812,SATISFIABLE,0.34947,900.01478,900.45316,OPTIMUM,0.33672,396.18943,396.72621,1297.17937
glass,1732,0.1,1.75,1,1,70,26,266,12,0,0,,SATISFIABLE,0.34947,900.01478,900.45316,UNSATISFIABLE,0.30721,67.38908,67.93814,968.3913
glass,1732,0.1,2.0,1,0,69,45,296,18,1477,2,0.2684946349945815,SATISFIABLE,0.36237,900.01378,900.46260,OPTIMUM,0.33560,482.98479,483.51638,1383.9789799999999
glass,1732,0.1,2.0,1,1,69,45,296,18,0,0,,SATISFIABLE,0.36237,900.01378,900.46260,UNSATISFIABLE,0.31515,71.83795,72.41659,972.87919
iris,1732,0.1,0.1,1,0,4,0,11,0,755,36,0.8857921001989628,OPTIMUM,0.05712,0.10634,0.18745,OPTIMUM,0.05916,10.82752,11.56289,11.75034
iris,1732,0.1,0.1,1,1,4,0,11,0,0,0,,OPTIMUM,0.05712,0.10634,0.18745,UNSATISFIABLE,0.06269,0.10370,0.81016,0.99761
iris,1732,0.1,0.25,1,0,14,0,23,0,755,24,0.8508386787884723,OPTIMUM,0.05402,0.05890,0.12999,OPTIMUM,0.06020,0.35402,0.91774,1.04773
iris,1732,0.1,0.25,1,1,14,0,23,0,0,0,,OPTIMUM,0.05402,0.05890,0.12999,UNSATISFIABLE,0.06328,0.10441,0.64322,0.77321
iris,1732,0.1,0.5,1,0,29,0,46,0,755,23,0.9410122562924206,OPTIMUM,0.05520,0.06309,0.14141,OPTIMUM,0.05932,0.21095,0.54105,0.6824600000000001
iris,1732,0.1,0.5,1,1,29,0,46,0,0,0,,OPTIMUM,0.05520,0.06309,0.14141,UNSATISFIABLE,0.09416,0.12517,0.48776,0.62917
iris,1732,0.1,0.7,1,0,37,0,68,0,755,23,0.9037141640512019,OPTIMUM,0.05458,0.10963,0.18190,OPTIMUM,0.06201,11.28940,11.61785,11.799750000000001
iris,1732,0.1,0.7,1,1,37,0,68,0,0,0,,OPTIMUM,0.05458,0.10963,0.18190,UNSATISFIABLE,0.09399,0.07641,0.42367,0.6055699999999999
iris,1732,0.1,1.0,1,0,54,0,96,0,755,15,0.8656052437177828,OPTIMUM,0.05431,0.18688,0.25876,OPTIMUM,0.06005,0.32767,0.62097,0.87973
iris,1732,0.1,1.0,1,1,54,0,96,0,854,23,0.9602666666666667,OPTIMUM,0.05431,0.18688,0.25876,OPTIMUM,0.06160,0.46487,0.79607,1.05483
iris,1732,0.1,1.0,1,2,54,0,96,0,0,0,,OPTIMUM,0.05431,0.18688,0.25876,UNSATISFIABLE,0.06332,0.09478,0.39201,0.6507700000000001
iris,1732,0.1,1.5,1,0,77,0,148,0,854,23,0.97993200471804,OPTIMUM,0.05707,0.08153,0.15643,OPTIMUM,0.06012,2.70779,2.97216,3.12859
iris,1732,0.1,1.5,1,1,77,0,148,0,0,0,,OPTIMUM,0.05707,0.08153,0.15643,UNSATISFIABLE,0.06216,0.07063,0.36229,0.5187200000000001
iris,1732,0.1,1.75,1,0,88,0,174,0,854,23,0.97993200471804,OPTIMUM,0.05564,0.08980,0.16897,OPTIMUM,0.06026,2.91061,3.15030,3.31927
iris,1732,0.1,1.75,1,1,88,0,174,0,0,0,,OPTIMUM,0.05564,0.08980,0.16897,UNSATISFIABLE,0.06221,0.07114,0.31616,0.48513
iris,1732,0.1,2.0,1,0,108,0,192,0,854,23,0.97993200471804,OPTIMUM,0.05655,0.06864,0.14086,OPTIMUM,0.06033,0.14455,0.34952,0.49038000000000004
iris,1732,0.1,2.0,1,1,108,0,192,0,0,0,,OPTIMUM,0.05655,0.06864,0.14086,UNSATISFIABLE,0.06254,0.07350,0.29296,0.43382
wine,1732,0.1,0.1,1,0,7,0,10,0,1178,71,0.8301692191254648,OPTIMUM,0.11916,0.15719,0.30933,OPTIMUM,0.12188,0.80112,1.20652,1.51585
wine,1732,0.1,0.1,1,1,7,0,10,0,0,0,,OPTIMUM,0.11916,0.15719,0.30933,UNSATISFIABLE,0.12375,0.12038,0.48992,0.79925
wine,1732,0.1,0.25,1,0,15,0,29,0,1178,71,0.8976460937013963,OPTIMUM,0.11492,0.63716,0.77480,OPTIMUM,0.12557,2.36828,2.77656,3.55136
wine,1732,0.1,0.25,1,1,15,0,29,0,0,0,,OPTIMUM,0.11492,0.63716,0.77480,UNSATISFIABLE,0.12331,0.17701,0.54963,1.32443
wine,1732,0.1,0.5,1,0,32,0,57,0,1178,71,0.9133577991086984,OPTIMUM,0.11458,0.51647,0.66653,OPTIMUM,0.12012,6.75283,7.13702,7.8035499999999995
wine,1732,0.1,0.5,1,1,32,0,57,0,0,0,,OPTIMUM,0.11458,0.51647,0.66653,UNSATISFIABLE,0.12362,0.18031,0.54391,1.21044
wine,1732,0.1,0.7,1,0,40,0,84,0,1259,11,0.8975747142406876,OPTIMUM,0.11768,0.83936,0.99116,SATISFIABLE,0.12061,900.27284,900.65502,901.6461800000001
wine,1732,0.1,1.0,1,0,60,0,118,0,1272,47,0.901039654745615,OPTIMUM,0.11517,0.70650,0.85762,OPTIMUM,0.12194,547.22994,547.47936,548.33698
wine,1732,0.1,1.0,1,1,60,0,118,0,1274,71,0.9832438583647054,OPTIMUM,0.11517,0.70650,0.85762,OPTIMUM,0.15286,2.22556,2.50642,3.36404
wine,1732,0.1,1.0,1,2,60,0,118,0,0,0,,OPTIMUM,0.11517,0.70650,0.85762,UNSATISFIABLE,0.12470,0.10746,0.35734,1.21496
wine,1732,0.1,1.5,1,0,85,0,182,0,1275,71,0.9849713865412396,OPTIMUM,0.12503,0.85494,1.01662,OPTIMUM,0.11887,1.27024,1.51100,2.5276199999999998
wine,1732,0.1,1.5,1,1,85,0,182,0,0,0,,OPTIMUM,0.12503,0.85494,1.01662,UNSATISFIABLE,0.17069,0.10807,0.39856,1.41518
wine,1732,0.1,1.75,1,0,104,0,207,0,1275,71,1.0,OPTIMUM,0.11574,0.38611,0.53879,OPTIMUM,0.12071,0.44612,0.68555,1.22434
wine,1732,0.1,1.75,1,1,104,0,207,0,0,0,,OPTIMUM,0.11574,0.38611,0.53879,UNSATISFIABLE,0.15605,0.09836,0.38265,0.92144
wine,1732,0.1,2.0,1,0,123,0,233,0,1275,71,0.9849561801441341,OPTIMUM,0.12378,0.28163,0.43828,OPTIMUM,0.12190,0.41026,0.65520,1.09348
wine,1732,0.1,2.0,1,1,123,0,233,0,0,0,,OPTIMUM,0.12378,0.28163,0.43828,UNSATISFIABLE,0.15731,0.11318,0.38811,0.82639
wingnut,1732,0.1,0.1,1,0,55,0,46,0,1094,67,1.0,OPTIMUM,0.19740,0.22852,0.46940,OPTIMUM,0.19919,1.06201,23.12177,23.59117
wingnut,1732,0.1,0.1,1,1,55,0,46,0,0,0,,OPTIMUM,0.19740,0.22852,0.46940,UNSATISFIABLE,0.18723,0.28119,22.07334,22.542740000000002
wingnut,1732,0.1,0.25,1,0,134,0,120,0,1094,67,1.0,OPTIMUM,0.19749,0.20018,0.43771,OPTIMUM,0.19351,0.34511,5.01497,5.45268
wingnut,1732,0.1,0.25,1,1,134,0,120,0,0,0,,OPTIMUM,0.19749,0.20018,0.43771,UNSATISFIABLE,0.18020,0.17670,4.57864,5.01635
wingnut,1732,0.1,0.5,1,0,258,0,250,0,1094,67,1.0,OPTIMUM,0.19649,0.18929,0.44131,OPTIMUM,0.19263,0.26599,4.94902,5.39033
wingnut,1732,0.1,0.5,1,1,258,0,250,0,0,0,,OPTIMUM,0.19649,0.18929,0.44131,UNSATISFIABLE,0.17728,0.18836,4.59723,5.038539999999999
wingnut,1732,0.1,0.7,1,0,360,0,351,0,1094,67,1.0,OPTIMUM,0.19618,0.17269,0.41363,OPTIMUM,0.19622,0.26134,2.88897,3.3026
wingnut,1732,0.1,0.7,1,1,360,0,351,0,0,0,,OPTIMUM,0.19618,0.17269,0.41363,UNSATISFIABLE,0.42868,0.16211,3.02710,3.44073
wingnut,1732,0.1,1.0,1,0,526,0,490,0,1094,67,1.0,OPTIMUM,0.19614,0.16505,0.42009,OPTIMUM,0.19839,0.16759,2.31944,2.7395300000000002
wingnut,1732,0.1,1.0,1,1,526,0,490,0,0,0,,OPTIMUM,0.19614,0.16505,0.42009,UNSATISFIABLE,0.43100,0.15413,2.49800,2.9180900000000003
wingnut,1732,0.1,1.5,1,0,802,0,722,0,1094,67,1.0,OPTIMUM,0.20234,0.16249,0.42101,OPTIMUM,0.19642,0.15890,2.01669,2.4377
wingnut,1732,0.1,1.5,1,1,802,0,722,0,0,0,,OPTIMUM,0.20234,0.16249,0.42101,UNSATISFIABLE,0.17887,0.15406,1.98679,2.4078
wingnut,1732,0.1,1.75,1,0,938,0,840,0,1094,67,1.0,OPTIMUM,0.20742,0.16559,0.43468,OPTIMUM,0.19572,0.15663,1.90629,2.34097
wingnut,1732,0.1,1.75,1,1,938,0,840,0,0,0,,OPTIMUM,0.20742,0.16559,0.43468,UNSATISFIABLE,0.17841,0.15356,1.87723,2.31191
wingnut,1732,0.1,2.0,1,0,1072,0,960,0,1094,67,1.0,OPTIMUM,0.19919,0.15975,0.40700,OPTIMUM,0.19308,0.15413,1.91699,2.32399
wingnut,1732,0.1,2.0,1,1,1072,0,960,0,0,0,,OPTIMUM,0.19919,0.15975,0.40700,UNSATISFIABLE,0.17810,0.14667,1.86018,2.2671799999999998
ionosphere,1732,0.1,0.1,1,0,23,0,12,0,3567,240,0.42896917467683127,OPTIMUM,0.36691,0.48468,0.91378,OPTIMUM,0.38285,6.89685,7.50582,8.419599999999999
ionosphere,1732,0.1,0.1,1,1,23,0,12,0,0,0,,OPTIMUM,0.36691,0.48468,0.91378,UNSATISFIABLE,0.43831,0.45011,1.11510,2.02888
ionosphere,1732,0.1,0.25,1,0,49,0,36,2,3572,195,0.5037261755589263,SATISFIABLE,0.36323,900.01536,900.45342,OPTIMUM,0.37812,803.46271,804.08890,1704.54232
ionosphere,1732,0.1,0.25,1,1,49,0,36,2,0,0,,SATISFIABLE,0.36323,900.01536,900.45342,UNSATISFIABLE,0.45293,8.12133,8.81677,909.2701900000001
ionosphere,1732,0.1,0.5,1,0,87,8,73,7,3576,167,0.6545648827127983,SATISFIABLE,0.36851,900.01309,900.44793,OPTIMUM,0.38787,79.36122,80.00648,980.45441
ionosphere,1732,0.1,0.5,1,1,87,8,73,7,0,0,,SATISFIABLE,0.36851,900.01309,900.44793,UNSATISFIABLE,0.43896,4.05156,4.75724,905.2051700000001
ionosphere,1732,0.1,0.7,1,0,121,8,103,13,3577,76,0.6381709741550696,SATISFIABLE,0.36292,900.01304,900.44699,OPTIMUM,0.37761,17.45256,18.09865,918.54564
ionosphere,1732,0.1,0.7,1,1,121,8,103,13,0,0,,SATISFIABLE,0.36292,900.01304,900.44699,UNSATISFIABLE,0.44503,12.72247,13.44579,913.89278
ionosphere,1732,0.1,1.0,1,0,169,7,160,15,3577,99,0.7821596719485647,SATISFIABLE,0.37044,900.01275,900.45375,OPTIMUM,0.37941,1.99858,2.66358,903.11733
ionosphere,1732,0.1,1.0,1,1,169,7,160,15,0,0,,SATISFIABLE,0.37044,900.01275,900.45375,UNSATISFIABLE,0.42756,0.42877,1.13826,901.59201
ionosphere,1732,0.1,1.5,1,0,261,21,209,35,3577,174,0.7317232508204027,SATISFIABLE,0.36910,900.01345,900.44965,OPTIMUM,0.38580,11.69070,12.38936,912.83901
ionosphere,1732,0.1,1.5,1,1,261,21,209,35,0,0,,SATISFIABLE,0.36910,900.01345,900.44965,UNSATISFIABLE,0.42860,0.43778,1.17474,901.6243900000001
ionosphere,1732,0.1,1.75,1,0,309,23,254,28,3577,99,0.7325562023233154,SATISFIABLE,0.38216,900.01280,900.45732,OPTIMUM,0.38532,3.06079,3.74223,904.1995499999999
ionosphere,1732,0.1,1.75,1,1,309,23,254,28,0,0,,SATISFIABLE,0.38216,900.01280,900.45732,UNSATISFIABLE,0.43552,8.71711,9.45893,909.91625
ionosphere,1732,0.1,2.0,1,0,353,30,285,34,3575,99,0.7625507860801979,SATISFIABLE,0.36953,900.01170,900.46433,OPTIMUM,0.38713,10.75960,11.44894,911.91327
ionosphere,1732,0.1,2.0,1,1,353,30,285,34,0,0,,SATISFIABLE,0.36953,900.01170,900.46433,UNSATISFIABLE,0.42876,5.96132,6.70497,907.1693
libras,1732,0.1,0.1,1,0,3,0,33,0,3135,68,0.1352913708736105,OPTIMUM,7.91847,25.78248,34.86819,OPTIMUM,7.72305,71.45687,81.18691,116.0551
libras,1732,0.1,0.1,1,1,3,0,33,0,3296,73,0.11206832068281314,OPTIMUM,7.91847,25.78248,34.86819,OPTIMUM,7.81619,76.38250,86.54093,121.40912
libras,1732,0.1,0.1,1,2,3,0,33,0,3509,99,0.10985748112006027,OPTIMUM,7.91847,25.78248,34.86819,OPTIMUM,7.79494,100.07006,109.94193,144.81011999999998
libras,1732,0.1,0.1,1,3,3,0,33,0,3663,138,0.08081838726603986,OPTIMUM,7.91847,25.78248,34.86819,OPTIMUM,7.81232,139.26033,149.14232,184.01051
libras,1732,0.1,0.1,1,4,3,0,33,0,0,0,,OPTIMUM,7.91847,25.78248,34.86819,UNSATISFIABLE,7.64292,18.83452,28.71821,63.5864
libras,1732,0.1,0.25,1,0,10,0,80,0,3135,68,0.11047863823942071,OPTIMUM,8.37619,45.64667,55.12292,OPTIMUM,7.73716,129.24094,139.05110,194.17401999999998
libras,1732,0.1,0.25,1,1,10,0,80,0,3296,73,0.0984808729421561,OPTIMUM,8.37619,45.64667,55.12292,OPTIMUM,7.77681,131.25756,141.23647,196.35939
libras,1732,0.1,0.25,1,2,10,0,80,0,3509,99,0.15932829823031933,OPTIMUM,8.37619,45.64667,55.12292,OPTIMUM,7.71273,213.81253,223.78885,278.91177
libras,1732,0.1,0.25,1,3,10,0,80,0,3663,138,0.15533662138375798,OPTIMUM,8.37619,45.64667,55.12292,OPTIMUM,7.63167,505.66320,515.46931,570.59223
libras,1732,0.1,0.25,1,4,10,0,80,0,0,0,,OPTIMUM,8.37619,45.64667,55.12292,UNSATISFIABLE,7.59014,18.79311,28.48339,83.60631000000001
libras,1732,0.1,0.5,1,0,14,0,166,0,3593,99,0.18615988203104714,OPTIMUM,7.91719,65.45789,74.59868,OPTIMUM,7.83560,216.71802,226.22679,300.82547
libras,1732,0.1,0.5,1,1,14,0,166,0,0,0,,OPTIMUM,7.91719,65.45789,74.59868,UNKNOWN,7.92435,900.03339,909.59807,984.1967500000001
libras,1732,0.1,0.7,1,0,18,0,233,0,3593,99,0.1319028173427238,OPTIMUM,7.91497,64.00572,73.06416,OPTIMUM,7.86042,834.43747,843.81678,916.88094
libras,1732,0.1,0.7,1,1,18,0,233,0,0,0,,OPTIMUM,7.91497,64.00572,73.06416,UNKNOWN,7.98372,900.02270,909.73225,982.79641
libras,1732,0.1,1.0,1,0,23,0,337,0,0,0,,OPTIMUM,7.91182,83.80838,92.88094,UNKNOWN,8.07055,900.03040,909.73529,1002.61623
libras,1732,0.1,1.5,1,0,33,1,506,0,0,0,,SATISFIABLE,7.94183,900.04435,909.13190,UNKNOWN,7.84971,900.01729,909.55696,1818.68886
libras,1732,0.1,1.75,1,0,38,0,592,0,0,0,,OPTIMUM,7.93028,260.98298,270.06257,UNKNOWN,8.00136,900.02532,909.76087,1179.82344
libras,1732,0.1,2.0,1,0,38,4,677,1,0,0,,SATISFIABLE,7.85810,900.02352,909.11469,UNKNOWN,7.90139,900.01602,909.66810,1818.78279
lsun,1732,0.1,0.1,1,0,9,0,31,0,733,6,0.6264973152509316,OPTIMUM,0.10445,0.94981,1.09060,OPTIMUM,0.10455,152.34850,157.45520,158.54579999999999
lsun,1732,0.1,0.1,1,1,9,0,31,0,734,9,0.6128602128557799,OPTIMUM,0.10445,0.94981,1.09060,OPTIMUM,0.11070,185.49435,190.60599,191.69659
lsun,1732,0.1,0.1,1,2,9,0,31,0,745,15,0.6858949072485002,OPTIMUM,0.10445,0.94981,1.09060,OPTIMUM,0.11454,48.03040,53.39898,54.489580000000004
lsun,1732,0.1,0.1,1,3,9,0,31,0,0,0,,OPTIMUM,0.10445,0.94981,1.09060,UNKNOWN,0.10501,205.53029,210.68336,211.77396
lsun,1732,0.1,0.25,1,0,32,0,68,0,880,9,0.9219529054482821,OPTIMUM,0.10480,0.96158,1.10348,OPTIMUM,0.10574,6.03538,7.17161,8.27509
lsun,1732,0.1,0.25,1,1,32,0,68,0,901,19,0.9525813991153831,OPTIMUM,0.10480,0.96158,1.10348,OPTIMUM,0.11001,4.67038,5.89637,6.99985
lsun,1732,0.1,0.25,1,2,32,0,68,0,923,104,1.0,OPTIMUM,0.10480,0.96158,1.10348,OPTIMUM,0.10561,0.25481,1.41100,2.51448
lsun,1732,0.1,0.25,1,3,32,0,68,0,0,0,,OPTIMUM,0.10480,0.96158,1.10348,UNSATISFIABLE,0.10638,0.15734,1.37594,2.47942
lsun,1732,0.1,0.5,1,0,75,0,125,0,903,19,0.9840187674846393,OPTIMUM,0.10257,0.23110,0.36920,OPTIMUM,0.10539,0.91374,1.68061,2.04981
lsun,1732,0.1,0.5,1,1,75,0,125,0,923,104,1.0,OPTIMUM,0.10257,0.23110,0.36920,OPTIMUM,0.10749,26.38005,27.16385,27.53305
lsun,1732,0.1,0.5,1,2,75,0,125,0,0,0,,OPTIMUM,0.10257,0.23110,0.36920,UNSATISFIABLE,0.15193,0.14235,0.93637,1.30557
lsun,1732,0.1,0.7,1,0,100,0,180,0,903,19,0.9840187674846393,OPTIMUM,0.10288,0.28491,0.41921,OPTIMUM,0.10738,0.47218,1.20812,1.6273300000000002
lsun,1732,0.1,0.7,1,1,100,0,180,0,923,104,1.0,OPTIMUM,0.10288,0.28491,0.41921,OPTIMUM,0.11023,2.64815,3.39045,3.80966
lsun,1732,0.1,0.7,1,2,100,0,180,0,0,0,,OPTIMUM,0.10288,0.28491,0.41921,UNSATISFIABLE,0.16467,0.13840,0.93040,1.34961
lsun,1732,0.1,1.0,1,0,137,0,263,0,923,104,1.0,OPTIMUM,0.11213,0.21640,0.35515,OPTIMUM,0.10528,0.74664,1.40260,1.7577500000000001
lsun,1732,0.1,1.0,1,1,137,0,263,0,0,0,,OPTIMUM,0.11213,0.21640,0.35515,UNSATISFIABLE,0.10754,0.14289,0.80607,1.16122
lsun,1732,0.1,1.5,1,0,211,0,389,0,923,104,1.0,OPTIMUM,0.10458,0.26174,0.39937,OPTIMUM,0.10651,0.31999,0.89847,1.2978399999999999
lsun,1732,0.1,1.5,1,1,211,0,389,0,0,0,,OPTIMUM,0.10458,0.26174,0.39937,UNSATISFIABLE,0.10998,0.13295,0.72088,1.12025
lsun,1732,0.1,1.75,1,0,247,0,453,0,923,104,1.0,OPTIMUM,0.10759,0.18683,0.33316,OPTIMUM,0.10609,0.14499,0.71064,1.0438
lsun,1732,0.1,1.75,1,1,247,0,453,0,0,0,,OPTIMUM,0.10759,0.18683,0.33316,UNSATISFIABLE,0.11025,0.13084,0.69655,1.0297100000000001
lsun,1732,0.1,2.0,1,0,285,0,515,0,923,104,1.0,OPTIMUM,0.10736,0.18801,0.34137,OPTIMUM,0.10585,0.13818,0.67701,1.01838
lsun,1732,0.1,2.0,1,1,285,0,515,0,0,0,,OPTIMUM,0.10736,0.18801,0.34137,UNSATISFIABLE,0.11720,0.13358,0.69150,1.03287
seeds,1732,0.1,0.1,1,0,8,0,13,0,896,46,0.6888392619769235,OPTIMUM,0.11200,0.09307,0.23494,OPTIMUM,0.12103,37.14891,38.28154,38.51648
seeds,1732,0.1,0.1,1,1,8,0,13,0,0,0,,OPTIMUM,0.11200,0.09307,0.23494,UNKNOWN,0.09643,233.00184,234.10523,234.34017
seeds,1732,0.1,0.25,1,0,17,0,35,0,903,30,0.6743403794800134,OPTIMUM,0.12122,0.12437,0.27465,OPTIMUM,0.12013,32.37374,33.45518,33.72983
seeds,1732,0.1,0.25,1,1,17,0,35,0,0,0,,OPTIMUM,0.12122,0.12437,0.27465,UNKNOWN,0.09794,195.67972,196.74158,197.01623
seeds,1732,0.1,0.5,1,0,38,0,67,0,0,0,,OPTIMUM,0.11916,0.90584,1.05662,UNKNOWN,0.11819,342.05340,342.74418,343.8008
seeds,1732,0.1,0.7,1,0,45,0,101,1,1083,8,0.8641378753346322,OPTIMUM,0.12198,4.52658,4.67997,OPTIMUM,0.12310,1.57310,2.25414,6.93411
seeds,1732,0.1,0.7,1,1,45,0,101,1,0,0,,OPTIMUM,0.12198,4.52658,4.67997,UNSATISFIABLE,0.09145,0.99548,1.64897,6.32894
seeds,1732,0.1,1.0,1,0,68,0,141,1,0,0,,OPTIMUM,0.12011,2.55823,2.70942,UNKNOWN,0.12457,260.39643,261.01860,263.72802
seeds,1732,0.1,1.5,1,0,97,2,214,2,1083,18,0.9157359415323892,OPTIMUM,0.12271,49.86732,50.02570,OPTIMUM,0.12712,0.40923,0.94837,50.97407
seeds,1732,0.1,1.5,1,1,97,2,214,2,0,0,,OPTIMUM,0.12271,49.86732,50.02570,UNSATISFIABLE,0.09416,0.12923,0.63513,50.66083
seeds,1732,0.1,1.75,1,0,111,2,251,3,1083,18,0.943137212378825,OPTIMUM,0.11319,119.15872,119.29302,OPTIMUM,0.11769,0.18367,0.57861,119.87163
seeds,1732,0.1,1.75,1,1,111,2,251,3,0,0,,OPTIMUM,0.11319,119.15872,119.29302,UNSATISFIABLE,0.09302,0.10491,0.47814,119.77116
seeds,1732,0.1,2.0,1,0,131,4,277,8,1047,18,0.930047306832897,SATISFIABLE,0.11305,900.00959,900.15508,OPTIMUM,0.12651,0.25541,0.67699,900.83207
seeds,1732,0.1,2.0,1,1,131,4,277,8,0,0,,SATISFIABLE,0.11305,900.00959,900.15508,UNSATISFIABLE,0.09419,0.08886,0.49114,900.64622
spam,1732,0.1,0.1,1,0,200,40,183,37,2429,6,0.5358852471615523,SATISFIABLE,10.20070,900.04227,912.19564,SATISFIABLE,9.91237,900.03172,984.48603,1896.68167
spam,1732,0.1,0.25,1,0,406,198,347,199,2430,0,0.21783862312525717,SATISFIABLE,10.43824,900.06598,911.94695,OPTIMUM,10.33239,715.94351,799.67142,1711.6183700000001
spam,1732,0.1,0.25,1,1,406,198,347,199,0,0,,SATISFIABLE,10.43824,900.06598,911.94695,UNSATISFIABLE,10.15293,111.86636,193.39353,1105.34048
spam,1732,0.1,0.5,1,0,936,232,291,841,2429,0,-0.0019885064085227817,SATISFIABLE,10.12472,900.07068,911.63774,OPTIMUM,10.16523,660.78583,710.50320,1622.14094
spam,1732,0.1,0.5,1,1,936,232,291,841,0,0,,SATISFIABLE,10.12472,900.07068,911.63774,UNSATISFIABLE,9.87155,54.06184,103.72266,1015.3604
spam,1732,0.1,0.7,1,0,1211,457,961,591,2432,9,0.34089252206217846,SATISFIABLE,10.26324,900.06799,911.79556,OPTIMUM,9.97688,217.23986,258.22308,1170.01864
spam,1732,0.1,0.7,1,1,1211,457,961,591,0,0,,SATISFIABLE,10.26324,900.06799,911.79556,UNSATISFIABLE,9.77465,74.22447,115.14599,1026.94155
spam,1732,0.1,1.0,1,0,1917,479,1612,593,2429,5,0.5255768034410401,SATISFIABLE,10.31503,900.07903,911.86928,OPTIMUM,10.01786,47.52238,85.94079,997.81007
spam,1732,0.1,1.0,1,1,1917,479,1612,593,0,0,,SATISFIABLE,10.31503,900.07903,911.86928,UNSATISFIABLE,9.73313,15.23465,53.68497,965.55425
spam,1732,0.1,1.5,1,0,2712,889,1316,1984,2429,0,0.15530447941417597,SATISFIABLE,10.10290,900.10321,911.56960,OPTIMUM,10.30638,123.80631,162.09109,1073.6606900000002
spam,1732,0.1,1.5,1,1,2712,889,1316,1984,0,0,,SATISFIABLE,10.10290,900.10321,911.56960,UNSATISFIABLE,9.94022,19.32705,56.75211,968.32171
spam,1732,0.1,1.75,1,0,2988,1213,2321,1529,2432,1,0.3032799210740722,SATISFIABLE,10.47158,900.08474,912.67108,OPTIMUM,10.23760,65.91700,105.12683,1017.79791
spam,1732,0.1,1.75,1,1,2988,1213,2321,1529,0,0,,SATISFIABLE,10.47158,900.08474,912.67108,UNSATISFIABLE,9.96595,14.46488,53.42035,966.09143
spam,1732,0.1,2.0,1,0,3693,1100,2771,1638,2429,6,0.4053302284135235,SATISFIABLE,10.51306,900.11583,912.91617,OPTIMUM,10.24889,78.70295,117.36374,1030.27991
spam,1732,0.1,2.0,1,1,3693,1100,2771,1638,0,0,,SATISFIABLE,10.51306,900.11583,912.91617,UNSATISFIABLE,9.84394,20.98666,59.43752,972.3536899999999
target,1732,0.1,0.25,1,0,97,0,95,0,642,5,0.8658030837988793,OPTIMUM,0.85063,3.27173,4.31488,OPTIMUM,0.81338,12.01066,17.17973,21.494609999999998
target,1732,0.1,0.25,1,1,97,0,95,0,645,13,0.9248310965922847,OPTIMUM,0.85063,3.27173,4.31488,OPTIMUM,0.87475,6.71344,11.80074,16.11562
target,1732,0.1,0.25,1,2,97,0,95,0,650,164,1.0,OPTIMUM,0.85063,3.27173,4.31488,OPTIMUM,0.85150,5.90676,10.95462,15.2695
target,1732,0.1,0.25,1,3,97,0,95,0,0,0,,OPTIMUM,0.85063,3.27173,4.31488,UNSATISFIABLE,1.00083,11.83719,17.03707,21.35195
target,1732,0.1,0.5,1,0,190,0,195,0,646,4,0.9679772766654139,OPTIMUM,0.84428,3.23388,4.25441,OPTIMUM,0.81076,8.86675,13.88360,18.13801
target,1732,0.1,0.5,1,1,190,0,195,0,649,13,0.9975318598764314,OPTIMUM,0.84428,3.23388,4.25441,OPTIMUM,0.89051,3.01916,7.94805,12.20246
target,1732,0.1,0.5,1,2,190,0,195,0,650,164,1.0,OPTIMUM,0.84428,3.23388,4.25441,OPTIMUM,0.85120,5.96400,10.85123,15.10564
target,1732,0.1,0.5,1,3,190,0,195,0,0,0,,OPTIMUM,0.84428,3.23388,4.25441,UNSATISFIABLE,0.85272,5.47678,10.52369,14.7781
target,1732,0.1,0.7,1,0,276,0,263,0,646,4,0.96799759394413,OPTIMUM,0.86356,2.59551,3.64880,OPTIMUM,0.80851,4.49210,9.09340,12.7422
target,1732,0.1,0.7,1,1,276,0,263,0,649,13,0.9975318598764314,OPTIMUM,0.86356,2.59551,3.64880,OPTIMUM,0.84842,3.55647,8.04825,11.697049999999999
target,1732,0.1,0.7,1,2,276,0,263,0,650,164,1.0,OPTIMUM,0.86356,2.59551,3.64880,OPTIMUM,0.85284,5.97544,10.48915,14.13795
target,1732,0.1,0.7,1,3,276,0,263,0,0,0,,OPTIMUM,0.86356,2.59551,3.64880,UNSATISFIABLE,0.84755,5.46810,9.97967,13.62847
target,1732,0.1,1.0,1,0,401,0,369,0,649,0,0.9950768823302037,OPTIMUM,0.85312,2.43546,3.47382,OPTIMUM,0.82598,3.40503,7.86228,11.3361
target,1732,0.1,1.0,1,1,401,0,369,0,650,164,1.0,OPTIMUM,0.85312,2.43546,3.47382,OPTIMUM,0.87886,4.02883,8.34862,11.82244
target,1732,0.1,1.0,1,2,401,0,369,0,0,0,,OPTIMUM,0.85312,2.43546,3.47382,UNSATISFIABLE,0.87795,9.00369,13.32057,16.79439
target,1732,0.1,1.5,1,0,602,0,553,0,649,0,0.9950768823302037,OPTIMUM,0.85716,2.26820,3.41736,OPTIMUM,0.81395,6.76922,10.93035,14.347710000000001
target,1732,0.1,1.5,1,1,602,0,553,0,650,164,1.0,OPTIMUM,0.85716,2.26820,3.41736,OPTIMUM,0.71492,2.74101,6.67290,10.09026
target,1732,0.1,1.5,1,2,602,0,553,0,0,0,,OPTIMUM,0.85716,2.26820,3.41736,UNSATISFIABLE,1.00294,8.89906,13.10255,16.51991
target,1732,0.1,1.75,1,0,686,0,661,0,649,0,0.9926350732910675,OPTIMUM,0.86843,2.47302,3.64465,OPTIMUM,0.80837,2.93488,7.02864,10.67329
target,1732,0.1,1.75,1,1,686,0,661,0,650,164,1.0,OPTIMUM,0.86843,2.47302,3.64465,OPTIMUM,0.70965,2.74840,6.73518,10.37983
target,1732,0.1,1.75,1,2,686,0,661,0,0,0,,OPTIMUM,0.86843,2.47302,3.64465,UNSATISFIABLE,0.69497,5.18793,8.99732,12.64197
target,1732,0.1,2.0,1,0,781,0,759,0,650,164,1.0,OPTIMUM,0.85379,2.39131,3.55745,OPTIMUM,0.82653,2.85893,6.86168,10.41913
target,1732,0.1,2.0,1,1,781,0,759,0,0,0,,OPTIMUM,0.85379,2.39131,3.55745,UNSATISFIABLE,0.71632,5.00699,8.75183,12.30928
