wine,1732,0.1,0.7,1,0,40,0,84,0,1259,11,0.8813525150990196,OPTIMUM,0.11798,0.84914,0.99824,OPTIMUM,0.12445,14.11105,14.46460,15.17183,30.63467
wine,1732,0.1,0.7,1,1,40,0,84,0,1262,71,0.9168182908351047,OPTIMUM,0.11798,0.84914,0.99824,OPTIMUM,0.12721,2.59548,2.95221,9.80071,13.751160000000002
wine,1732,0.1,1.5,1,0,85,0,182,0,1275,71,0.9849561801441341,OPTIMUM,0.11762,0.84476,0.99594,OPTIMUM,0.15778,0.39966,0.67483,1.30149,2.9722600000000003
wine,1732,0.1,1.75,1,0,104,0,207,0,1275,71,1.0,OPTIMUM,0.11646,0.39148,0.54121,OPTIMUM,0.15591,0.43455,0.69764,0.54869,1.7875400000000001
wingnut,1732,0.1,0.1,1,0,55,0,46,0,1094,67,1.0,OPTIMUM,0.19092,0.21654,0.46363,OPTIMUM,0.18784,0.25892,22.47590,22.30274,45.24227
chainlink,1732,0.1,0.1,1,0,52,0,48,0,989,17,0.9330890287485943,OPTIMUM,0.20875,0.78707,1.04327,OPTIMUM,0.20714,1.35383,3.87119,4.72346,9.63792
chainlink,1732,0.1,0.25,1,0,126,0,119,5,989,11,0.9253692972812678,OPTIMUM,0.21066,52.05323,52.32657,OPTIMUM,0.19593,1.06162,3.64234,3.81093,59.77983999999999
chainlink,1732,0.1,0.5,1,0,247,0,245,8,989,11,0.940840787490903,OPTIMUM,0.21191,99.67103,99.94648,OPTIMUM,0.19534,0.64102,3.35649,3.37741,106.68037999999999
chainlink,1732,0.1,0.7,1,0,355,2,333,10,989,11,0.9525284931389837,OPTIMUM,0.21239,327.57253,327.82703,OPTIMUM,0.21349,0.43633,2.89192,2.66782,333.38677
chainlink,1732,0.1,1.0,1,0,501,6,480,13,989,11,0.9564404053483773,OPTIMUM,0.20757,259.21089,259.48066,OPTIMUM,0.21169,0.34216,2.83434,2.73023,265.04523
chainlink,1732,0.1,1.5,1,0,770,9,702,19,989,11,0.9603603263608347,SATISFIABLE,0.21713,900.01539,900.28716,OPTIMUM,0.19698,0.36743,2.86934,2.72800,905.8844999999999
chainlink,1732,0.1,1.75,1,0,891,10,828,21,989,11,0.9603603263608347,OPTIMUM,0.21577,775.00552,775.27664,OPTIMUM,0.19764,0.26563,2.77938,2.75446,780.81048
chainlink,1732,0.1,2.0,1,0,1010,10,958,22,989,11,0.9603603263608347,OPTIMUM,0.21590,255.23892,255.52083,OPTIMUM,0.20996,0.36155,2.93050,2.79758,261.24890999999997
glass,1732,0.1,0.1,1,0,9,0,12,0,1109,1,0.14974594949529096,OPTIMUM,0.34552,1.00889,1.41093,OPTIMUM,0.34540,3.97479,4.59688,4.92580,10.933609999999998
glass,1732,0.1,0.1,1,1,9,0,12,0,1110,2,0.1662128475561938,OPTIMUM,0.34552,1.00889,1.41093,OPTIMUM,0.35414,1.92392,2.54492,2.94607,6.9019200000000005
glass,1732,0.1,0.1,1,2,9,0,12,0,1118,19,0.18258825501363773,OPTIMUM,0.34552,1.00889,1.41093,OPTIMUM,0.30110,2.59670,3.16398,3.94323,8.51814
glass,1732,0.1,0.1,1,3,9,0,12,0,1143,24,0.22215619459696634,OPTIMUM,0.34552,1.00889,1.41093,OPTIMUM,0.30061,11.09791,11.72016,3.89148,17.02257
glass,1732,0.1,0.1,1,4,9,0,12,0,1162,29,0.1877298863209634,OPTIMUM,0.34552,1.00889,1.41093,OPTIMUM,0.35179,5.90377,6.52288,6.25180,14.18561
glass,1732,0.1,0.1,1,5,9,0,12,0,1241,51,0.20399188912570737,OPTIMUM,0.34552,1.00889,1.41093,OPTIMUM,0.35524,2.11825,2.74137,3.25624,7.40854
glass,1732,0.1,0.25,1,0,20,0,33,0,1109,1,0.2183909677496813,OPTIMUM,0.34372,2.21827,2.63560,OPTIMUM,0.34168,40.18074,40.79981,39.97762,83.41302999999999
glass,1732,0.1,0.25,1,1,20,0,33,0,1110,2,0.2067569490653311,OPTIMUM,0.34372,2.21827,2.63560,OPTIMUM,0.35326,16.05394,16.68072,37.51875,56.835069999999995
glass,1732,0.1,0.25,1,2,20,0,33,0,1118,18,0.18413935831829265,OPTIMUM,0.34372,2.21827,2.63560,OPTIMUM,0.29930,40.76394,41.32987,9.55398,53.51945
glass,1732,0.1,0.25,1,3,20,0,33,0,1229,24,0.18318715372416042,OPTIMUM,0.34372,2.21827,2.63560,OPTIMUM,0.30037,9.46519,10.03277,10.79655,23.46492
glass,1732,0.1,0.25,1,4,20,0,33,0,1257,29,0.34155993359444503,OPTIMUM,0.34372,2.21827,2.63560,OPTIMUM,0.34002,9.26246,9.86305,13.20753,25.70618
glass,1732,0.1,0.5,1,0,34,0,73,0,1204,6,0.4669164946219438,OPTIMUM,0.33542,108.78133,109.17944,OPTIMUM,0.35696,5174.04437,5174.67185,5413.12150,10696.97279
glass,1732,0.1,0.5,1,1,34,0,73,0,1373,16,0.3550447821287744,OPTIMUM,0.33542,108.78133,109.17944,OPTIMUM,0.34779,4177.51600,4178.13969,5412.62755,9699.946680000001
glass,1732,0.1,0.5,1,2,34,0,73,0,1434,17,0.4178142408944547,OPTIMUM,0.33542,108.78133,109.17944,OPTIMUM,0.30966,1117.11504,1117.71080,2303.03174,3529.92198
glass,1732,0.1,0.5,1,3,34,0,73,0,1459,11,0.32790672096774187,OPTIMUM,0.33542,108.78133,109.17944,SATISFIABLE,0.30893,5411.95649,5412.54001,1117.28744,6639.00689
glass,1732,0.1,0.5,1,4,34,0,73,0,1369,9,0.41206345521322285,OPTIMUM,0.33542,108.78133,109.17944,SATISFIABLE,0.34209,464.63504,465.24567,5411.75779,5986.1829
glass,1732,0.1,1.0,1,0,47,9,155,3,1475,7,0.40650426045589033,SATISFIABLE,0.34013,900.01398,900.44617,OPTIMUM,0.38267,2694.10183,2694.74529,4184.76203,7779.95349
glass,1732,0.1,1.5,1,0,52,32,232,5,1469,5,0.29774782479315487,SATISFIABLE,0.33890,900.01512,900.44851,OPTIMUM,0.37059,321.43014,322.05559,313.47069,1535.97479
glass,1732,0.1,1.75,1,0,70,26,266,12,1471,6,0.4436581050354399,SATISFIABLE,0.34253,900.01723,900.45414,OPTIMUM,0.31174,249.53890,250.09363,89.73499,1240.28276
glass,1732,0.1,2.0,1,0,69,45,296,18,1477,2,0.26146697496322147,SATISFIABLE,0.35310,900.01321,900.45964,OPTIMUM,0.31509,222.08840,222.64144,323.77158,1446.87266
ionosphere,1732,0.1,0.1,1,0,23,0,12,0,3567,240,0.4472029515800799,OPTIMUM,0.36284,0.42445,0.86486,OPTIMUM,0.42109,4.69081,5.33681,8.43547,14.63714
ionosphere,1732,0.1,0.25,1,0,49,0,36,2,3572,195,0.5290227699173387,SATISFIABLE,0.37637,900.01672,900.47211,OPTIMUM,0.44155,243.34066,244.03579,457.78729,1602.2951899999998
ionosphere,1732,0.1,0.5,1,0,86,9,70,10,3577,99,0.6356845673975949,SATISFIABLE,0.36823,900.01321,900.46441,OPTIMUM,0.45200,31.67863,32.37122,71.36300,1004.1986300000001
ionosphere,1732,0.1,0.7,1,0,121,8,103,13,3577,76,0.6109727317100172,SATISFIABLE,0.36488,900.01542,900.47553,OPTIMUM,0.43759,11.38722,12.07534,8.50576,921.05663
ionosphere,1732,0.1,1.0,1,0,165,11,153,22,3577,99,0.6435030404803704,SATISFIABLE,0.36884,900.01579,900.47050,OPTIMUM,0.44213,11.96418,12.65719,12.63900,925.76669
ionosphere,1732,0.1,1.5,1,0,261,21,201,43,3577,99,0.6623565631122306,SATISFIABLE,0.36192,900.01358,900.46539,OPTIMUM,0.42974,11.29355,12.01140,11.23335,923.7101399999999
ionosphere,1732,0.1,1.75,1,0,309,23,254,28,3577,99,0.7325562023233154,SATISFIABLE,0.36413,900.01603,900.47025,OPTIMUM,0.44084,3.04454,3.76673,11.03630,915.27328
ionosphere,1732,0.1,2.0,1,0,353,30,281,38,3577,99,0.7516711906980513,SATISFIABLE,0.37685,900.01303,900.47960,OPTIMUM,0.43331,10.53855,11.26299,8.44165,920.1842399999999
iris,1732,0.1,0.1,1,0,4,0,11,0,755,36,0.8857921001989628,OPTIMUM,0.05558,0.10028,0.17220,OPTIMUM,0.06540,0.10945,0.81420,0.84273,1.82913
iris,1732,0.1,0.25,1,0,14,0,23,0,755,24,0.851456931395815,OPTIMUM,0.05526,0.05815,0.13029,OPTIMUM,0.06565,0.08745,0.61401,0.65774,1.40204
iris,1732,0.1,0.5,1,0,29,0,46,0,755,23,0.885665306122449,OPTIMUM,0.05462,0.07229,0.14817,OPTIMUM,0.09641,0.08009,0.44338,0.42306,1.01461
iris,1732,0.1,0.7,1,0,37,0,68,0,755,23,0.8857921001989628,OPTIMUM,0.05544,0.11154,0.18287,OPTIMUM,0.09609,0.08436,0.43477,0.40123,1.01887
iris,1732,0.1,1.0,1,0,54,0,96,0,755,15,0.885665306122449,OPTIMUM,0.05711,0.18421,0.25528,OPTIMUM,0.06587,0.10919,0.43688,0.42777,1.1199299999999999
iris,1732,0.1,1.0,1,1,54,0,96,0,854,23,0.9602666666666667,OPTIMUM,0.05711,0.18421,0.25528,OPTIMUM,0.06781,0.08959,0.39485,0.47324,1.12337
iris,1732,0.1,1.5,1,0,77,0,148,0,854,23,0.97993200471804,OPTIMUM,0.05576,0.07803,0.14794,OPTIMUM,0.06472,0.07449,0.36295,0.44736,0.9582499999999999
iris,1732,0.1,1.75,1,0,88,0,174,0,854,23,0.97993200471804,OPTIMUM,0.05875,0.07860,0.15496,OPTIMUM,0.06546,0.08994,0.34115,0.36049,0.8566
iris,1732,0.1,2.0,1,0,108,0,192,0,854,23,0.97993200471804,OPTIMUM,0.05593,0.06773,0.13713,OPTIMUM,0.06550,0.07925,0.28895,0.29204,0.7181200000000001
libras,1732,0.1,0.1,1,0,3,0,33,0,3135,68,0.12293822747795002,OPTIMUM,7.81987,25.72582,34.77554,OPTIMUM,7.90270,96.61992,106.58327,79.79496,221.15377
libras,1732,0.1,0.1,1,1,3,0,33,0,3296,73,0.14056993631137937,OPTIMUM,7.81987,25.72582,34.77554,OPTIMUM,7.87766,77.63372,87.45708,97.56506,219.79768
libras,1732,0.1,0.1,1,2,3,0,33,0,3509,99,0.13680438853949023,OPTIMUM,7.81987,25.72582,34.77554,OPTIMUM,7.70853,76.98783,86.63741,159.41254,280.82549
libras,1732,0.1,0.1,1,3,3,0,33,0,3663,138,0.14642394058144592,OPTIMUM,7.81987,25.72582,34.77554,OPTIMUM,7.60431,94.68491,104.34487,194.67715,333.79756000000003
libras,1732,0.1,0.25,1,0,10,0,80,0,3135,68,0.16501663238669861,OPTIMUM,8.00160,45.32010,54.50915,OPTIMUM,7.80809,158.71541,168.61850,89.55190,312.67955
libras,1732,0.1,0.25,1,1,10,0,80,0,3296,73,0.1353754741937498,OPTIMUM,8.00160,45.32010,54.50915,OPTIMUM,7.60348,349.38763,359.06862,256.79409,670.37186
libras,1732,0.1,0.25,1,2,10,0,80,0,3509,99,0.14838730528084804,OPTIMUM,8.00160,45.32010,54.50915,OPTIMUM,7.54072,178.67928,188.29025,163.14665,405.94605
libras,1732,0.1,0.25,1,3,10,0,80,0,3663,138,0.1315112321210714,OPTIMUM,8.00160,45.32010,54.50915,OPTIMUM,7.62860,409.96575,419.54831,774.12172,1248.17918
libras,1732,0.1,0.5,1,0,14,0,166,0,3593,99,0.15026602370747844,OPTIMUM,7.85774,65.61993,74.70963,OPTIMUM,7.75731,362.94645,372.27358,201.27054,648.2537500000001
libras,1732,0.1,0.5,1,1,14,0,166,0,3663,134,0.11591835749030895,OPTIMUM,7.85774,65.61993,74.70963,OPTIMUM,7.75831,446.71298,456.02528,2630.61804,3161.3529499999995
libras,1732,0.1,0.7,1,0,18,0,233,0,3593,99,0.23298216366319188,OPTIMUM,8.12523,64.40881,73.78224,OPTIMUM,7.85710,579.97927,589.41100,223.50717,886.7004099999999
libras,1732,0.1,0.7,1,1,18,0,233,0,3663,134,0.15597507837735394,OPTIMUM,8.12523,64.40881,73.78224,OPTIMUM,7.81460,963.46292,972.84970,2519.44834,3566.08028
libras,1732,0.1,1.0,1,0,23,0,337,0,3593,99,0.19195421317456227,OPTIMUM,7.94465,83.73297,92.93854,OPTIMUM,7.85251,1831.19220,1840.65743,977.63157,2911.22754
libras,1732,0.1,1.0,1,1,23,0,337,0,3663,130,0.17959103884472474,OPTIMUM,7.94465,83.73297,92.93854,SATISFIABLE,7.65642,5413.85390,5423.13596,2625.89818,8141.97268
lsun,1732,0.1,0.1,1,0,9,0,31,0,733,6,0.6286803047108174,OPTIMUM,0.10335,0.94047,1.07642,OPTIMUM,0.11608,0.51706,5.62780,5.78544,12.48966
lsun,1732,0.1,0.1,1,1,9,0,31,0,734,9,0.6365555814683694,OPTIMUM,0.10335,0.94047,1.07642,OPTIMUM,0.11327,0.56209,5.64240,5.43079,12.14961
lsun,1732,0.1,0.1,1,2,9,0,31,0,745,15,0.6727499821827245,OPTIMUM,0.10335,0.94047,1.07642,OPTIMUM,0.11486,0.65909,5.75523,5.46976,12.30141
lsun,1732,0.1,0.1,1,3,9,0,31,0,758,17,0.6657703933664934,OPTIMUM,0.10335,0.94047,1.07642,OPTIMUM,0.11624,0.77236,5.88074,5.65178,12.60894
lsun,1732,0.1,0.1,1,4,9,0,31,0,846,24,0.805433291523023,OPTIMUM,0.10335,0.94047,1.07642,OPTIMUM,0.11394,1.92849,7.00766,5.99037,14.074449999999999
lsun,1732,0.1,0.1,1,5,9,0,31,0,917,25,0.7777618806878728,OPTIMUM,0.10335,0.94047,1.07642,OPTIMUM,0.11496,2.71690,7.81308,5.79569,14.685189999999999
lsun,1732,0.1,0.1,1,6,9,0,31,0,923,104,1.0,OPTIMUM,0.10335,0.94047,1.07642,OPTIMUM,0.11534,2.84902,7.97025,5.43503,14.4817
lsun,1732,0.1,0.25,1,0,32,0,68,0,880,9,0.9243550742474271,OPTIMUM,0.10277,0.94382,1.08444,OPTIMUM,0.11370,0.23822,1.46157,1.35468,3.90069
lsun,1732,0.1,0.25,1,1,32,0,68,0,901,19,0.93713171969903,OPTIMUM,0.10277,0.94382,1.08444,OPTIMUM,0.10780,0.25062,1.48483,1.62033,4.1896
lsun,1732,0.1,0.25,1,2,32,0,68,0,923,104,1.0,OPTIMUM,0.10277,0.94382,1.08444,OPTIMUM,0.10872,0.33609,1.57070,1.37756,4.0327
lsun,1732,0.1,0.5,1,0,75,0,125,0,903,19,0.9840187674846393,OPTIMUM,0.10613,0.23090,0.37482,OPTIMUM,0.10812,0.15454,0.93438,0.98799,2.29719
lsun,1732,0.1,0.5,1,1,75,0,125,0,923,104,1.0,OPTIMUM,0.10613,0.23090,0.37482,OPTIMUM,0.10759,0.14175,0.90423,1.06209,2.3411399999999998
lsun,1732,0.1,0.7,1,0,100,0,180,0,903,19,0.9760391897814229,OPTIMUM,0.10511,0.27531,0.42209,OPTIMUM,0.10905,0.21521,0.95537,1.21402,2.5914800000000002
lsun,1732,0.1,0.7,1,1,100,0,180,0,923,104,1.0,OPTIMUM,0.10511,0.27531,0.42209,OPTIMUM,0.10803,0.13473,0.87208,1.05480,2.34897
lsun,1732,0.1,1.0,1,0,137,0,263,0,923,104,1.0,OPTIMUM,0.10887,0.21666,0.36733,OPTIMUM,0.11284,0.12676,0.79720,1.10288,2.26741
lsun,1732,0.1,1.5,1,0,211,0,389,0,923,104,1.0,OPTIMUM,0.12358,0.26368,0.42984,OPTIMUM,0.10929,0.13696,0.71103,0.97679,2.11766
lsun,1732,0.1,1.75,1,0,247,0,453,0,923,104,1.0,OPTIMUM,0.10473,0.19474,0.33601,OPTIMUM,0.10780,0.11771,0.67670,0.67930,1.6920099999999998
lsun,1732,0.1,2.0,1,0,285,0,515,0,923,104,1.0,OPTIMUM,0.11231,0.18531,0.33978,OPTIMUM,0.11189,0.10857,0.65253,0.66695,1.6592600000000002
seeds,1732,0.1,0.1,1,0,8,0,13,0,896,46,0.6888392619769235,OPTIMUM,0.11076,0.09193,0.22153,OPTIMUM,0.09825,0.15814,1.25697,1.31153,2.79003
seeds,1732,0.1,0.1,1,1,8,0,13,0,920,67,0.7187488933395766,OPTIMUM,0.11076,0.09193,0.22153,OPTIMUM,0.09237,0.14666,1.24820,1.40323,2.87296
seeds,1732,0.1,0.25,1,0,17,0,35,0,903,30,0.7339261908616742,OPTIMUM,0.12804,0.12617,0.27311,OPTIMUM,0.09482,0.14676,1.21013,1.32620,2.80944
seeds,1732,0.1,0.25,1,1,17,0,35,0,942,46,0.6803723294100981,OPTIMUM,0.12804,0.12617,0.27311,OPTIMUM,0.09329,0.19212,1.26767,1.30334,2.84412
seeds,1732,0.1,0.25,1,2,17,0,35,0,1047,67,0.7669347856389798,OPTIMUM,0.12804,0.12617,0.27311,OPTIMUM,0.09394,0.18418,1.24724,1.24972,2.7700699999999996
seeds,1732,0.1,0.5,1,0,38,0,67,0,1083,18,0.8223224419532432,OPTIMUM,0.11300,0.90380,1.04425,OPTIMUM,0.09239,0.20280,0.85452,1.34405,3.24282
seeds,1732,0.1,0.5,1,1,38,0,67,0,1490,19,0.7957951095938713,OPTIMUM,0.11300,0.90380,1.04425,OPTIMUM,0.13249,1.04976,1.74194,1.86287,4.64906
seeds,1732,0.1,0.7,1,0,45,0,101,1,1083,8,0.851081912998861,OPTIMUM,0.11242,4.38126,4.51875,OPTIMUM,0.09578,0.39697,1.05413,1.47705,7.04993
seeds,1732,0.1,1.0,1,0,68,0,141,1,1083,8,0.8641378753346322,OPTIMUM,0.11738,2.42211,2.56574,OPTIMUM,0.09259,0.37617,0.94445,1.13750,4.64769
seeds,1732,0.1,1.5,1,0,97,2,214,2,1083,18,0.9157359415323892,OPTIMUM,0.11776,49.80864,49.95796,OPTIMUM,0.09277,0.19137,0.68566,0.86883,51.51245
seeds,1732,0.1,1.75,1,0,111,2,251,3,1083,18,0.943137212378825,OPTIMUM,0.11286,118.19477,118.33771,OPTIMUM,0.09443,0.17827,0.53572,0.55399,119.42742
seeds,1732,0.1,2.0,1,0,131,4,277,8,1047,18,0.9166601357542563,SATISFIABLE,0.11513,900.01481,900.15811,OPTIMUM,0.09294,0.12827,0.50791,0.55601,901.22203
spam,1732,0.1,0.1,1,0,200,40,183,37,2429,6,0.5327261808423336,SATISFIABLE,10.28232,900.05227,912.45993,OPTIMUM,9.67231,229.44544,315.24567,396.19413,1623.8997299999999
spam,1732,0.1,0.25,1,0,406,198,347,199,2430,0,0.21783862312525717,SATISFIABLE,10.58858,900.05112,912.81931,OPTIMUM,10.06541,366.38206,449.76806,491.21928,1853.80665
spam,1732,0.1,0.5,1,0,936,232,291,841,2429,0,-0.0021927362665106966,SATISFIABLE,10.52738,900.05236,912.77956,OPTIMUM,9.84216,132.93753,182.56299,288.89750,1384.2400499999999
spam,1732,0.1,0.7,1,0,1211,457,961,591,2432,9,0.34091049265153367,SATISFIABLE,10.16785,900.05603,912.40877,OPTIMUM,9.68586,183.47348,224.05387,208.59275,1345.05539
spam,1732,0.1,1.0,1,0,1638,758,1504,701,2430,0,0.36338129553370196,SATISFIABLE,10.26788,900.06400,912.57129,OPTIMUM,9.87606,74.73677,112.52844,161.50846,1186.60819
spam,1732,0.1,1.5,1,0,2712,889,1316,1984,2429,0,0.15530447941417597,SATISFIABLE,10.40596,900.08036,912.73644,OPTIMUM,9.66743,133.32504,170.88404,153.56543,1237.18591
spam,1732,0.1,1.75,1,0,2988,1213,2321,1529,2432,1,0.3032799210740722,SATISFIABLE,10.31321,900.08305,912.63942,OPTIMUM,9.92827,58.99370,97.65852,120.88174,1131.17968
spam,1732,0.1,2.0,1,0,3693,1100,2771,1638,2429,6,0.4053302284135235,SATISFIABLE,10.10318,900.09502,912.51042,OPTIMUM,9.68393,72.83018,110.94496,122.40666,1145.86204
target,1732,0.1,0.1,1,0,34,0,43,0,632,13,0.604836448896401,OPTIMUM,0.80391,10.88625,11.97501,OPTIMUM,0.87066,1.13218,6.33567,7.97274,26.28342
target,1732,0.1,0.1,1,1,34,0,43,0,639,15,0.7699336177531739,OPTIMUM,0.80391,10.88625,11.97501,OPTIMUM,0.69610,1.41806,6.56712,9.18358,27.725709999999996
target,1732,0.1,0.1,1,2,34,0,43,0,642,17,0.7879866751621281,OPTIMUM,0.80391,10.88625,11.97501,OPTIMUM,0.85873,1.75992,7.05090,8.91031,27.93622
target,1732,0.1,0.1,1,3,34,0,43,0,643,18,0.7845944419537733,OPTIMUM,0.80391,10.88625,11.97501,OPTIMUM,0.84296,2.10308,7.23901,9.15836,28.37238
target,1732,0.1,0.1,1,4,34,0,43,0,644,21,0.8993232129644452,OPTIMUM,0.80391,10.88625,11.97501,OPTIMUM,0.84257,0.98561,6.12664,9.01619,27.11784
target,1732,0.1,0.1,1,5,34,0,43,0,646,26,0.948038206810502,OPTIMUM,0.80391,10.88625,11.97501,OPTIMUM,0.81868,1.01543,6.30881,8.66174,26.94556
target,1732,0.1,0.1,1,6,34,0,43,0,650,164,1.0,OPTIMUM,0.80391,10.88625,11.97501,OPTIMUM,0.83185,0.98316,6.09075,11.05114,29.1169
target,1732,0.1,0.25,1,0,97,0,95,0,642,5,0.8766042312584884,OPTIMUM,0.82987,3.23929,4.35621,OPTIMUM,0.87786,3.19120,8.28705,12.56048,25.20374
target,1732,0.1,0.25,1,1,97,0,95,0,645,13,0.9526903878910588,OPTIMUM,0.82987,3.23929,4.35621,OPTIMUM,0.98947,1.78205,7.03638,9.11757,20.510160000000003
target,1732,0.1,0.25,1,2,97,0,95,0,650,164,1.0,OPTIMUM,0.82987,3.23929,4.35621,OPTIMUM,0.84665,0.79777,6.05160,10.97426,21.38207
target,1732,0.1,0.5,1,0,190,0,195,0,646,4,0.9529382367696986,OPTIMUM,0.81356,3.18316,4.28868,OPTIMUM,0.86770,2.01813,6.91223,8.70815,19.90906
target,1732,0.1,0.5,1,1,190,0,195,0,649,13,0.9950701187919228,OPTIMUM,0.81356,3.18316,4.28868,OPTIMUM,0.85104,1.07570,6.14629,7.45338,17.88835
target,1732,0.1,0.5,1,2,190,0,195,0,650,164,1.0,OPTIMUM,0.81356,3.18316,4.28868,OPTIMUM,0.84530,0.80140,5.67832,10.81256,20.77956
target,1732,0.1,0.7,1,0,276,0,263,0,646,4,0.9727578507192765,OPTIMUM,0.82606,2.59408,3.71071,OPTIMUM,0.85397,0.99929,5.48346,8.80962,18.003790000000002
target,1732,0.1,0.7,1,1,276,0,263,0,649,13,0.9950701187919228,OPTIMUM,0.82606,2.59408,3.71071,OPTIMUM,0.84595,0.92044,5.38838,7.68092,16.78001
target,1732,0.1,0.7,1,2,276,0,263,0,650,164,1.0,OPTIMUM,0.82606,2.59408,3.71071,OPTIMUM,0.84552,0.77390,5.23148,13.61151,22.553700000000003
target,1732,0.1,1.0,1,0,401,0,369,0,649,0,0.9829184179506909,OPTIMUM,0.82025,2.46795,3.57385,OPTIMUM,0.84643,1.13716,5.40833,8.11297,17.09515
target,1732,0.1,1.0,1,1,401,0,369,0,650,164,1.0,OPTIMUM,0.82025,2.46795,3.57385,OPTIMUM,0.85430,0.81704,5.13430,7.84035,16.5485
target,1732,0.1,1.5,1,0,602,0,553,0,649,0,0.9926350732910675,OPTIMUM,0.82968,2.26723,3.38719,OPTIMUM,0.70228,0.74295,4.65313,10.80300,18.843320000000002
target,1732,0.1,1.5,1,1,602,0,553,0,650,164,1.0,OPTIMUM,0.82968,2.26723,3.38719,OPTIMUM,0.85934,0.83011,4.96515,6.87496,15.2273
target,1732,0.1,1.75,1,0,686,0,661,0,649,0,0.9877503851927081,OPTIMUM,0.83825,2.49823,3.63369,OPTIMUM,0.69780,0.71161,4.66980,7.21078,15.51427
target,1732,0.1,1.75,1,1,686,0,661,0,650,164,1.0,OPTIMUM,0.83825,2.49823,3.63369,OPTIMUM,0.97081,0.70297,4.77861,6.68805,15.100349999999999
target,1732,0.1,2.0,1,0,781,0,759,0,650,164,1.0,OPTIMUM,0.85717,2.38283,3.53758,OPTIMUM,0.69697,0.71607,4.43585,6.81739,14.79082
wine,1732,0.1,0.1,1,0,7,0,10,0,1178,71,0.799298044238133,OPTIMUM,0.11483,0.15493,0.30157,OPTIMUM,0.12589,0.12921,0.49199,0.61403,1.40759
wine,1732,0.1,0.25,1,0,15,0,29,0,1178,71,0.8808384881472108,OPTIMUM,0.11663,0.62192,0.77208,OPTIMUM,0.12518,0.42270,0.79514,1.11636,2.68358
wine,1732,0.1,0.5,1,0,32,0,57,0,1178,71,0.804078926225507,OPTIMUM,0.11570,0.53886,0.67767,OPTIMUM,0.12612,0.47241,0.83002,1.14094,2.64863
wine,1732,0.1,1.0,1,0,60,0,118,0,1272,47,0.9485364524046159,OPTIMUM,0.11584,0.71229,0.85572,OPTIMUM,0.15940,2.68588,2.96745,9.21380,13.03697
wine,1732,0.1,1.0,1,1,60,0,118,0,1274,71,0.9832438583647054,OPTIMUM,0.11584,0.71229,0.85572,OPTIMUM,0.12811,1.05950,1.29991,1.94483,4.10046
wine,1732,0.1,2.0,1,0,123,0,233,0,1275,71,0.9849561801441341,OPTIMUM,0.11605,0.27057,0.41885,OPTIMUM,0.15558,0.64906,0.91821,0.51134,1.8484
wingnut,1732,0.1,0.25,1,0,134,0,120,0,1094,67,1.0,OPTIMUM,0.19265,0.18971,0.43848,OPTIMUM,0.17798,0.16808,4.53310,4.90116,9.87274
wingnut,1732,0.1,0.5,1,0,258,0,250,0,1094,67,1.0,OPTIMUM,0.19937,0.18214,0.43729,OPTIMUM,0.18711,0.16697,4.63997,5.16657,10.243829999999999
wingnut,1732,0.1,0.7,1,0,360,0,351,0,1094,67,1.0,OPTIMUM,0.19803,0.17232,0.42527,OPTIMUM,0.42705,0.15901,2.99050,2.80029,6.21606
wingnut,1732,0.1,1.0,1,0,526,0,490,0,1094,67,1.0,OPTIMUM,0.20280,0.16388,0.42489,OPTIMUM,0.42048,0.15290,2.47356,2.28924,5.18769
wingnut,1732,0.1,1.5,1,0,802,0,722,0,1094,67,1.0,OPTIMUM,0.19755,0.15362,0.40720,OPTIMUM,0.17786,0.15521,1.99617,2.02402,4.42739
wingnut,1732,0.1,1.75,1,0,938,0,840,0,1094,67,1.0,OPTIMUM,0.19934,0.16033,0.41836,OPTIMUM,0.17806,0.14833,1.85854,1.89960,4.1765
wingnut,1732,0.1,2.0,1,0,1072,0,960,0,1094,67,1.0,OPTIMUM,0.20038,0.15350,0.40921,OPTIMUM,0.18073,0.15043,1.88525,1.91024,4.2047
