chainlink,3556,0.1,0.7,1,989,11,OPTIMUM,0.22039,0.40189,3.02707,OPTIMUM,0.20837,0.44651,3.07162,316.65033999999997
glass,3556,0.1,0.7,1,1343,9,SATISFIABLE,0.32977,900.02161,900.58675,SATISFIABLE,0.34733,900.01859,900.60018,1854.4347400000001
ionosphere,3556,0.1,0.7,1,3577,99,OPTIMUM,0.38009,21.88204,22.52834,OPTIMUM,0.42715,10.53958,11.24452,934.2499399999999
iris,3556,0.1,0.7,1,755,23,OPTIMUM,0.06027,0.15109,0.55161,OPTIMUM,0.09433,0.21900,0.64544,1.3365200000000002
libras,3556,0.1,0.7,1,0,131,UNKNOWN,7.78989,900.03671,909.62751,SATISFIABLE,7.88774,900.03252,909.73418,1927.27335
lsun,3556,0.1,0.7,1,917,104,OPTIMUM,0.10341,0.26114,0.81981,OPTIMUM,0.10787,0.94697,1.51223,2.74352
seeds,3556,0.1,0.7,1,1083,20,OPTIMUM,0.11683,0.76230,1.86081,OPTIMUM,0.09603,1.22349,2.30179,4.706160000000001
spam,3556,0.1,0.7,1,2432,17,OPTIMUM,10.02519,166.17762,204.62551,OPTIMUM,9.80626,243.77866,282.17689,1399.31657
target,3556,0.1,0.7,1,648,164,OPTIMUM,0.85810,11.20435,15.96066,OPTIMUM,0.89365,11.22901,15.85012,35.901939999999996
wine,3556,0.1,0.7,1,1179,71,OPTIMUM,0.12231,1.13522,1.37122,OPTIMUM,0.15973,0.44399,0.72139,2.97549
wingnut,3556,0.1,0.7,1,1094,67,OPTIMUM,0.19931,0.22646,4.55910,OPTIMUM,0.18393,0.45140,4.53051,9.522849999999998
chainlink,3556,0.1,1.0,1,989,3,OPTIMUM,0.21320,0.24517,2.85495,OPTIMUM,0.19793,0.37923,2.97086,501.75162
glass,3556,0.1,1.0,1,1479,10,SATISFIABLE,0.34368,900.01534,900.54873,OPTIMUM,0.31471,509.20080,509.74429,2310.72324
ionosphere,3556,0.1,1.0,1,3577,99,OPTIMUM,0.38814,11.78107,12.45237,OPTIMUM,0.43375,4.21039,4.93129,917.86261
iris,3556,0.1,1.0,1,854,23,OPTIMUM,0.05887,0.13799,0.51319,OPTIMUM,0.09325,0.14833,0.56116,1.25428
libras,3556,0.1,1.0,1,0,0,UNKNOWN,7.99197,900.03927,909.78299,UNKNOWN,7.95392,900.02494,909.76316,1991.18037
lsun,3556,0.1,1.0,1,923,104,OPTIMUM,0.10481,0.66874,1.21562,OPTIMUM,0.10917,0.89695,1.44846,3.0284
seeds,3556,0.1,1.0,1,1058,18,OPTIMUM,0.11818,0.46671,1.25249,OPTIMUM,0.09485,0.73611,1.49549,4.61705
spam,3556,0.1,1.0,1,2432,0,OPTIMUM,10.13186,122.02177,160.53261,OPTIMUM,9.76191,123.93812,162.28671,1235.38705
target,3556,0.1,1.0,1,649,164,OPTIMUM,0.79674,9.01191,13.55876,OPTIMUM,0.85793,3.29696,7.72346,24.94125
wine,3556,0.1,1.0,1,1275,71,OPTIMUM,0.12744,3.68942,3.92104,OPTIMUM,0.15825,0.54390,0.80478,5.37266
wingnut,3556,0.1,1.0,1,1094,67,OPTIMUM,0.19272,0.15704,2.26461,OPTIMUM,0.42462,0.15298,2.48425,5.1674999999999995
chainlink,3556,0.1,1.5,1,989,11,OPTIMUM,0.21008,0.20210,2.68254,OPTIMUM,0.19513,0.30712,2.75914,905.72537
glass,3556,0.1,1.5,1,1481,3,OPTIMUM,0.33486,223.68863,224.22714,OPTIMUM,0.31423,172.70822,173.27038,1297.9641
ionosphere,3556,0.1,1.5,1,3577,83,OPTIMUM,0.37852,9.15348,9.81572,OPTIMUM,0.42015,3.48708,4.19073,914.4983800000001
iris,3556,0.1,1.5,1,854,23,OPTIMUM,0.06011,0.09501,0.35144,OPTIMUM,0.06534,0.08200,0.35292,1.04448
libras,3556,0.1,1.5,1,0,0,UNKNOWN,7.71182,900.03901,909.64461,UNKNOWN,7.71530,900.05711,909.63540,2728.17591
lsun,3556,0.1,1.5,1,923,104,OPTIMUM,0.10570,0.12425,0.65462,OPTIMUM,0.11010,0.11942,0.64976,1.70194
seeds,3556,0.1,1.5,1,1058,20,OPTIMUM,0.12082,0.23921,0.80109,OPTIMUM,0.09358,0.23971,0.76893,37.53818
spam,3556,0.1,1.5,1,2432,0,OPTIMUM,10.04015,99.07233,137.21741,OPTIMUM,9.71859,153.46624,191.57516,1241.4075400000002
target,3556,0.1,1.5,1,649,164,OPTIMUM,0.80706,2.74562,6.98118,OPTIMUM,0.69751,6.98135,11.12787,21.923569999999998
wine,3556,0.1,1.5,1,1275,71,OPTIMUM,0.13334,0.97023,1.21895,OPTIMUM,0.18798,0.52896,0.83693,2.5833
wingnut,3556,0.1,1.5,1,1094,67,OPTIMUM,0.19780,0.14997,1.98760,OPTIMUM,0.18033,0.14700,1.95721,4.37412
chainlink,3556,0.1,1.75,1,989,11,OPTIMUM,0.21673,0.20083,2.70762,OPTIMUM,0.20387,0.29267,2.78321,905.79357
glass,3556,0.1,1.75,1,1479,3,OPTIMUM,0.32469,41.25488,41.78232,OPTIMUM,0.30666,63.06772,63.62577,1005.84483
ionosphere,3556,0.1,1.75,1,3575,28,OPTIMUM,0.37965,2.69751,3.36901,OPTIMUM,0.42513,5.22135,5.96173,909.80869
iris,3556,0.1,1.75,1,854,23,OPTIMUM,0.06114,0.09766,0.32468,OPTIMUM,0.06610,0.09444,0.32386,1.17197
libras,3556,0.1,1.75,1,0,0,UNKNOWN,7.84469,900.03889,909.73039,UNKNOWN,8.03919,900.02820,909.95552,2459.96807
lsun,3556,0.1,1.75,1,923,104,OPTIMUM,0.10425,0.13054,0.65550,OPTIMUM,0.10824,0.11729,0.64640,1.6861899999999999
seeds,3556,0.1,1.75,1,1058,20,OPTIMUM,0.12067,0.21108,0.71804,OPTIMUM,0.09536,0.20099,0.68013,22.766499999999997
spam,3556,0.1,1.75,1,2432,8,OPTIMUM,10.28506,53.73982,90.83571,OPTIMUM,10.08655,59.72428,96.74847,1100.05808
target,3556,0.1,1.75,1,649,164,OPTIMUM,0.81366,2.77525,6.84363,OPTIMUM,0.70199,2.98883,6.79605,17.07152
wine,3556,0.1,1.75,1,1275,71,OPTIMUM,0.12073,0.34927,0.57886,OPTIMUM,0.15737,0.27476,0.53557,1.7141700000000002
wingnut,3556,0.1,1.75,1,1094,67,OPTIMUM,0.20197,0.14808,1.96103,OPTIMUM,0.18247,0.14515,1.93459,4.31968
chainlink,3556,0.1,2.0,1,989,11,OPTIMUM,0.21573,0.18327,2.71121,OPTIMUM,0.19790,0.31411,2.81505,905.8260600000001
glass,3556,0.1,2.0,1,1474,11,OPTIMUM,0.32971,25.74318,26.25840,OPTIMUM,0.30808,28.73275,29.26769,955.9730400000001
ionosphere,3556,0.1,2.0,1,3577,99,OPTIMUM,0.38156,3.90468,4.59396,OPTIMUM,0.42368,3.15386,3.87864,908.95734
iris,3556,0.1,2.0,1,854,23,OPTIMUM,0.06222,0.10568,0.28379,OPTIMUM,0.06688,0.07112,0.25570,0.99363
libras,3556,0.1,2.0,1,0,0,UNKNOWN,7.64117,900.02010,909.74941,UNKNOWN,7.63389,900.04061,909.77685,2728.75626
lsun,3556,0.1,2.0,1,923,104,OPTIMUM,0.10595,0.12099,0.65028,OPTIMUM,0.11012,0.12050,0.65229,1.6379000000000001
seeds,3556,0.1,2.0,1,1058,20,OPTIMUM,0.11830,0.18159,0.55792,OPTIMUM,0.09389,0.17739,0.53260,48.020430000000005
spam,3556,0.1,2.0,1,2429,3,OPTIMUM,9.91423,74.77114,113.55943,OPTIMUM,9.68419,95.90437,134.62875,1160.59193
target,3556,0.1,2.0,1,649,164,OPTIMUM,0.80597,10.32248,14.33513,OPTIMUM,0.71629,6.61221,10.36783,28.184919999999998
wine,3556,0.1,2.0,1,1275,71,OPTIMUM,0.11975,0.38790,0.62409,OPTIMUM,0.15770,0.25425,0.52993,1.59905
wingnut,3556,0.1,2.0,1,1094,67,OPTIMUM,0.19856,0.15587,1.94593,OPTIMUM,0.18089,0.15001,1.91499,4.28528
chainlink,3556,0.1,0.1,1,989,4,OPTIMUM,0.21237,2.30124,12.61072,OPTIMUM,0.20034,4.34074,14.38663,28.64054
glass,3556,0.1,0.1,1,1069,30,OPTIMUM,0.32984,2.95749,3.62959,OPTIMUM,0.35855,4.20475,4.91458,11.89356
ionosphere,3556,0.1,0.1,1,3554,502,OPTIMUM,0.45925,1.03892,1.80465,OPTIMUM,0.47351,6.52695,7.30224,19.136770000000002
iris,3556,0.1,0.1,1,755,33,OPTIMUM,0.05988,0.36767,1.45230,OPTIMUM,0.06814,0.33309,1.37816,3.00873
libras,3556,0.1,0.1,1,2418,280,SATISFIABLE,7.80503,900.03905,945.59908,OPTIMUM,7.72790,191.03132,236.62473,1216.472
lsun,3556,0.1,0.1,1,854,104,OPTIMUM,0.10842,0.37221,4.70945,OPTIMUM,0.11467,2.77265,7.12456,12.93592
seeds,3556,0.1,0.1,1,896,67,OPTIMUM,0.12265,0.35112,2.91749,OPTIMUM,0.09673,1.88879,4.49500,7.635260000000001
spam,3556,0.1,0.1,1,2408,5,OPTIMUM,9.99818,302.97981,368.17820,OPTIMUM,9.79240,668.73140,734.85210,2015.6387
target,3556,0.1,0.1,1,624,164,OPTIMUM,0.82043,15.44540,23.21054,OPTIMUM,0.88541,12.99855,20.78240,48.28587
wine,3556,0.1,0.1,1,1178,71,OPTIMUM,0.11971,0.51521,3.21305,OPTIMUM,0.12687,0.47896,3.21750,6.731809999999999
wingnut,3556,0.1,0.1,1,1094,67,OPTIMUM,0.20033,0.62335,21.63258,OPTIMUM,0.18544,2.02432,23.18683,45.27152
chainlink,3556,0.1,0.25,1,989,4,OPTIMUM,0.21480,0.90099,3.42438,OPTIMUM,0.20147,1.57569,4.09176,22.39383
glass,3556,0.1,0.25,1,1070,30,OPTIMUM,0.34727,22.78460,23.48357,OPTIMUM,0.37251,4.46821,5.19184,29.58885
ionosphere,3556,0.1,0.25,1,3565,131,OPTIMUM,0.38814,360.26253,360.98600,OPTIMUM,0.38688,166.11603,166.78745,560.46796
iris,3556,0.1,0.25,1,755,28,OPTIMUM,0.06092,0.11295,0.58600,OPTIMUM,0.06541,0.26883,0.71760,1.46362
libras,3556,0.1,0.25,1,2218,187,SATISFIABLE,8.18467,900.02302,931.77184,OPTIMUM,7.63692,170.55036,201.61188,1186.49076
lsun,3556,0.1,0.25,1,854,104,OPTIMUM,0.10717,1.28400,2.99224,OPTIMUM,0.16581,1.63963,3.41505,7.40942
seeds,3556,0.1,0.25,1,971,60,OPTIMUM,0.12381,0.47081,1.72083,OPTIMUM,0.10114,0.81442,2.10477,4.20851
spam,3556,0.1,0.25,1,2432,6,OPTIMUM,10.05251,335.92173,376.30512,OPTIMUM,9.80251,250.28548,290.38547,1578.9837599999998
target,3556,0.1,0.25,1,643,164,OPTIMUM,0.79762,6.53664,11.71525,OPTIMUM,0.88618,3.57955,8.46243,24.513839999999995
wine,3556,0.1,0.25,1,1178,71,OPTIMUM,0.12497,0.57040,1.80637,OPTIMUM,0.12611,0.47124,1.67791,3.98576
wingnut,3556,0.1,0.25,1,1094,67,OPTIMUM,0.19806,0.20701,5.59424,OPTIMUM,0.18259,0.42172,5.52783,11.57793
chainlink,3556,0.1,0.5,1,989,4,OPTIMUM,0.20555,0.94295,3.51398,OPTIMUM,0.19315,0.69630,3.25006,60.443859999999994
glass,3556,0.1,0.5,1,1198,21,SATISFIABLE,0.34035,900.01747,900.70458,OPTIMUM,0.37974,382.22795,382.95401,1308.71249
ionosphere,3556,0.1,0.5,1,3573,99,OPTIMUM,0.37318,93.65831,94.30795,OPTIMUM,0.43789,95.40623,96.11631,1090.8919799999999
iris,3556,0.1,0.5,1,755,23,OPTIMUM,0.06143,0.08505,0.50957,OPTIMUM,0.09365,0.13363,0.59326,1.25867
libras,3556,0.1,0.5,1,2560,138,SATISFIABLE,8.11732,900.02260,915.20323,OPTIMUM,7.89467,256.42196,271.41119,1259.92553
lsun,3556,0.1,0.5,1,917,104,OPTIMUM,0.11165,0.81088,1.37296,OPTIMUM,0.11620,0.92108,1.48839,3.2707800000000002
seeds,3556,0.1,0.5,1,1013,21,OPTIMUM,0.11776,0.87032,2.05142,OPTIMUM,0.09389,2.23910,3.39692,6.08736
spam,3556,0.1,0.5,1,2432,11,OPTIMUM,10.04896,170.96524,208.83404,OPTIMUM,9.64805,181.94887,219.44130,1340.85607
target,3556,0.1,0.5,1,646,164,OPTIMUM,0.81022,4.93351,9.95351,OPTIMUM,0.86381,3.05445,7.93700,22.29514
wine,3556,0.1,0.5,1,1178,71,OPTIMUM,0.12253,0.56500,0.96410,OPTIMUM,0.12702,0.46061,0.83658,2.77974
wingnut,3556,0.1,0.5,1,1094,67,OPTIMUM,0.19721,0.20823,4.69997,OPTIMUM,0.18037,0.37019,4.58132,9.70953
