chainlink,1732,0.1,0.0,1,928,4,39,39,OPTIMUM,2.43935,OPTIMUM,25.71669,28.15604
glass,1732,0.1,0.0,1,969,76,534,534,OPTIMUM,7.31717,OPTIMUM,5.92380,13.24097
ionosphere,1732,0.1,0.0,1,3554,81,2370,2370,OPTIMUM,10.17327,OPTIMUM,2.04882,12.222090000000001
iris,1732,0.1,0.0,1,726,7,153,153,OPTIMUM,0.54237,OPTIMUM,1.12629,1.66866
lsun,1732,0.1,0.0,1,619,21,104,104,OPTIMUM,3.05478,OPTIMUM,13.24901,16.30379
seeds,1732,0.1,0.0,1,896,20,208,208,OPTIMUM,1.42296,OPTIMUM,3.87927,5.30223
target,1732,0.1,0.0,1,488,2,164,164,OPTIMUM,7.15034,OPTIMUM,17.75479,24.90513
wine,1732,0.1,0.0,1,1178,0,387,387,OPTIMUM,0.75057,OPTIMUM,0.71634,1.46691
wingnut,1732,0.1,0.0,1,1094,1,67,67,OPTIMUM,2.77798,OPTIMUM,25.97743,28.755409999999998
libras,1732,0.1,0.0,1,,,,,,900.04706,,108.95504,1009.0020999999999
spam,1732,0.1,0.0,1,2316,250,1355,1355,OPTIMUM,46.65875,OPTIMUM,83.57792,130.23667
