num branch_node: 7
num leaf_node: 8
num feature: 57
tree_depth: 3
num label: 2
nDC: 2432

***variables
a: 1 - 399 -> 399
s: 400 - 32606 -> 32207
z: 32607 - 69414 -> 36808
g: 69415 - 69430 -> 16
x: 69431 - 78632 -> 9202
ml: 78633 - 81100 -> 2468
cl: 81101 - 83233 -> 2133

variables***
[debug] --> CL ML ratio 1
the cl header --> p wcnf 83233 3812171 4602

timeout 900s ~/SAT_Project/loandra-master/loandra_static -pmreslin-cglim=30 -weight-strategy=1 -print-model -verbosity=1 ./solutions/spam_0.1_mc1.0_s2352_r1/phase_1_clauses_final >./solutions/spam_0.1_mc1.0_s2352_r1/phase_1_loandra_res

Start to read loandra res
*loandra status: SATISFIABLE
-ml sat and violated: 1858 | 610  | total #ml: 2468 | -violated weight: 610
0 -- [2185 3952]
9 -- [960 393]
13 -- [1687  568]
14 -- [1654 1511]
15 -- [1508 1032]
18 -- [1809  255]
22 -- [3322 2514]
24 -- [3206 3986]
30 -- [3543 4404]
31 -- [599 664]
36 -- [2110 2490]
39 -- [4336 2693]
43 -- [3912 2113]
51 -- [1384  610]
59 -- [842 867]
72 -- [3064 3685]
75 -- [1851 2663]
79 -- [645 685]
81 -- [1052 1750]
89 -- [3454 3928]
90 -- [619 407]
91 -- [251 270]
104 -- [3164 4271]
105 -- [3361 4384]
108 -- [2874 3097]
109 -- [1230  305]
112 -- [3246 1818]
113 -- [ 750 1594]
118 -- [ 418 1314]
132 -- [2685 4483]
134 -- [ 490 1020]
136 -- [4097 4430]
139 -- [ 929 1714]
155 -- [2997 1920]
156 -- [3108 2135]
157 -- [  57 1229]
161 -- [1601 1048]
162 -- [ 549 1040]
165 -- [2016 4514]
172 -- [1005  163]
177 -- [1760  233]
178 -- [3595 3850]
180 -- [1914 4536]
183 -- [2959 2119]
184 -- [  67 1748]
185 -- [1647  899]
187 -- [3050 4215]
190 -- [505 346]
192 -- [ 371 1558]
194 -- [1082  756]
201 -- [  57 1025]
205 -- [3197 2871]
207 -- [ 152 1226]
210 -- [1505 1323]
213 -- [294 742]
216 -- [3402 2184]
217 -- [1776   26]
219 -- [1723  116]
221 -- [ 391 1704]
223 -- [3918 4443]
224 -- [2760 3701]
229 -- [ 516 1017]
244 -- [4288 2631]
253 -- [3989 3260]
257 -- [3307 4426]
261 -- [3356 2256]
262 -- [ 463 1168]
264 -- [4182 3899]
265 -- [2681 2345]
268 -- [4326 2039]
274 -- [4508 2014]
275 -- [2838 2416]
278 -- [2965 2110]
284 -- [2680 2838]
287 -- [2834 3748]
290 -- [ 133 1094]
292 -- [2040 3939]
296 -- [ 444 1293]
301 -- [2827 4435]
303 -- [552 269]
305 -- [1299 1224]
307 -- [4338 4079]
309 -- [1227 1292]
315 -- [1559 1561]
320 -- [2528 1872]
330 -- [1640 1578]
335 -- [4139 2843]
336 -- [873 588]
337 -- [4445 2323]
340 -- [3241 4010]
342 -- [1526    8]
349 -- [781 429]
352 -- [ 399 1788]
353 -- [463 969]
362 -- [ 352 1560]
364 -- [2581 3108]
369 -- [3526 3593]
370 -- [2189 3299]
374 -- [3187 4245]
380 -- [1194 1622]
384 -- [1467 1735]
386 -- [1351  993]
394 -- [3143 2997]
395 -- [2144 2304]
401 -- [220 376]
406 -- [3293 4061]
412 -- [3108 3191]
413 -- [4318 3552]
414 -- [803 209]
416 -- [1390  759]
420 -- [1542  855]
426 -- [ 74 845]
429 -- [4173 3185]
434 -- [611 634]
435 -- [2804 3738]
436 -- [1213 1178]
437 -- [ 324 1759]
439 -- [1803 1721]
441 -- [3544 2362]
454 -- [1428  331]
462 -- [ 299 1467]
468 -- [ 412 1205]
470 -- [ 480 1178]
473 -- [1914 2042]
482 -- [1623  178]
485 -- [ 68 227]
488 -- [3985 3206]
489 -- [1469  390]
491 -- [1641 1481]
493 -- [4118 2403]
500 -- [ 943 1781]
502 -- [3555 2877]
504 -- [1208 1183]
510 -- [3428 2963]
511 -- [3182 3508]
512 -- [1182  132]
513 -- [1745 1685]
517 -- [2461 1898]
518 -- [4443 3778]
521 -- [403 525]
532 -- [1622  744]
533 -- [531 916]
542 -- [3701 3250]
544 -- [1051  874]
545 -- [2382 4341]
547 -- [1189  428]
550 -- [4182 2575]
551 -- [665 511]
556 -- [4441 3540]
561 -- [931 805]
567 -- [ 36 694]
571 -- [1610 1502]
593 -- [1951 3156]
599 -- [2305 4470]
604 -- [3289 4076]
606 -- [ 914 1443]
622 -- [2715 3989]
624 -- [241 781]
628 -- [ 719 1545]
634 -- [1488 1005]
641 -- [ 634 1687]
643 -- [2990 2289]
644 -- [1734 1716]
645 -- [693 152]
652 -- [3053 4590]
654 -- [ 245 1752]
657 -- [2322 2874]
662 -- [1571  473]
666 -- [1058  441]
668 -- [1154  935]
675 -- [1371 1436]
682 -- [ 451 1184]
689 -- [3352 2237]
697 -- [2631 4442]
699 -- [3452 1979]
703 -- [2323 3897]
711 -- [1599 1110]
714 -- [1056  519]
715 -- [4183 2709]
719 -- [3897 3201]
720 -- [2236 3530]
733 -- [1789 1413]
734 -- [1173 1433]
735 -- [4336 1952]
738 -- [3848 3405]
740 -- [1162 1515]
748 -- [4337 3483]
750 -- [982 623]
757 -- [3983 4026]
763 -- [   9 1121]
768 -- [595 674]
780 -- [ 455 1435]
786 -- [2575 4344]
787 -- [344 186]
792 -- [1091  687]
796 -- [2175 2318]
799 -- [3780 4432]
800 -- [2313 4548]
801 -- [2332 4445]
806 -- [3376 4384]
811 -- [2134 4102]
816 -- [1591 1219]
817 -- [899 338]
820 -- [1354 1761]
821 -- [901 590]
830 -- [2147 4087]
836 -- [749 676]
839 -- [ 488 1461]
842 -- [4590 2424]
850 -- [3738 4346]
859 -- [2459 1981]
869 -- [4459 2718]
872 -- [ 473 1529]
881 -- [3896 4044]
892 -- [895  48]
895 -- [1532  130]
898 -- [4087 4243]
901 -- [561 238]
903 -- [1901 2508]
909 -- [963 587]
914 -- [1998 4139]
924 -- [1245  550]
929 -- [628 860]
932 -- [1658  168]
933 -- [184 628]
934 -- [ 987 1060]
949 -- [ 104 1549]
950 -- [4349 3205]
951 -- [401 319]
954 -- [ 319 1396]
956 -- [3539 3989]
980 -- [1455 1254]
983 -- [2315 3405]
987 -- [1614  377]
988 -- [4133 2392]
994 -- [2811 3150]
998 -- [1219 1476]
1002 -- [3229 4338]
1006 -- [ 852 1682]
1007 -- [1199  768]
1010 -- [102 396]
1012 -- [4187 2096]
1015 -- [799 796]
1016 -- [4177 3976]
1020 -- [3362 2237]
1025 -- [1643 1463]
1026 -- [1255 1601]
1032 -- [1192  556]
1035 -- [4186 2114]
1036 -- [1305 1716]
1037 -- [2175 4357]
1040 -- [ 614 1665]
1041 -- [3929 4210]
1042 -- [2557 3164]
1046 -- [2767 2119]
1057 -- [ 325 1673]
1058 -- [295 208]
1059 -- [400 558]
1068 -- [3698 3863]
1074 -- [2553 3621]
1079 -- [4554 4177]
1083 -- [3440 3252]
1088 -- [2378 4435]
1090 -- [1856 2155]
1095 -- [1508  732]
1096 -- [625 810]
1098 -- [2276 2218]
1102 -- [  87 1723]
1107 -- [4570 3417]
1108 -- [3298 3736]
1110 -- [4384 3409]
1119 -- [2651 4281]
1124 -- [4010 4175]
1126 -- [4104 2917]
1127 -- [3116 2678]
1129 -- [659 974]
1132 -- [ 599 1582]
1138 -- [3897 2865]
1146 -- [1233  884]
1152 -- [ 27 140]
1153 -- [1402 1236]
1155 -- [3501 2464]
1156 -- [620 859]
1168 -- [2702 3052]
1173 -- [3699 1969]
1182 -- [3655 3413]
1186 -- [1721  576]
1188 -- [2241 2304]
1200 -- [4049 3709]
1202 -- [1586  936]
1204 -- [1218  913]
1208 -- [1382  959]
1212 -- [1383   23]
1213 -- [1249 1345]
1216 -- [2632 3156]
1220 -- [1787  954]
1221 -- [4178 3143]
1223 -- [2276 2071]
1232 -- [1515  991]
1240 -- [3776 4402]
1246 -- [1007 1233]
1247 -- [3145 2702]
1248 -- [1451 1110]
1250 -- [1723 1256]
1260 -- [1747 1053]
1271 -- [1605 1645]
1276 -- [2531 3381]
1282 -- [609 152]
1283 -- [187 207]
1286 -- [4352 4171]
1292 -- [2755 3071]
1295 -- [3997 3790]
1298 -- [ 536 1243]
1313 -- [ 20 226]
1322 -- [3790 4211]
1330 -- [2753 1932]
1335 -- [3761 2401]
1338 -- [4403 3087]
1340 -- [1773  897]
1344 -- [2634 4473]
1351 -- [570 847]
1378 -- [535 125]
1383 -- [3289 3048]
1384 -- [3419 4288]
1385 -- [  38 1530]
1386 -- [1249  556]
1392 -- [2874 1845]
1394 -- [2573 3258]
1396 -- [4198 4428]
1398 -- [1767 1379]
1410 -- [1529  386]
1413 -- [3484 4102]
1416 -- [1676  618]
1419 -- [1276  805]
1422 -- [4408 2476]
1423 -- [4571 3356]
1424 -- [1108 1189]
1425 -- [2817 2345]
1434 -- [277 934]
1436 -- [1061 1120]
1437 -- [3029 2755]
1444 -- [2380 3150]
1448 -- [4178 2128]
1449 -- [ 217 1591]
1450 -- [2262 2010]
1451 -- [ 215 1453]
1460 -- [ 591 1414]
1462 -- [130 596]
1470 -- [2988 2989]
1475 -- [2990 3888]
1477 -- [1050  351]
1482 -- [ 911 1650]
1486 -- [484 284]
1490 -- [283 214]
1492 -- [2615 2539]
1494 -- [655 110]
1495 -- [2637 4404]
1496 -- [1525  111]
1499 -- [2323 3897]
1500 -- [934 258]
1501 -- [ 539 1194]
1502 -- [3508 4597]
1508 -- [1180  385]
1510 -- [1379  220]
1511 -- [3158 3378]
1516 -- [4192 4502]
1524 -- [2876 3400]
1525 -- [2295 2702]
1527 -- [1529  535]
1532 -- [ 486 1217]
1534 -- [970 645]
1540 -- [2679 4196]
1549 -- [1080  478]
1550 -- [4417 4445]
1552 -- [1906 3736]
1555 -- [3290 3356]
1560 -- [2462 2244]
1563 -- [4380 3979]
1573 -- [303 535]
1579 -- [1885 4133]
1584 -- [100 602]
1595 -- [3206 1966]
1601 -- [3462 4384]
1602 -- [2799 1872]
1607 -- [4164 4182]
1609 -- [1245  106]
1612 -- [3446 4298]
1618 -- [4273 3989]
1620 -- [2990 2916]
1624 -- [1442  502]
1625 -- [2464 2326]
1632 -- [1070  166]
1634 -- [ 349 1101]
1636 -- [4538 2834]
1637 -- [4431 4218]
1648 -- [3508 3700]
1651 -- [ 559 1490]
1661 -- [1111   27]
1662 -- [1055 1691]
1665 -- [ 145 1653]
1666 -- [ 32 323]
1668 -- [364 704]
1669 -- [3799 3632]
1678 -- [ 103 1343]
1679 -- [477 879]
1684 -- [984 709]
1688 -- [ 899 1151]
1691 -- [2481 3400]
1696 -- [1513 1472]
1704 -- [2656 4251]
1706 -- [421 844]
1707 -- [3062 4195]
1710 -- [476  88]
1719 -- [2159 3881]
1724 -- [ 936 1159]
1736 -- [2615 2411]
1742 -- [1253   67]
1745 -- [2830 2918]
1749 -- [1143  582]
1750 -- [1363 1316]
1752 -- [598 334]
1758 -- [4139 4040]
1761 -- [1044 1384]
1767 -- [3257 4336]
1770 -- [660 216]
1774 -- [2510 4434]
1775 -- [535 638]
1779 -- [3776 3450]
1787 -- [1295  971]
1791 -- [ 34 609]
1798 -- [4243 2241]
1801 -- [276 127]
1806 -- [1149 1656]
1814 -- [1133  440]
1821 -- [ 704 1407]
1822 -- [1170 1203]
1824 -- [1615  125]
1826 -- [4035 2736]
1827 -- [1988 4177]
1832 -- [3458 1981]
1852 -- [205  67]
1857 -- [2258 3738]
1858 -- [1052  665]
1865 -- [4342 3260]
1867 -- [2052 2305]
1873 -- [3246 3187]
1875 -- [3164 3637]
1878 -- [  53 1319]
1882 -- [2262 4253]
1885 -- [3495 3374]
1889 -- [ 879 1601]
1891 -- [3185 2503]
1897 -- [2461 2716]
1900 -- [1752  107]
1906 -- [4081 4178]
1908 -- [ 124 1506]
1911 -- [709  20]
1912 -- [4134 3847]
1916 -- [461 386]
1920 -- [1501  482]
1922 -- [883 203]
1927 -- [ 867 1410]
1933 -- [2180 4182]
1936 -- [2863 1847]
1938 -- [1462   18]
1940 -- [ 21 501]
1943 -- [716 793]
1944 -- [251 626]
1945 -- [ 409 1240]
1947 -- [2166 1963]
1948 -- [4264 2546]
1949 -- [819 430]
1950 -- [4184 3841]
1956 -- [4192 3197]
1958 -- [1946 4443]
1959 -- [238 164]
1960 -- [4336 3333]
1963 -- [1302  302]
1966 -- [1741 1335]
1971 -- [1355  860]
1981 -- [2467 4431]
1987 -- [ 129 1521]
1988 -- [2872 4215]
1991 -- [1314  659]
1993 -- [4210 3907]
2001 -- [1440 1681]
2009 -- [2153 3776]
2023 -- [2127 4249]
2029 -- [4240 3780]
2030 -- [2564 4341]
2032 -- [714 319]
2037 -- [2467 4061]
2040 -- [955 699]
2045 -- [1225 1692]
2049 -- [1207  169]
2050 -- [1482  841]
2057 -- [ 853 1360]
2059 -- [  50 1527]
2060 -- [ 294 1018]
2061 -- [1692  313]
2062 -- [874 540]
2063 -- [ 381 1562]
2068 -- [1965 4486]
2074 -- [2014 2872]
2077 -- [4344 3599]
2078 -- [1623  884]
2079 -- [1330  734]
2080 -- [1481  152]
2083 -- [612  30]
2090 -- [2555 3405]
2094 -- [2039 4509]
2098 -- [4240 2468]
2099 -- [631 960]
2102 -- [3451 2124]
2107 -- [567 776]
2109 -- [ 257 1722]
2112 -- [ 982 1105]
2115 -- [993  80]
2117 -- [3799 3401]
2124 -- [1650  665]
2125 -- [374  64]
2126 -- [2753 3068]
2130 -- [4050 2990]
2135 -- [789 966]
2139 -- [ 191 1150]
2140 -- [3968 1851]
2141 -- [3392 3313]
2148 -- [2461 2583]
2149 -- [1658  332]
2151 -- [845  45]
2154 -- [1081  475]
2157 -- [  33 1348]
2160 -- [967 399]
2166 -- [470 869]
2167 -- [3474 2114]
2169 -- [ 794 1299]
2171 -- [ 84 303]
2173 -- [3320 4210]
2174 -- [487   7]
2175 -- [ 454 1086]
2179 -- [1263 1467]
2185 -- [ 111 1040]
2186 -- [1420 1791]
2189 -- [4216 4209]
2193 -- [767 313]
2194 -- [3393 4344]
2197 -- [1333 1495]
2202 -- [1908 3313]
2203 -- [3458 4380]
2206 -- [ 602 1436]
2207 -- [3799 3347]
2223 -- [3641 2599]
2226 -- [1073    7]
2231 -- [ 285 1671]
2234 -- [1833 2990]
2235 -- [1620 1362]
2241 -- [ 357 1767]
2245 -- [349   7]
2248 -- [1535  587]
2253 -- [624 970]
2257 -- [111 551]
2259 -- [2502 2990]
2269 -- [352 432]
2275 -- [1003 1343]
2277 -- [1226  113]
2288 -- [4182 2607]
2290 -- [1561  452]
2292 -- [319 787]
2310 -- [2159 2347]
2311 -- [3435 3454]
2312 -- [1800 1035]
2318 -- [1398 1047]
2324 -- [ 12 844]
2325 -- [ 572 1367]
2330 -- [ 434 1293]
2337 -- [4443 1835]
2342 -- [865 566]
2343 -- [ 267 1340]
2345 -- [2038 4102]
2348 -- [2838 3527]
2351 -- [3657 2634]
2360 -- [4507 2905]
2362 -- [953 341]
2364 -- [ 884 1660]
2365 -- [3232 2454]
2373 -- [2959 1856]
2374 -- [111 731]
2375 -- [4183 3227]
2380 -- [4002 4219]
2381 -- [ 875 1493]
2382 -- [2874 2737]
2384 -- [3889 4446]
2385 -- [2518 4288]
2387 -- [4352 2649]
2388 -- [4215 3406]
2397 -- [4403 3469]
2400 -- [3964 3136]
2401 -- [855 841]
2406 -- [2249 2434]
2415 -- [3646 1872]
2418 -- [4380 2539]
2424 -- [4389 3791]
2426 -- [ 308 1042]
2431 -- [1282 1649]
2435 -- [596 869]
2438 -- [140 860]
2452 -- [ 945 1603]
2453 -- [ 966 1803]
2461 -- [2611 2917]
2465 -- [ 304 1601]
-cl sat and violated: 1367 | 766  | total #cl: 2133 | -violated weight: 766
2 -- [1687 3645]
4 -- [ 676 4005]
9 -- [2161 1323]
11 -- [2249  616]
12 -- [3254  544]
13 -- [ 783 2451]
16 -- [3518 1363]
17 -- [3738  700]
23 -- [1964  739]
24 -- [4451  327]
25 -- [3663  593]
28 -- [1142 3928]
32 -- [3238 1399]
40 -- [4450  501]
43 -- [1086 4270]
45 -- [ 351 2571]
46 -- [2734  371]
48 -- [1267 2860]
49 -- [1126 3589]
53 -- [2103  853]
72 -- [ 329 2166]
73 -- [1617 4457]
74 -- [4419  962]
83 -- [2049 1039]
88 -- [1086 3717]
92 -- [4223 1443]
96 -- [1712 4341]
98 -- [2703 1645]
99 -- [2748 1231]
103 -- [4540 1623]
106 -- [3309 1311]
111 -- [1976  774]
112 -- [4108 1745]
113 -- [2931 1790]
119 -- [4056 1709]
121 -- [ 354 4450]
123 -- [ 748 1950]
128 -- [4190  324]
131 -- [2889  599]
135 -- [1507 2051]
144 -- [4023  799]
148 -- [ 313 2561]
150 -- [3477  890]
156 -- [4576 1517]
160 -- [3774 1220]
165 -- [ 443 2415]
166 -- [3451 1279]
171 -- [1513 2987]
172 -- [1197 2994]
173 -- [4411  386]
174 -- [2939  971]
176 -- [ 948 2381]
178 -- [ 399 2387]
179 -- [2974 1096]
181 -- [2612  754]
186 -- [3979 1487]
187 -- [ 408 3523]
188 -- [3885  203]
189 -- [2651  500]
191 -- [ 777 3143]
197 -- [ 550 2975]
200 -- [ 644 4565]
201 -- [3164   69]
206 -- [ 868 3292]
207 -- [2224 1017]
209 -- [2419 1443]
210 -- [1887 1700]
217 -- [1686 4420]
221 -- [1462 2159]
222 -- [ 386 3433]
226 -- [3776 1534]
227 -- [1723 3319]
233 -- [ 469 2327]
242 -- [1458 2702]
245 -- [3052  391]
248 -- [ 631 1838]
255 -- [2734  381]
257 -- [4451 1037]
258 -- [4486 1730]
259 -- [4426 1485]
263 -- [1792 3921]
265 -- [1332 2063]
270 -- [1589 3420]
272 -- [2236  881]
274 -- [1504 2284]
276 -- [3417  519]
277 -- [2751 1726]
279 -- [2671 1206]
280 -- [3052  408]
282 -- [3892  216]
287 -- [ 852 2109]
288 -- [ 302 2975]
292 -- [ 459 4192]
293 -- [ 570 3592]
294 -- [1225 2532]
295 -- [1506 4225]
297 -- [ 839 4372]
300 -- [4180   87]
301 -- [3597  860]
305 -- [3588  509]
306 -- [4285  266]
309 -- [ 737 3413]
310 -- [2189   43]
311 -- [1086 2840]
312 -- [3031  360]
313 -- [1086 2326]
315 -- [2236 1304]
318 -- [1635 2756]
319 -- [3136  893]
320 -- [4064  905]
321 -- [2683  750]
322 -- [ 180 3526]
328 -- [ 475 3732]
330 -- [2661  728]
333 -- [4343 1460]
334 -- [3138  547]
338 -- [ 519 3949]
339 -- [ 721 4023]
341 -- [2082  417]
343 -- [1206 2831]
345 -- [ 589 3326]
348 -- [1649 4596]
349 -- [ 676 3387]
350 -- [ 926 3018]
354 -- [3715 1037]
358 -- [2948  974]
362 -- [4199 1230]
364 -- [3847 1241]
370 -- [1326 2417]
373 -- [4004  807]
374 -- [1999  250]
377 -- [1646 2071]
379 -- [3691  815]
380 -- [2226  288]
383 -- [ 128 3857]
384 -- [ 664 4139]
393 -- [1323 2595]
398 -- [4323 1409]
405 -- [1717 2441]
406 -- [1800 2463]
410 -- [1774 3628]
411 -- [3469 1432]
414 -- [4167  571]
415 -- [3452  163]
423 -- [3788 1504]
427 -- [ 640 3023]
428 -- [1183 4040]
429 -- [4434  151]
430 -- [3805 1614]
433 -- [ 579 3775]
437 -- [ 478 4550]
440 -- [1883  176]
442 -- [3272  408]
444 -- [4114  313]
446 -- [1942 1096]
451 -- [4417  203]
452 -- [4011  841]
453 -- [3445  175]
456 -- [3729  301]
458 -- [4205  985]
460 -- [3768  220]
461 -- [1661 3476]
462 -- [1433 4292]
474 -- [2111  780]
476 -- [4594  417]
477 -- [2763 1640]
478 -- [4341  709]
484 -- [2156  546]
485 -- [3760  984]
486 -- [3496 1762]
489 -- [ 824 2281]
492 -- [ 371 3329]
493 -- [1310 2174]
494 -- [1351 4511]
495 -- [3201  674]
498 -- [3234  619]
500 -- [4496  535]
501 -- [1185 3687]
503 -- [3405 1123]
506 -- [1931 1759]
507 -- [2603  784]
508 -- [1665 4132]
511 -- [1517 2991]
513 -- [ 899 3421]
515 -- [4218 1775]
516 -- [1127 4532]
517 -- [3016  545]
518 -- [ 204 3899]
520 -- [3419  511]
523 -- [1586 3989]
525 -- [ 977 4220]
527 -- [3883  444]
530 -- [3355 1809]
531 -- [3844 1156]
534 -- [1506 2738]
538 -- [1820  418]
539 -- [3535  617]
543 -- [4431  909]
544 -- [ 259 4422]
550 -- [ 266 4001]
554 -- [ 308 3429]
555 -- [4208 1205]
559 -- [2189 1506]
563 -- [2035  769]
565 -- [ 790 2805]
568 -- [2845  381]
570 -- [ 587 2941]
572 -- [3589  215]
577 -- [1422 2173]
578 -- [2589 1723]
582 -- [ 785 3930]
590 -- [2507 1567]
591 -- [ 327 2887]
593 -- [ 982 3449]
594 -- [   5 3216]
595 -- [2555  934]
596 -- [ 964 3328]
599 -- [1745 3746]
600 -- [4125  395]
601 -- [ 567 2921]
602 -- [2217 1110]
603 -- [1060 4379]
604 -- [1852 1414]
605 -- [1208 3989]
606 -- [ 964 2431]
607 -- [ 301 3755]
609 -- [ 569 2615]
610 -- [2990 1493]
617 -- [3994  536]
618 -- [ 152 4004]
622 -- [ 331 2105]
623 -- [1902 1560]
630 -- [2213  570]
631 -- [2815 1675]
641 -- [3113  497]
642 -- [3836 1696]
645 -- [3932 1096]
646 -- [3004  333]
653 -- [3320 1671]
656 -- [1106 4454]
664 -- [4260 1383]
665 -- [ 485 4140]
667 -- [4550  661]
669 -- [4055  464]
673 -- [ 757 3776]
675 -- [1262 2426]
676 -- [1972 1663]
677 -- [1225 1828]
678 -- [3704  751]
679 -- [1705 4547]
680 -- [2026 1524]
681 -- [3345 1334]
684 -- [4057  216]
687 -- [1323 4562]
690 -- [ 882 3868]
693 -- [1422 3561]
696 -- [1373 2118]
699 -- [ 841 3391]
701 -- [1486 3967]
705 -- [4047 1435]
706 -- [1542 2826]
710 -- [ 614 4133]
713 -- [2784 1232]
716 -- [2857 1076]
723 -- [ 755 2102]
726 -- [ 618 3031]
730 -- [4461 1504]
731 -- [1590 3449]
733 -- [3056 1749]
734 -- [1517 3840]
736 -- [ 587 2309]
740 -- [ 552 4126]
748 -- [ 608 3615]
751 -- [ 522 2801]
761 -- [1789 4483]
763 -- [ 779 3955]
764 -- [1104 1990]
769 -- [1154 2667]
770 -- [ 627 4245]
771 -- [ 441 3579]
779 -- [1422 4094]
781 -- [4438 1270]
785 -- [2944 1515]
788 -- [ 964 3269]
793 -- [1560 3241]
795 -- [ 395 3754]
798 -- [2738  438]
800 -- [4524  203]
801 -- [3126 1658]
802 -- [1538 4271]
804 -- [ 864 3949]
806 -- [2592  848]
807 -- [ 441 3244]
808 -- [ 164 2049]
810 -- [2077 1272]
815 -- [1432 2631]
818 -- [4027 1351]
820 -- [ 500 4407]
822 -- [3919 1393]
827 -- [4212  622]
831 -- [3920 1408]
833 -- [1714 3028]
845 -- [ 602 3502]
847 -- [4280  570]
848 -- [3543 1765]
850 -- [ 841 1965]
851 -- [ 288 2544]
852 -- [3032 1038]
853 -- [ 650 3710]
857 -- [3774 1730]
858 -- [4312  571]
861 -- [3388  906]
863 -- [1545 2395]
864 -- [1676 1914]
866 -- [1533 3303]
870 -- [1205 2787]
873 -- [3761  235]
874 -- [ 471 3132]
875 -- [1600 4437]
877 -- [1206 3066]
880 -- [4234  214]
881 -- [4551  867]
884 -- [ 860 3618]
885 -- [2307 1399]
886 -- [4240 1716]
887 -- [2642  325]
889 -- [1333 3332]
894 -- [1536 1969]
897 -- [ 985 2510]
899 -- [ 803 1942]
901 -- [1686 3425]
906 -- [ 782 4240]
909 -- [2773  214]
912 -- [ 484 3863]
914 -- [ 800 2783]
915 -- [ 544 1824]
923 -- [ 440 2302]
926 -- [4236 1043]
929 -- [4470 1182]
930 -- [ 207 3670]
933 -- [ 638 2461]
941 -- [1765 2843]
942 -- [ 906 3213]
944 -- [3893  399]
947 -- [1310 3664]
949 -- [ 735 2040]
950 -- [1037 2421]
955 -- [2536  567]
964 -- [4557  533]
972 -- [2676  643]
973 -- [1421 2837]
974 -- [2309  636]
976 -- [1408 2259]
981 -- [4562 1559]
983 -- [1695 3787]
986 -- [ 965 3052]
988 -- [3413  231]
992 -- [1435 4357]
994 -- [1208 2196]
999 -- [ 174 2713]
1000 -- [2876  542]
1006 -- [2276  909]
1011 -- [1432 2837]
1013 -- [1865  481]
1017 -- [ 894 1847]
1020 -- [1041 3068]
1021 -- [3309 1322]
1027 -- [2718  515]
1030 -- [1735 2561]
1032 -- [4259 1149]
1034 -- [ 378 3402]
1038 -- [ 868 4241]
1041 -- [ 134 2275]
1043 -- [  33 2551]
1045 -- [3276  567]
1053 -- [2102 1354]
1054 -- [3452  637]
1056 -- [3518   54]
1057 -- [1631 2625]
1059 -- [1321 1920]
1060 -- [ 545 3213]
1063 -- [2076  760]
1066 -- [1623 3876]
1072 -- [ 889 2263]
1075 -- [1695 3538]
1080 -- [ 166 3024]
1081 -- [2089  955]
1082 -- [3319 1767]
1083 -- [ 744 3404]
1084 -- [4467  519]
1085 -- [1636 4092]
1086 -- [4348 1723]
1093 -- [3140 1671]
1097 -- [4183 1198]
1099 -- [2434   94]
1103 -- [ 852 3879]
1104 -- [1322 4183]
1105 -- [ 464 4476]
1106 -- [ 338 4352]
1107 -- [ 899 2732]
1118 -- [3875 1461]
1119 -- [ 464 2817]
1120 -- [3421 1792]
1121 -- [ 912 1962]
1124 -- [ 179 2162]
1126 -- [1799 2130]
1128 -- [4597  452]
1132 -- [ 381 4555]
1135 -- [3644  640]
1138 -- [ 432 4531]
1149 -- [ 674 2907]
1153 -- [1011 2299]
1161 -- [1336 2807]
1162 -- [2679   20]
1163 -- [3674 1233]
1172 -- [ 146 4387]
1174 -- [2476 1188]
1175 -- [2862  841]
1176 -- [3026 1443]
1180 -- [ 542 2287]
1184 -- [ 875 2786]
1186 -- [ 335 3042]
1187 -- [2810  774]
1188 -- [2345 1065]
1189 -- [4070  443]
1190 -- [1053 3951]
1191 -- [1801 3769]
1195 -- [3819 1655]
1196 -- [  19 3075]
1198 -- [1602 2900]
1199 -- [ 965 2982]
1205 -- [2027  475]
1206 -- [ 867 2935]
1212 -- [2179   79]
1216 -- [2830  128]
1218 -- [3061 1736]
1220 -- [ 546 4532]
1221 -- [4454  484]
1230 -- [1368 2797]
1231 -- [1863 1274]
1238 -- [4256  655]
1239 -- [ 522 3300]
1243 -- [3267 1506]
1251 -- [ 391 3074]
1253 -- [2854 1389]
1255 -- [ 874 4176]
1260 -- [1490 2728]
1269 -- [3587 1809]
1272 -- [2185  264]
1274 -- [3407  985]
1277 -- [3239  236]
1278 -- [  50 3067]
1279 -- [2305  462]
1284 -- [2868  640]
1289 -- [  67 3618]
1290 -- [ 830 4412]
1291 -- [1665 3881]
1294 -- [ 520 4051]
1297 -- [3678 1429]
1301 -- [ 166 2622]
1302 -- [3780  803]
1303 -- [2672   57]
1305 -- [ 354 1889]
1306 -- [3969 1490]
1307 -- [3601  313]
1309 -- [ 150 2141]
1310 -- [ 324 4248]
1311 -- [2868 1650]
1312 -- [3064 1375]
1314 -- [2535  215]
1315 -- [ 751 3642]
1318 -- [2298  195]
1320 -- [1382 3621]
1321 -- [2474  351]
1327 -- [3133 1781]
1328 -- [3992 1650]
1329 -- [ 844 4327]
1332 -- [ 284 3692]
1333 -- [3778  102]
1334 -- [ 432 4300]
1335 -- [2735  853]
1339 -- [2639  903]
1341 -- [ 751 2706]
1342 -- [2574 1194]
1344 -- [4117 1439]
1347 -- [1371 2068]
1348 -- [ 620 4398]
1352 -- [ 195 3578]
1354 -- [3158 1249]
1360 -- [ 194 2838]
1364 -- [1694 3445]
1366 -- [2541 1262]
1367 -- [1039 4091]
1369 -- [2064 1646]
1372 -- [1100 3626]
1373 -- [2199 1371]
1379 -- [4221 1012]
1382 -- [  20 2525]
1384 -- [3628 1033]
1391 -- [2780  676]
1394 -- [ 279 3794]
1396 -- [1398 2279]
1397 -- [4133 1392]
1401 -- [1071 2542]
1404 -- [1559 2150]
1408 -- [ 444 2288]
1411 -- [1038 2443]
1412 -- [2597  777]
1414 -- [1145 3290]
1415 -- [1351 2928]
1417 -- [ 147 2060]
1421 -- [3000 1112]
1422 -- [4445  648]
1424 -- [ 814 4039]
1425 -- [1746 3887]
1426 -- [2918 1224]
1428 -- [3908  982]
1433 -- [4105  233]
1434 -- [2918   65]
1436 -- [4046 1435]
1437 -- [ 521 3529]
1441 -- [2196 1301]
1443 -- [1710 2499]
1446 -- [1617 3574]
1447 -- [  80 3919]
1448 -- [2111  599]
1453 -- [2772 1372]
1454 -- [1317 2861]
1460 -- [3816 1663]
1461 -- [3283  899]
1466 -- [2213 1584]
1467 -- [4347 1774]
1471 -- [  18 2308]
1473 -- [2976 1429]
1475 -- [1951  705]
1478 -- [4543 1560]
1480 -- [1331 3505]
1481 -- [3908 1749]
1482 -- [3018 1108]
1483 -- [3908  618]
1484 -- [ 601 2257]
1486 -- [3219 1623]
1487 -- [ 587 2033]
1488 -- [ 595 4483]
1491 -- [4597 1091]
1492 -- [ 543 2804]
1493 -- [3143  739]
1496 -- [4552  397]
1501 -- [3539 1305]
1510 -- [3286  515]
1513 -- [1603 4590]
1516 -- [ 645 3921]
1518 -- [1397 2321]
1520 -- [2544  864]
1521 -- [ 588 3557]
1523 -- [3097 1623]
1526 -- [2062 1264]
1527 -- [1189 3546]
1529 -- [ 694 2743]
1530 -- [1409 3706]
1531 -- [1383 2152]
1534 -- [1244 2049]
1535 -- [3935   61]
1536 -- [3129  207]
1540 -- [1143 3453]
1541 -- [3134  331]
1543 -- [4538  813]
1550 -- [ 417 4450]
1552 -- [4334  659]
1554 -- [ 867 2244]
1555 -- [ 867 4582]
1560 -- [2191  166]
1563 -- [3263 1334]
1564 -- [3061 1723]
1565 -- [2809  403]
1572 -- [2318  596]
1582 -- [ 945 2105]
1583 -- [3258  427]
1586 -- [1366 1891]
1588 -- [4186 1762]
1589 -- [4432  112]
1594 -- [2621 1446]
1596 -- [2641  876]
1598 -- [2720  890]
1603 -- [2062  517]
1604 -- [ 124 4435]
1605 -- [1321 2817]
1608 -- [ 890 3483]
1609 -- [2900  947]
1610 -- [3660  471]
1613 -- [2637 1053]
1614 -- [2168  618]
1617 -- [ 214 4147]
1618 -- [1178 2263]
1622 -- [2956 1188]
1627 -- [1809 4064]
1630 -- [2027  439]
1635 -- [ 495 2177]
1636 -- [3400 1024]
1637 -- [2132 1283]
1639 -- [ 319 2633]
1641 -- [3952    9]
1642 -- [4337 1171]
1643 -- [ 824 2196]
1644 -- [1579 2319]
1646 -- [4021  599]
1651 -- [3581 1736]
1655 -- [4241  532]
1657 -- [ 867 3603]
1658 -- [1178 3812]
1659 -- [ 331 3676]
1665 -- [4436 1460]
1667 -- [4323 1409]
1668 -- [3041 1691]
1669 -- [ 355 1970]
1670 -- [1330 3388]
1671 -- [2828  795]
1678 -- [2244 1640]
1681 -- [   5 2993]
1682 -- [1012 3648]
1685 -- [3383 1005]
1691 -- [2452  747]
1694 -- [1515 2260]
1696 -- [ 745 3965]
1697 -- [4344 1459]
1706 -- [ 838 4010]
1707 -- [1205 4194]
1708 -- [ 432 2144]
1714 -- [1959  235]
1715 -- [3113 1678]
1716 -- [1543 4486]
1719 -- [4499 1135]
1720 -- [ 134 2203]
1724 -- [2490 1540]
1726 -- [ 145 3860]
1728 -- [3070  220]
1729 -- [3007  191]
1731 -- [4435 1788]
1732 -- [ 536 2893]
1735 -- [   7 4158]
1736 -- [3096  502]
1737 -- [2448  971]
1739 -- [ 502 2412]
1740 -- [ 288 3236]
1742 -- [2215 1506]
1743 -- [1658 3489]
1747 -- [1154 3511]
1748 -- [ 500 3163]
1749 -- [1471 2559]
1751 -- [ 519 2420]
1752 -- [3942  700]
1753 -- [4518  624]
1755 -- [2306 1036]
1758 -- [1235 3767]
1763 -- [2881 1468]
1764 -- [4576  913]
1767 -- [ 375 1822]
1768 -- [2568  227]
1770 -- [3336 1623]
1772 -- [4405  759]
1781 -- [ 215 4322]
1784 -- [3993  946]
1785 -- [1333 2053]
1786 -- [3282 1486]
1787 -- [ 408 2220]
1789 -- [3612  441]
1791 -- [ 267 3592]
1794 -- [1559 3744]
1795 -- [ 946 4377]
1803 -- [ 406 2772]
1805 -- [ 771 2416]
1811 -- [  24 3702]
1812 -- [1490 4513]
1817 -- [1950  839]
1818 -- [1610 2540]
1820 -- [4578 1262]
1828 -- [2886  341]
1830 -- [4589 1610]
1831 -- [  95 3737]
1836 -- [2106   26]
1847 -- [4446  845]
1857 -- [3876 1533]
1858 -- [1969  838]
1864 -- [2550 1421]
1867 -- [1661 2239]
1872 -- [1542 3707]
1874 -- [1389 3033]
1876 -- [ 792 3495]
1879 -- [ 375 2598]
1885 -- [ 354 3711]
1887 -- [ 805 2858]
1889 -- [ 807 3976]
1890 -- [1103 2860]
1892 -- [1439 2342]
1895 -- [2343 1717]
1898 -- [1053 2373]
1899 -- [ 760 2577]
1917 -- [ 452 2534]
1919 -- [1602 3100]
1920 -- [ 537 2063]
1925 -- [3904  166]
1931 -- [ 874 4085]
1935 -- [ 514 1872]
1937 -- [ 307 3260]
1938 -- [2502  145]
1940 -- [1170 2207]
1941 -- [ 267 3311]
1948 -- [3492  965]
1956 -- [4171 1104]
1961 -- [ 962 2740]
1962 -- [1646 3604]
1965 -- [2936 1041]
1966 -- [1865 1792]
1967 -- [ 111 3614]
1968 -- [ 469 2563]
1973 -- [4260  404]
1975 -- [4102  740]
1980 -- [1387 3850]
1983 -- [4001  437]
1986 -- [ 135 4288]
1990 -- [3330    5]
1996 -- [ 750 3071]
2002 -- [3024  752]
2004 -- [4430  857]
2006 -- [4091  633]
2007 -- [2777  148]
2009 -- [2186  490]
2010 -- [1182 3798]
2012 -- [ 676 2121]
2017 -- [3321  913]
2018 -- [1665 2766]
2021 -- [2012 1746]
2026 -- [ 251 4505]
2027 -- [3147 1336]
2028 -- [ 699 3552]
2031 -- [ 747 2910]
2032 -- [  35 2597]
2042 -- [3344 1507]
2047 -- [ 756 2729]
2048 -- [ 440 3215]
2051 -- [2306  757]
2054 -- [2263 1205]
2057 -- [  52 2567]
2058 -- [4242  175]
2060 -- [1433 4475]
2062 -- [ 298 2119]
2064 -- [1674 2010]
2065 -- [1212 4070]
2072 -- [1717 4306]
2076 -- [1006 3136]
2080 -- [1152 4130]
2082 -- [3170  901]
2084 -- [2014 1306]
2086 -- [1326 3326]
2089 -- [2454  829]
2090 -- [2241 1506]
2093 -- [ 337 2159]
2094 -- [ 723 4454]
2096 -- [ 606 2866]
2097 -- [ 777 3613]
2101 -- [3050  759]
2103 -- [4344 1798]
2111 -- [4310 1765]
2118 -- [ 500 2633]
2122 -- [2826  444]
2124 -- [3304  948]
7 -time: 0.02233 -dim: (11172, 2)
8 -time: 0.00014 -dim: (7, 57)
9 -time: 4.02488 -dim: (1835400, 3)
10 -time: 5.80421 -dim: (1730141, 3)
11_12 -time: 0.19707 -dim: [110424, 2]
13 -time: 0.07774 -dim: (36808, 4)
14_15 -time: 0.03467 -dim: [798, 2]
16 -time: 0.00002 -dim: (0, 2)
17_18 -time: 0.39668 -dim: [73616, 3]
19 -time: 0.00011 -dim: (1, 1)
20 -time: 0.23320 -dim: (0, 4601)
21 -time: 0.00083 -dim: (1, 4601)
22 -time: 0.00006 -dim: (2133, 3)
23 -time: 0.00002 -dim: (2133, 3)
24 -time: 0.00004 -dim: (0, 5)
25 -time: 0.00005 -dim: (2468, 3)
26 -time: 0.00004 -dim: (2468, 3)
smtPr 22-26 -time: 0.01453 -dim: nan
slvr_header -time: 1.33484 -dim: nan
*solver* -time: 900.08322 -dim: nan
res_read -time: 0.05763 -dim: nan
-- SUM CL TIME: 10.80662          |  SUM other TIME: 901.47569          |  SUM TIME: 912.28231
