num branch_node: 7
num leaf_node: 8
num feature: 57
tree_depth: 3
num label: 2
nDC: 2432

***variables
a: 1 - 399 -> 399
s: 400 - 32606 -> 32207
z: 32607 - 69414 -> 36808
g: 69415 - 69430 -> 16
x: 69431 - 78632 -> 9202
ml: 78633 - 80344 -> 1712
cl: 80345 - 81852 -> 1508

variables***
[debug] --> CL ML ratio 2
the cl header --> p wcnf 81852 3808028 4729

timeout 900s ~/SAT_Project/loandra-master/loandra_static -pmreslin-cglim=30 -weight-strategy=1 -print-model -verbosity=1 ./solutions/spam_0.1_mc0.7_s2352_r2/phase_1_clauses_final >./solutions/spam_0.1_mc0.7_s2352_r2/phase_1_loandra_res

Start to read loandra res
*loandra status: SATISFIABLE
-ml sat and violated: 1241 | 471  | total #ml: 1712 | -violated weight: 471
5 -- [571 463]
8 -- [3278 1942]
10 -- [3271 3692]
11 -- [ 388 1634]
15 -- [1508 1032]
19 -- [2089 2076]
23 -- [154 247]
27 -- [1683 1778]
30 -- [3543 4404]
32 -- [955 799]
36 -- [2110 2490]
39 -- [4336 2693]
41 -- [4312 3456]
42 -- [1786 1125]
49 -- [3542 2716]
50 -- [ 814 1654]
52 -- [3731 4222]
53 -- [3785 3696]
54 -- [3241 2582]
55 -- [2628 2793]
59 -- [842 867]
65 -- [4372 3299]
66 -- [ 379 1463]
67 -- [4518 3351]
71 -- [4242 3175]
76 -- [4198 3814]
81 -- [1052 1750]
83 -- [1938 2938]
87 -- [4529 4092]
91 -- [251 270]
92 -- [2899 3166]
101 -- [433 592]
103 -- [4067 4375]
104 -- [3164 4271]
107 -- [1046  967]
109 -- [1230  305]
113 -- [ 750 1594]
116 -- [635   6]
117 -- [3521 3433]
119 -- [736  54]
121 -- [1111  680]
124 -- [138 199]
131 -- [2556 2561]
134 -- [ 490 1020]
136 -- [4097 4430]
139 -- [ 929 1714]
140 -- [159 686]
142 -- [2137 4562]
144 -- [3761 2780]
153 -- [4028 4551]
156 -- [3108 2135]
162 -- [ 549 1040]
170 -- [271 792]
176 -- [3633 2071]
177 -- [1760  233]
179 -- [3142 2447]
181 -- [3584 4308]
184 -- [  67 1748]
185 -- [1647  899]
186 -- [2087 1927]
190 -- [505 346]
191 -- [3489 4489]
192 -- [ 371 1558]
194 -- [1082  756]
195 -- [3872 4420]
199 -- [3916 2594]
202 -- [742 193]
203 -- [2278 1853]
211 -- [2244 2889]
216 -- [3402 2184]
218 -- [3181 2228]
221 -- [ 391 1704]
224 -- [2760 3701]
229 -- [ 516 1017]
239 -- [1683  831]
241 -- [2909 3410]
244 -- [4288 2631]
246 -- [3430 4519]
249 -- [4467 4038]
254 -- [1985 3657]
258 -- [4383 2469]
262 -- [ 463 1168]
266 -- [2275 2314]
269 -- [2735 2386]
275 -- [2838 2416]
280 -- [4268 3982]
282 -- [3368 4112]
283 -- [2783 3596]
284 -- [2680 2838]
290 -- [ 133 1094]
292 -- [2040 3939]
294 -- [1514  730]
295 -- [254 137]
296 -- [ 444 1293]
300 -- [ 650 1559]
303 -- [552 269]
305 -- [1299 1224]
313 -- [3737 4308]
314 -- [2442 1954]
315 -- [1559 1561]
327 -- [1938 3277]
329 -- [3017 1940]
330 -- [1640 1578]
331 -- [2664 2232]
333 -- [1555 1727]
336 -- [873 588]
345 -- [4485 4072]
346 -- [3731 3541]
349 -- [781 429]
351 -- [1048 1387]
352 -- [ 399 1788]
353 -- [463 969]
354 -- [4565 2725]
355 -- [3923 4128]
362 -- [ 352 1560]
364 -- [2581 3108]
367 -- [1967 4465]
370 -- [2189 3299]
371 -- [654   6]
374 -- [3187 4245]
380 -- [1194 1622]
386 -- [1351  993]
391 -- [3071 4164]
392 -- [3699 3295]
395 -- [2144 2304]
396 -- [3208 3721]
406 -- [3293 4061]
409 -- [1338 1604]
410 -- [ 987 1497]
411 -- [ 110 1608]
412 -- [3108 3191]
413 -- [4318 3552]
416 -- [1390  759]
423 -- [3014 4502]
428 -- [4525 2248]
433 -- [1138 1563]
437 -- [ 324 1759]
438 -- [2628 2020]
439 -- [1803 1721]
445 -- [1175 1307]
450 -- [ 423 1543]
453 -- [2370 3864]
454 -- [1428  331]
455 -- [4348 4198]
459 -- [2428 2566]
460 -- [2833 2711]
462 -- [ 299 1467]
466 -- [3841 2689]
468 -- [ 412 1205]
473 -- [1914 2042]
475 -- [2203 3673]
477 -- [2417 2852]
478 -- [4277 4545]
479 -- [1722  502]
482 -- [1623  178]
485 -- [ 68 227]
489 -- [1469  390]
493 -- [4118 2403]
503 -- [3733 1927]
506 -- [ 119 1273]
511 -- [3182 3508]
515 -- [1992 3848]
517 -- [2461 1898]
519 -- [ 789 1105]
530 -- [ 607 1802]
532 -- [1622  744]
538 -- [2016 4289]
551 -- [665 511]
552 -- [829 358]
554 -- [4012 3696]
556 -- [4441 3540]
557 -- [3943 2912]
561 -- [931 805]
565 -- [4280 2708]
567 -- [ 36 694]
574 -- [1675   84]
578 -- [3623 3699]
580 -- [2840 4232]
582 -- [4312 2105]
583 -- [1425 1677]
584 -- [2627 4533]
586 -- [1668  683]
599 -- [2305 4470]
604 -- [3289 4076]
605 -- [1531 1404]
606 -- [ 914 1443]
608 -- [4163 3358]
612 -- [2427 3416]
613 -- [1900 3241]
615 -- [786 324]
618 -- [1469 1284]
619 -- [3929 3822]
624 -- [241 781]
633 -- [1702  669]
636 -- [2776 2442]
639 -- [ 833 1265]
641 -- [ 634 1687]
642 -- [2307 4208]
644 -- [1734 1716]
646 -- [3957 2613]
662 -- [1571  473]
669 -- [3974 3235]
679 -- [2149 3301]
680 -- [2540 4411]
682 -- [ 451 1184]
685 -- [699 271]
686 -- [1367  426]
694 -- [3198 3917]
697 -- [2631 4442]
701 -- [2267 3470]
706 -- [3310 3022]
707 -- [1178  166]
711 -- [1599 1110]
723 -- [2071 3339]
733 -- [1789 1413]
734 -- [1173 1433]
736 -- [4221 4054]
738 -- [3848 3405]
746 -- [4241 1846]
749 -- [880 110]
750 -- [982 623]
752 -- [1485 1187]
755 -- [4394 3125]
760 -- [ 234 1324]
763 -- [   9 1121]
768 -- [595 674]
771 -- [4489 2027]
776 -- [4163 4065]
780 -- [ 455 1435]
787 -- [344 186]
795 -- [ 869 1159]
798 -- [2357 1853]
800 -- [2313 4548]
803 -- [ 597 1220]
805 -- [2243 4028]
811 -- [2134 4102]
815 -- [4365 4318]
816 -- [1591 1219]
817 -- [899 338]
822 -- [3024 2317]
844 -- [3823 4579]
850 -- [3738 4346]
852 -- [4465 3569]
853 -- [1904 3191]
857 -- [4028 2405]
859 -- [2459 1981]
860 -- [2673 4069]
863 -- [3321 4255]
869 -- [4459 2718]
870 -- [764 303]
874 -- [3475 4462]
879 -- [4462 2662]
880 -- [2155 1927]
881 -- [3896 4044]
882 -- [1457  880]
884 -- [2076 3531]
888 -- [3363 2314]
890 -- [2578 4561]
892 -- [895  48]
900 -- [1523  605]
908 -- [2200 1936]
911 -- [3174 4502]
913 -- [3120 2552]
914 -- [1998 4139]
916 -- [2474 4312]
923 -- [2510 3012]
924 -- [1245  550]
929 -- [628 860]
931 -- [4169 4286]
932 -- [1658  168]
933 -- [184 628]
934 -- [ 987 1060]
945 -- [3575 2526]
951 -- [401 319]
959 -- [2708 1860]
961 -- [ 967 1172]
968 -- [1412 1376]
971 -- [1706 1797]
975 -- [ 861 1655]
977 -- [2018 4305]
980 -- [1455 1254]
982 -- [4155 1850]
985 -- [2521 2699]
987 -- [1614  377]
988 -- [4133 2392]
989 -- [3294 3389]
993 -- [1511  540]
997 -- [3238 2314]
998 -- [1219 1476]
999 -- [3382 4072]
1001 -- [3267 2993]
1009 -- [2442 2231]
1010 -- [102 396]
1022 -- [4252 4521]
1028 -- [2954 4392]
1029 -- [3616 4579]
1030 -- [4156 2790]
1031 -- [3369 4577]
1032 -- [1192  556]
1036 -- [1305 1716]
1038 -- [4002 4597]
1039 -- [2307 4241]
1049 -- [1292 1032]
1052 -- [3368 4326]
1053 -- [4069 3665]
1054 -- [2186 2845]
1055 -- [2800 3693]
1057 -- [ 325 1673]
1066 -- [ 35 716]
1068 -- [3698 3863]
1078 -- [ 254 1058]
1082 -- [3879 2392]
1083 -- [3440 3252]
1085 -- [2177 2250]
1086 -- [3392 4134]
1087 -- [2431 3323]
1090 -- [1856 2155]
1091 -- [1182 1205]
1095 -- [1508  732]
1096 -- [625 810]
1102 -- [  87 1723]
1113 -- [1858 4311]
1116 -- [1199 1425]
1120 -- [2103 4529]
1124 -- [4010 4175]
1126 -- [4104 2917]
1128 -- [4155 4369]
1133 -- [3227 4233]
1134 -- [ 357 1289]
1136 -- [4369 2023]
1137 -- [2347 3180]
1141 -- [4299 4095]
1146 -- [1233  884]
1152 -- [ 27 140]
1153 -- [1402 1236]
1157 -- [2829 3800]
1161 -- [2367 3308]
1173 -- [3699 1969]
1184 -- [1531  639]
1185 -- [2232 2120]
1186 -- [1721  576]
1187 -- [4236 4383]
1188 -- [2241 2304]
1196 -- [ 353 1629]
1198 -- [2427 3559]
1199 -- [4231 2899]
1201 -- [ 53 478]
1204 -- [1218  913]
1205 -- [ 451 1559]
1207 -- [3214 4048]
1208 -- [1382  959]
1217 -- [2204 2323]
1218 -- [3022 3594]
1220 -- [1787  954]
1221 -- [4178 3143]
1223 -- [2276 2071]
1230 -- [2242 2577]
1233 -- [3671 2545]
1234 -- [3365 3904]
1244 -- [1677  115]
1245 -- [2085 2096]
1246 -- [1007 1233]
1250 -- [1723 1256]
1252 -- [ 506 1756]
1254 -- [3024 2601]
1263 -- [128   7]
1264 -- [2882 2677]
1271 -- [1605 1645]
1274 -- [4370 2272]
1283 -- [187 207]
1284 -- [456 635]
1286 -- [4352 4171]
1292 -- [2755 3071]
1299 -- [ 574 1652]
1307 -- [2714 2058]
1310 -- [3809 4051]
1318 -- [1129 1457]
1320 -- [4319 3242]
1321 -- [2004 4030]
1323 -- [4371 2713]
1325 -- [2611 3902]
1327 -- [3251 1940]
1331 -- [2218 4300]
1334 -- [1003   78]
1335 -- [3761 2401]
1337 -- [3839 2988]
1340 -- [1773  897]
1355 -- [1756  206]
1357 -- [2208 4411]
1359 -- [3962 4353]
1363 -- [3835 3108]
1366 -- [1287  776]
1367 -- [436 746]
1368 -- [3644 4563]
1378 -- [535 125]
1381 -- [4394 2505]
1385 -- [3419 4288]
1386 -- [38 92]
1390 -- [4308 3995]
1397 -- [4198 4428]
1406 -- [2829 4573]
1409 -- [3693 3726]
1417 -- [1676  618]
1418 -- [2054 3570]
1420 -- [1276  805]
1422 -- [2567 3557]
1433 -- [3022 2670]
1434 -- [4370 3991]
1447 -- [4360 3351]
1448 -- [  74 1571]
1449 -- [4178 2128]
1450 -- [ 217 1591]
1452 -- [ 215 1453]
1454 -- [666 465]
1465 -- [4111 4386]
1471 -- [2988 2989]
1478 -- [1050  351]
1480 -- [2132 4250]
1481 -- [500 519]
1490 -- [2934 4239]
1491 -- [283 214]
1493 -- [2615 2539]
1494 -- [578 640]
1496 -- [2637 4404]
1497 -- [1525  111]
1499 -- [ 170 1720]
1504 -- [2299 2495]
1508 -- [3554 1937]
1517 -- [4192 4502]
1519 -- [3040 2266]
1523 -- [3795 2831]
1527 -- [2555 2559]
1528 -- [1529  535]
1539 -- [2436 4038]
1541 -- [2679 4196]
1545 -- [4302 2529]
1547 -- [1814 2581]
1549 -- [3353 4389]
1550 -- [1080  478]
1552 -- [3235 2443]
1559 -- [4317 3525]
1562 -- [293 856]
1563 -- [294 301]
1567 -- [2921 2639]
1574 -- [303 535]
1589 -- [2527 3105]
1596 -- [2687 4067]
1599 -- [1811 1624]
1613 -- [2058 3176]
1618 -- [4273 3989]
1619 -- [2555 2378]
1632 -- [1070  166]
1633 -- [  38 1250]
1634 -- [ 349 1101]
1641 -- [4345 2530]
1648 -- [3508 3700]
1653 -- [4377 3372]
1659 -- [3506 4038]
1662 -- [1055 1691]
1663 -- [286  37]
1666 -- [ 32 323]
1668 -- [364 704]
1672 -- [2662 2143]
1673 -- [4302 3181]
1678 -- [ 103 1343]
1688 -- [ 899 1151]
1694 -- [2252 3036]
1696 -- [1513 1472]
1697 -- [3278 3821]
1709 -- [1946 2674]
1711 -- [1047  877]
-cl sat and violated: 1005 | 503  | total #cl: 1508 | -violated weight: 1006
2 -- [1687 3645]
6 -- [4386  311]
11 -- [2249  616]
15 -- [2674 1498]
23 -- [1964  739]
25 -- [3663  593]
37 -- [1239 4398]
40 -- [4450  501]
42 -- [ 582 4051]
44 -- [1050 2643]
45 -- [ 351 2571]
47 -- [3631 1201]
49 -- [1126 3589]
56 -- [1587 2689]
71 -- [2147  588]
73 -- [1617 4457]
75 -- [2444  239]
80 -- [4510 1201]
81 -- [4170 1424]
82 -- [2962 1808]
83 -- [2049 1039]
90 -- [ 210 2474]
92 -- [4223 1443]
93 -- [1711 4374]
98 -- [2703 1645]
101 -- [ 892 3060]
103 -- [4540 1623]
105 -- [4279  376]
111 -- [1976  774]
113 -- [2931 1790]
114 -- [ 139 3134]
115 -- [3514  794]
118 -- [2016 1646]
119 -- [4056 1709]
120 -- [1866  919]
121 -- [ 354 4450]
123 -- [ 748 1950]
131 -- [2889  599]
134 -- [1855  492]
135 -- [1507 2051]
142 -- [2643 1544]
149 -- [2194 1711]
153 -- [ 592 3225]
154 -- [1207 2739]
157 -- [1688 3961]
160 -- [3774 1220]
161 -- [1000 2085]
165 -- [ 443 2415]
167 -- [2018  206]
171 -- [1513 2987]
173 -- [4411  386]
176 -- [ 948 2381]
179 -- [2974 1096]
186 -- [3979 1487]
187 -- [ 408 3523]
189 -- [2651  500]
195 -- [2634 1675]
197 -- [ 550 2975]
198 -- [1789 2205]
199 -- [1624 3577]
201 -- [3164   69]
202 -- [1115 2313]
206 -- [ 868 3292]
207 -- [2224 1017]
209 -- [2419 1443]
210 -- [1887 1700]
218 -- [ 801 4275]
222 -- [ 386 3433]
224 -- [4579  580]
225 -- [4093  802]
227 -- [1723 3319]
228 -- [1440 4430]
232 -- [1951 1782]
233 -- [ 469 2327]
236 -- [1485 3015]
244 -- [3184  187]
245 -- [3052  391]
249 -- [ 448 3163]
251 -- [   6 3311]
254 -- [ 269 3148]
259 -- [4426 1485]
264 -- [1688 3536]
265 -- [1332 2063]
270 -- [1589 3420]
271 -- [ 337 1967]
280 -- [3052  408]
282 -- [3892  216]
288 -- [ 302 2975]
294 -- [1225 2532]
295 -- [1506 4225]
301 -- [3597  860]
305 -- [3588  509]
308 -- [1155 2760]
309 -- [ 737 3413]
310 -- [2189   43]
312 -- [3031  360]
314 -- [3784  229]
317 -- [1713 3968]
318 -- [1635 2756]
319 -- [3136  893]
323 -- [3499  773]
326 -- [3317 1603]
330 -- [2661  728]
334 -- [3138  547]
339 -- [ 721 4023]
347 -- [ 964 4338]
348 -- [1649 4596]
350 -- [ 926 3018]
358 -- [2948  974]
361 -- [3433   31]
362 -- [4199 1230]
374 -- [1999  250]
381 -- [ 668 1855]
398 -- [4323 1409]
399 -- [4462 1286]
401 -- [2790   47]
402 -- [3583 1711]
404 -- [3220 1269]
405 -- [1717 2441]
406 -- [1800 2463]
407 -- [3588 1689]
412 -- [1044 3909]
415 -- [3452  163]
429 -- [4434  151]
430 -- [3805 1614]
432 -- [3926  974]
433 -- [ 579 3775]
434 -- [ 462 1813]
435 -- [ 242 2459]
437 -- [ 478 4550]
439 -- [ 773 3061]
440 -- [1883  176]
442 -- [3272  408]
453 -- [3445  175]
457 -- [3240 1296]
459 -- [1373 3389]
466 -- [1934  314]
468 -- [ 295 3890]
473 -- [   0 3644]
477 -- [2763 1640]
478 -- [4341  709]
479 -- [3036  231]
483 -- [3822 1276]
485 -- [3760  984]
491 -- [  42 3032]
492 -- [ 371 3329]
494 -- [1351 4511]
495 -- [3201  674]
497 -- [1518 3731]
498 -- [3234  619]
500 -- [4496  535]
504 -- [ 423 2781]
505 -- [1318 3055]
512 -- [2611 1108]
513 -- [ 899 3421]
515 -- [4218 1775]
517 -- [3016  545]
518 -- [ 204 3899]
520 -- [3419  511]
522 -- [2170  736]
523 -- [1586 3989]
524 -- [2833  487]
525 -- [ 977 4220]
527 -- [3883  444]
528 -- [   0 2212]
541 -- [2496  423]
543 -- [4431  909]
546 -- [ 270 2548]
548 -- [  81 3435]
551 -- [4478 1574]
552 -- [ 926 2636]
553 -- [3383   60]
559 -- [2189 1506]
560 -- [3716  269]
561 -- [4477  229]
564 -- [ 585 2595]
568 -- [2845  381]
577 -- [1422 2173]
578 -- [2589 1723]
592 -- [ 286 1976]
593 -- [ 982 3449]
594 -- [   5 3216]
595 -- [2555  934]
596 -- [ 964 3328]
601 -- [ 567 2921]
602 -- [2217 1110]
603 -- [1060 4379]
620 -- [3713 1174]
622 -- [ 331 2105]
623 -- [1902 1560]
631 -- [2815 1675]
633 -- [1966  559]
636 -- [3028  817]
637 -- [ 192 2480]
638 -- [2417 1348]
639 -- [1582 3024]
646 -- [3004  333]
648 -- [2783  171]
651 -- [1396 2655]
652 -- [1925  748]
653 -- [3320 1671]
654 -- [ 826 2673]
655 -- [1757 3872]
657 -- [2301  314]
659 -- [2180 1470]
662 -- [1974 1377]
663 -- [2491  677]
665 -- [ 485 4140]
667 -- [4550  661]
668 -- [1357 2259]
671 -- [2491  568]
672 -- [2788  585]
674 -- [ 396 4545]
676 -- [1972 1663]
678 -- [3704  751]
679 -- [1705 4547]
681 -- [3345 1334]
686 -- [ 762 4079]
687 -- [1323 4562]
689 -- [4532  540]
690 -- [ 882 3868]
693 -- [1422 3561]
700 -- [ 857 2833]
701 -- [1486 3967]
702 -- [3863  681]
706 -- [1542 2826]
707 -- [1456 4536]
715 -- [ 334 2563]
717 -- [ 358 4515]
726 -- [ 618 3031]
732 -- [2175 1483]
733 -- [3056 1749]
747 -- [ 455 2703]
761 -- [1789 4483]
762 -- [ 766 1968]
767 -- [1430 4265]
768 -- [4236  153]
770 -- [ 627 4245]
773 -- [ 526 3238]
775 -- [3927 1720]
776 -- [ 299 3794]
778 -- [3416  994]
779 -- [1422 4094]
780 -- [2299 1464]
781 -- [4438 1270]
782 -- [3083  448]
784 -- [2693  122]
786 -- [2076  474]
787 -- [1237 4269]
788 -- [ 964 3269]
794 -- [1379 4409]
795 -- [ 395 3754]
796 -- [1768 2637]
798 -- [2738  438]
799 -- [1248 3557]
801 -- [3126 1658]
808 -- [ 164 2049]
811 -- [3408 1281]
813 -- [3796  343]
818 -- [4027 1351]
820 -- [ 500 4407]
822 -- [3919 1393]
828 -- [ 413 3428]
829 -- [4152 1494]
836 -- [3166  957]
837 -- [3984 1234]
838 -- [ 926 1857]
843 -- [1708 2542]
845 -- [ 602 3502]
849 -- [ 286 1977]
853 -- [ 650 3710]
854 -- [1411 2416]
856 -- [3748  109]
858 -- [4312  571]
859 -- [4579  707]
860 -- [ 700 1940]
861 -- [3388  906]
862 -- [1257 3463]
865 -- [1051 3306]
867 -- [ 232 3554]
868 -- [  60 2284]
870 -- [1205 2787]
874 -- [ 471 3132]
875 -- [1600 4437]
880 -- [4234  214]
881 -- [4551  867]
884 -- [ 860 3618]
887 -- [2642  325]
888 -- [2500  533]
889 -- [1333 3332]
892 -- [2942  159]
897 -- [ 985 2510]
903 -- [2049 1565]
907 -- [ 121 3430]
909 -- [2773  214]
912 -- [ 484 3863]
913 -- [1223 1910]
914 -- [ 800 2783]
920 -- [1672 2443]
922 -- [1388 2947]
923 -- [ 440 2302]
926 -- [4236 1043]
931 -- [ 132 3554]
933 -- [ 638 2461]
939 -- [ 701 3360]
940 -- [3064 1316]
942 -- [ 906 3213]
944 -- [3893  399]
945 -- [1973  621]
948 -- [ 136 3043]
949 -- [ 735 2040]
955 -- [2536  567]
963 -- [2190  426]
964 -- [4557  533]
970 -- [4163  569]
975 -- [1933  858]
976 -- [1408 2259]
981 -- [4562 1559]
982 -- [1986  345]
983 -- [1695 3787]
986 -- [ 965 3052]
990 -- [4143 1453]
994 -- [1208 2196]
998 -- [4269   93]
999 -- [ 174 2713]
1003 -- [ 892 4548]
1006 -- [2276  909]
1013 -- [1865  481]
1014 -- [ 210 3623]
1022 -- [  78 1929]
1023 -- [4051 1169]
1028 -- [1048 4254]
1029 -- [3485 1111]
1034 -- [ 378 3402]
1036 -- [4499  189]
1040 -- [2137  228]
1043 -- [  33 2551]
1044 -- [4321 1028]
1045 -- [3276  567]
1058 -- [ 276 4576]
1060 -- [ 545 3213]
1063 -- [2076  760]
1066 -- [1623 3876]
1067 -- [3631 1488]
1072 -- [ 889 2263]
1075 -- [1695 3538]
1078 -- [ 401 4242]
1081 -- [2089  955]
1083 -- [ 744 3404]
1085 -- [1636 4092]
1086 -- [4348 1723]
1087 -- [1045 3239]
1089 -- [3214  125]
1090 -- [1294 2067]
1091 -- [ 888 2832]
1093 -- [3140 1671]
1096 -- [1550 3904]
1097 -- [4183 1198]
1101 -- [ 498 2490]
1106 -- [ 338 4352]
1107 -- [ 899 2732]
1111 -- [   3 2667]
1115 -- [3461 1789]
1122 -- [1855  605]
1123 -- [ 835 2447]
1124 -- [ 179 2162]
1125 -- [ 506 3951]
1127 -- [1082 1852]
1128 -- [4597  452]
1130 -- [3662 1478]
1136 -- [ 226 2829]
1140 -- [4435 1734]
1145 -- [3094  829]
1146 -- [1592 2783]
1149 -- [ 674 2907]
1151 -- [2304  572]
1154 -- [2965 1804]
1156 -- [2629 1386]
1159 -- [ 615 3997]
1160 -- [ 758 4250]
1161 -- [1336 2807]
1163 -- [3674 1233]
1176 -- [3026 1443]
1183 -- [ 875 2786]
1184 -- [2187  994]
1186 -- [2810  774]
1188 -- [4070  443]
1193 -- [1796 1985]
1198 -- [ 965 2982]
1200 -- [1412 3744]
1201 -- [ 655 4184]
1205 -- [ 867 2935]
1211 -- [2179   79]
1217 -- [3061 1736]
1218 -- [1296 2069]
1219 -- [ 546 4532]
1221 -- [1624 2073]
1223 -- [2017    4]
1224 -- [1411 2502]
1229 -- [1368 2797]
1231 -- [1766 2404]
1235 -- [1668 3429]
1242 -- [3267 1506]
1245 -- [4140 1628]
1250 -- [ 391 3074]
1252 -- [2854 1389]
1254 -- [ 874 4176]
1255 -- [1624 2001]
1259 -- [1490 2728]
1260 -- [2296  383]
1264 -- [ 641 2725]
1265 -- [4400 1739]
1266 -- [3224 1651]
1269 -- [ 211 2238]
1270 -- [1016 3843]
1273 -- [3407  985]
1276 -- [3239  236]
1279 -- [1111 2104]
1280 -- [ 265 3789]
1286 -- [  28 3066]
1292 -- [1544 2613]
1294 -- [4098 1789]
1296 -- [3678 1429]
1299 -- [4530  121]
1300 -- [ 166 2622]
1305 -- [3969 1490]
1307 -- [1044 2745]
1312 -- [3315 1107]
1314 -- [ 751 3642]
1317 -- [2298  195]
1319 -- [1382 3621]
1320 -- [2474  351]
1330 -- [ 449 3679]
1331 -- [ 284 3692]
1333 -- [ 432 4300]
1335 -- [ 958 3393]
1338 -- [2639  903]
1340 -- [ 751 2706]
1341 -- [2574 1194]
1342 -- [1273 2506]
1349 -- [ 135 3523]
1350 -- [3603  666]
1351 -- [ 195 3578]
1356 -- [2030 1201]
1357 -- [3841 1198]
1360 -- [ 194 2838]
1361 -- [4594  139]
1362 -- [4372  625]
1364 -- [1694 3445]
1369 -- [2064 1646]
1371 -- [2052  472]
1372 -- [1100 3626]
1373 -- [2199 1371]
1375 -- [3918  436]
1378 -- [3714  120]
1379 -- [4221 1012]
1382 -- [  20 2525]
1388 -- [2829  222]
1390 -- [4447  463]
1392 -- [1855  642]
1400 -- [1287 2964]
1401 -- [1071 2542]
1406 -- [2813 1731]
1407 -- [1916 1371]
1408 -- [ 444 2288]
1413 -- [4303  305]
1415 -- [1351 2928]
1420 -- [1865  858]
1426 -- [2918 1224]
1427 -- [1668 4136]
1428 -- [3908  982]
1433 -- [4105  233]
1434 -- [2918   65]
1435 -- [1223 2157]
1437 -- [ 521 3529]
1438 -- [2507 1711]
1441 -- [2196 1301]
1442 -- [3714  136]
1444 -- [3306 1804]
1446 -- [1617 3574]
1457 -- [4135  337]
1458 -- [4317  449]
1460 -- [3816 1663]
1461 -- [3283  899]
1462 -- [1089 4263]
1464 -- [1070 2459]
1466 -- [2213 1584]
1470 -- [2171  669]
1473 -- [2976 1429]
1474 -- [1869  228]
1475 -- [1951  705]
1478 -- [4543 1560]
1480 -- [1331 3505]
1481 -- [3908 1749]
1483 -- [3908  618]
1484 -- [ 601 2257]
1486 -- [3219 1623]
1489 -- [1466 1864]
1491 -- [4597 1091]
1493 -- [3143  739]
1500 -- [2574  843]
1501 -- [3539 1305]
1507 -- [1577 2904]
7 -time: 0.02453 -dim: (11172, 2)
8 -time: 0.00015 -dim: (7, 57)
9 -time: 4.42968 -dim: (1835400, 3)
10 -time: 5.95853 -dim: (1730141, 3)
11_12 -time: 0.22376 -dim: [110424, 2]
13 -time: 0.08671 -dim: (36808, 4)
14_15 -time: 0.03505 -dim: [798, 2]
16 -time: 0.00001 -dim: (0, 2)
17_18 -time: 0.33869 -dim: [73616, 3]
19 -time: 0.00009 -dim: (1, 1)
20 -time: 0.24262 -dim: (0, 4601)
21 -time: 0.00077 -dim: (1, 4601)
22 -time: 0.00007 -dim: (1508, 3)
23 -time: 0.00002 -dim: (1508, 3)
24 -time: 0.00003 -dim: (0, 5)
25 -time: 0.00006 -dim: (1712, 3)
26 -time: 0.00003 -dim: (1712, 3)
smtPr 22-26 -time: 0.01162 -dim: nan
slvr_header -time: 1.38448 -dim: nan
*solver* -time: 900.05444 -dim: nan
res_read -time: 0.04742 -dim: nan
-- SUM CL TIME: 11.35242          |  SUM other TIME: 901.48634          |  SUM TIME: 912.83876
