num branch_node: 7
num leaf_node: 8
num feature: 57
tree_depth: 3
num label: 2
nDC: 2432

***variables
a: 1 - 399 -> 399
s: 400 - 32606 -> 32207
z: 32607 - 69414 -> 36808
g: 69415 - 69430 -> 16
x: 69431 - 78632 -> 9202
ml: 78633 - 79867 -> 1235
cl: 79868 - 80932 -> 1065

variables***
[debug] --> CL ML ratio 2
the cl header --> p wcnf 80932 3805268 3366

timeout 900s ~/SAT_Project/loandra-master/loandra_static -pmreslin-cglim=30 -weight-strategy=1 -print-model -verbosity=1 ./solutions/spam_0.1_mc0.5_s2352_r2/phase_1_clauses_final >./solutions/spam_0.1_mc0.5_s2352_r2/phase_1_loandra_res

Start to read loandra res
*loandra status: SATISFIABLE
-ml sat and violated: 1003 | 232  | total #ml: 1235 | -violated weight: 232
1 -- [2919 3655]
13 -- [1687  568]
15 -- [1508 1032]
24 -- [3206 3986]
25 -- [  58 1297]
34 -- [1220  993]
37 -- [3401 3932]
38 -- [1705  437]
39 -- [4336 2693]
40 -- [3301 4353]
43 -- [3912 2113]
51 -- [1384  610]
59 -- [842 867]
62 -- [4121 3505]
65 -- [4372 3299]
66 -- [ 379 1463]
76 -- [4198 3814]
79 -- [645 685]
83 -- [1938 2938]
86 -- [3430 2441]
90 -- [619 407]
107 -- [1046  967]
108 -- [2874 3097]
109 -- [1230  305]
112 -- [3246 1818]
113 -- [ 750 1594]
136 -- [4097 4430]
139 -- [ 929 1714]
157 -- [  57 1229]
170 -- [271 792]
171 -- [4520 3109]
177 -- [1760  233]
187 -- [3050 4215]
189 -- [3642 2326]
195 -- [3872 4420]
201 -- [  57 1025]
207 -- [ 152 1226]
216 -- [3402 2184]
219 -- [1723  116]
221 -- [ 391 1704]
228 -- [4137 3235]
229 -- [ 516 1017]
233 -- [403  26]
237 -- [4388 4025]
244 -- [4288 2631]
246 -- [3430 4519]
254 -- [1985 3657]
257 -- [3307 4426]
259 -- [544 620]
270 -- [1399 1317]
274 -- [4508 2014]
275 -- [2838 2416]
284 -- [2680 2838]
294 -- [1514  730]
296 -- [ 444 1293]
301 -- [2827 4435]
303 -- [552 269]
307 -- [4338 4079]
309 -- [1227 1292]
327 -- [1938 3277]
335 -- [4139 2843]
336 -- [873 588]
342 -- [1526    8]
349 -- [781 429]
362 -- [ 352 1560]
365 -- [1529  740]
374 -- [3187 4245]
380 -- [1194 1622]
381 -- [ 852 1421]
383 -- [ 182 1108]
384 -- [1467 1735]
385 -- [3523 4137]
390 -- [3292 3427]
395 -- [2144 2304]
406 -- [3293 4061]
408 -- [4195 2532]
410 -- [ 987 1497]
414 -- [803 209]
416 -- [1390  759]
426 -- [ 74 845]
429 -- [4173 3185]
430 -- [454 792]
436 -- [1213 1178]
437 -- [ 324 1759]
439 -- [1803 1721]
441 -- [3544 2362]
448 -- [1310   94]
449 -- [1159  157]
455 -- [4348 4198]
464 -- [ 373 1594]
468 -- [ 412 1205]
471 -- [4121 2495]
479 -- [1722  502]
482 -- [1623  178]
488 -- [3985 3206]
489 -- [1469  390]
491 -- [1641 1481]
493 -- [4118 2403]
501 -- [3978 4315]
507 -- [402 459]
510 -- [3428 2963]
513 -- [1745 1685]
517 -- [2461 1898]
521 -- [403 525]
532 -- [1622  744]
534 -- [4138 3593]
538 -- [2016 4289]
547 -- [1189  428]
556 -- [4441 3540]
557 -- [3943 2912]
559 -- [ 489 1049]
561 -- [931 805]
571 -- [1610 1502]
580 -- [2840 4232]
586 -- [1668  683]
592 -- [2892 4203]
593 -- [1951 3156]
599 -- [2305 4470]
604 -- [3289 4076]
607 -- [3280 3905]
610 -- [2764 2809]
611 -- [442 246]
615 -- [786 324]
620 -- [3329 3233]
624 -- [241 781]
641 -- [ 634 1687]
642 -- [2307 4208]
644 -- [1734 1716]
652 -- [3053 4590]
657 -- [2322 2874]
662 -- [1571  473]
666 -- [1058  441]
680 -- [2540 4411]
681 -- [2043 2150]
688 -- [4398 4258]
697 -- [2631 4442]
699 -- [3452 1979]
707 -- [1178  166]
711 -- [1599 1110]
714 -- [1056  519]
732 -- [282 743]
733 -- [1789 1413]
735 -- [4336 1952]
737 -- [4405 3233]
740 -- [1162 1515]
748 -- [4337 3483]
753 -- [2353 2809]
754 -- [1529  831]
768 -- [595 674]
770 -- [ 703 1290]
792 -- [1091  687]
795 -- [ 869 1159]
799 -- [3780 4432]
803 -- [ 597 1220]
811 -- [2134 4102]
816 -- [1591 1219]
825 -- [ 109 1340]
830 -- [2147 4087]
839 -- [ 488 1461]
842 -- [4590 2424]
843 -- [1932 3430]
870 -- [764 303]
881 -- [3896 4044]
898 -- [4087 4243]
901 -- [561 238]
905 -- [1042  978]
914 -- [1998 4139]
924 -- [1245  550]
926 -- [1342  263]
932 -- [1658  168]
933 -- [184 628]
949 -- [ 104 1549]
964 -- [4458 3972]
967 -- [3484 4201]
971 -- [1706 1797]
979 -- [4138 4034]
980 -- [1455 1254]
986 -- [2796 4520]
988 -- [4133 2392]
990 -- [4415 3009]
993 -- [1511  540]
998 -- [1219 1476]
1002 -- [3229 4338]
1006 -- [ 852 1682]
1008 -- [2473 3233]
1010 -- [102 396]
1022 -- [4252 4521]
1025 -- [1643 1463]
1032 -- [1192  556]
1033 -- [4264 4458]
1035 -- [4186 2114]
1041 -- [3929 4210]
1043 -- [2305 3552]
1056 -- [485 905]
1057 -- [ 325 1673]
1058 -- [295 208]
1059 -- [400 558]
1070 -- [548  28]
1083 -- [3440 3252]
1087 -- [2431 3323]
1088 -- [2378 4435]
1091 -- [1182 1205]
1092 -- [ 662 1499]
1095 -- [1508  732]
1096 -- [625 810]
1101 -- [773 273]
1102 -- [  87 1723]
1108 -- [3298 3736]
1123 -- [4199 2801]
1126 -- [4104 2917]
1132 -- [ 599 1582]
1135 -- [2884 4332]
1152 -- [ 27 140]
1154 -- [2388 2931]
1155 -- [3501 2464]
1156 -- [620 859]
1162 -- [1255 1090]
1175 -- [2841 1813]
1183 -- [4018 3139]
1186 -- [1721  576]
1188 -- [2241 2304]
1193 -- [2743 4415]
1195 -- [158 647]
1200 -- [4049 3709]
1201 -- [ 53 478]
1202 -- [1586  936]
1208 -- [1382  959]
1212 -- [1383   23]
1216 -- [2632 3156]
1222 -- [2884 2706]
1225 -- [ 536 1383]
1233 -- [3671 2545]
-cl sat and violated: 805 | 260  | total #cl: 1065 | -violated weight: 520
2 -- [1687 3645]
10 -- [2601  459]
23 -- [1964  739]
32 -- [3238 1399]
41 -- [1181 4549]
45 -- [ 351 2571]
48 -- [1267 2860]
49 -- [1126 3589]
51 -- [2102 1079]
56 -- [1587 2689]
58 -- [3570  278]
73 -- [1617 4457]
80 -- [4510 1201]
83 -- [2049 1039]
85 -- [2249 1508]
98 -- [2703 1645]
99 -- [2748 1231]
106 -- [3309 1311]
108 -- [1231 3443]
112 -- [4108 1745]
116 -- [2036  679]
118 -- [2016 1646]
119 -- [4056 1709]
124 -- [1525 2921]
128 -- [4190  324]
131 -- [2889  599]
138 -- [3189 1342]
146 -- [1553 3192]
150 -- [3477  890]
159 -- [ 652 4209]
163 -- [3426  256]
170 -- [2888 1213]
171 -- [1513 2987]
172 -- [1197 2994]
173 -- [4411  386]
174 -- [2939  971]
176 -- [ 948 2381]
179 -- [2974 1096]
184 -- [ 366 3887]
188 -- [3885  203]
189 -- [2651  500]
191 -- [ 777 3143]
197 -- [ 550 2975]
198 -- [1789 2205]
200 -- [ 644 4565]
206 -- [ 868 3292]
207 -- [2224 1017]
208 -- [1280 4186]
210 -- [1887 1700]
211 -- [1925  675]
215 -- [1090 3626]
217 -- [1686 4420]
223 -- [3624 1074]
227 -- [1723 3319]
228 -- [1440 4430]
233 -- [ 469 2327]
237 -- [ 376 2931]
239 -- [ 675 2374]
245 -- [3052  391]
248 -- [ 631 1838]
255 -- [2734  381]
258 -- [4486 1730]
259 -- [4426 1485]
263 -- [1792 3921]
265 -- [1332 2063]
269 -- [ 245 2649]
274 -- [1504 2284]
276 -- [3417  519]
277 -- [2751 1726]
279 -- [2671 1206]
286 -- [4410 1553]
287 -- [ 852 2109]
292 -- [ 459 4192]
293 -- [ 570 3592]
294 -- [1225 2532]
297 -- [ 839 4372]
304 -- [3650 1131]
306 -- [4285  266]
307 -- [4415  122]
309 -- [ 737 3413]
310 -- [2189   43]
311 -- [1086 2840]
312 -- [3031  360]
313 -- [1086 2326]
318 -- [1635 2756]
319 -- [3136  893]
320 -- [4064  905]
324 -- [4361 1256]
330 -- [2661  728]
334 -- [3138  547]
338 -- [ 519 3949]
343 -- [1206 2831]
345 -- [ 589 3326]
347 -- [ 964 4338]
348 -- [1649 4596]
350 -- [ 926 3018]
351 -- [2809 1772]
365 -- [3164 1746]
370 -- [1326 2417]
372 -- [2512 1484]
374 -- [1999  250]
377 -- [1646 2071]
395 -- [2824 1032]
397 -- [2166 1185]
405 -- [1717 2441]
408 -- [2143  109]
410 -- [1774 3628]
415 -- [3452  163]
416 -- [2892 1168]
423 -- [3788 1504]
426 -- [4206 1327]
429 -- [4434  151]
434 -- [ 462 1813]
435 -- [ 242 2459]
437 -- [ 478 4550]
440 -- [1883  176]
446 -- [1942 1096]
449 -- [1472 3995]
451 -- [4417  203]
453 -- [3445  175]
456 -- [3729  301]
484 -- [2156  546]
486 -- [3496 1762]
493 -- [1310 2174]
495 -- [3201  674]
498 -- [3234  619]
499 -- [3118  648]
501 -- [1185 3687]
506 -- [1931 1759]
515 -- [4218 1775]
517 -- [3016  545]
519 -- [1181 4007]
524 -- [2833  487]
525 -- [ 977 4220]
527 -- [3883  444]
539 -- [3535  617]
543 -- [4431  909]
550 -- [ 266 4001]
553 -- [3383   60]
554 -- [ 308 3429]
562 -- [ 330 3120]
564 -- [ 585 2595]
568 -- [2845  381]
578 -- [2589 1723]
582 -- [ 785 3930]
590 -- [2507 1567]
594 -- [   5 3216]
595 -- [2555  934]
599 -- [1745 3746]
601 -- [ 567 2921]
602 -- [2217 1110]
604 -- [1852 1414]
606 -- [ 964 2431]
607 -- [ 301 3755]
608 -- [ 225 4107]
609 -- [ 569 2615]
618 -- [ 152 4004]
623 -- [1902 1560]
630 -- [2213  570]
631 -- [2815 1675]
645 -- [3932 1096]
646 -- [3004  333]
650 -- [4137  129]
655 -- [1757 3872]
664 -- [4260 1383]
665 -- [ 485 4140]
667 -- [4550  661]
668 -- [1357 2259]
669 -- [4055  464]
672 -- [2788  585]
677 -- [1225 1828]
678 -- [3704  751]
679 -- [1705 4547]
681 -- [3345 1334]
686 -- [ 762 4079]
689 -- [4532  540]
694 -- [1616 2840]
699 -- [ 841 3391]
702 -- [3863  681]
703 -- [1587 2079]
710 -- [ 614 4133]
713 -- [2784 1232]
714 -- [ 242 4356]
722 -- [2012 1162]
725 -- [1606 2547]
727 -- [4183  546]
730 -- [4461 1504]
731 -- [1590 3449]
732 -- [2175 1483]
733 -- [3056 1749]
752 -- [ 459 3990]
759 -- [ 278 3832]
761 -- [1789 4483]
771 -- [ 441 3579]
793 -- [1560 3241]
798 -- [2738  438]
800 -- [4524  203]
801 -- [3126 1658]
802 -- [1538 4271]
806 -- [2592  848]
807 -- [ 441 3244]
819 -- [1478 1828]
820 -- [ 500 4407]
822 -- [3919 1393]
824 -- [ 672 4568]
827 -- [4212  622]
829 -- [4152 1494]
831 -- [3920 1408]
833 -- [1714 3028]
845 -- [ 602 3502]
846 -- [ 461 4165]
847 -- [4280  570]
848 -- [3543 1765]
852 -- [3032 1038]
856 -- [3748  109]
857 -- [3774 1730]
863 -- [1545 2395]
868 -- [  60 2284]
870 -- [1205 2787]
873 -- [3761  235]
874 -- [ 471 3132]
875 -- [1600 4437]
877 -- [1206 3066]
880 -- [4234  214]
881 -- [4551  867]
885 -- [2307 1399]
887 -- [2642  325]
888 -- [2500  533]
889 -- [1333 3332]
897 -- [ 985 2510]
899 -- [ 803 1942]
901 -- [1686 3425]
902 -- [4363  458]
907 -- [ 121 3430]
909 -- [2773  214]
933 -- [ 638 2461]
939 -- [ 701 3360]
941 -- [1765 2843]
943 -- [3074 1550]
947 -- [1310 3664]
949 -- [ 735 2040]
955 -- [2536  567]
966 -- [1770 4018]
971 -- [ 466 2362]
972 -- [2676  643]
983 -- [1695 3787]
989 -- [1213 1953]
999 -- [ 174 2713]
1013 -- [1865  481]
1020 -- [1041 3068]
1021 -- [3309 1322]
1027 -- [2718  515]
1030 -- [1735 2561]
1034 -- [ 378 3402]
1038 -- [ 868 4241]
1046 -- [1404 4201]
1052 -- [1042 3862]
1054 -- [3452  637]
1059 -- [1321 1920]
1060 -- [ 545 3213]
7 -time: 0.02066 -dim: (11172, 2)
8 -time: 0.00014 -dim: (7, 57)
9 -time: 3.89382 -dim: (1835400, 3)
10 -time: 5.39804 -dim: (1730141, 3)
11_12 -time: 0.19303 -dim: [110424, 2]
13 -time: 0.07438 -dim: (36808, 4)
14_15 -time: 0.03426 -dim: [798, 2]
16 -time: 0.00001 -dim: (0, 2)
17_18 -time: 0.38573 -dim: [73616, 3]
19 -time: 0.00008 -dim: (1, 1)
20 -time: 0.23517 -dim: (0, 4601)
21 -time: 0.00077 -dim: (1, 4601)
22 -time: 0.00004 -dim: (1065, 3)
23 -time: 0.00002 -dim: (1065, 3)
24 -time: 0.00003 -dim: (0, 5)
25 -time: 0.00003 -dim: (1235, 3)
26 -time: 0.00003 -dim: (1235, 3)
smtPr 22-26 -time: 0.00707 -dim: nan
slvr_header -time: 1.21545 -dim: nan
*solver* -time: 900.06829 -dim: nan
res_read -time: 0.03641 -dim: nan
-- SUM CL TIME: 10.24331          |  SUM other TIME: 901.32015          |  SUM TIME: 911.56346
