num branch_node: 7
num leaf_node: 8
num feature: 57
tree_depth: 3
num label: 2
nDC: 2432

***variables
a: 1 - 399 -> 399
s: 400 - 32606 -> 32207
z: 32607 - 69414 -> 36808
g: 69415 - 69430 -> 16
x: 69431 - 78632 -> 9202
ml: 78633 - 82289 -> 3657
cl: 82290 - 85533 -> 3244

variables***
[debug] --> CL ML ratio 1
the cl header --> p wcnf 85533 3819071 6902

timeout 900s ~/SAT_Project/loandra-master/loandra_static -pmreslin-cglim=30 -weight-strategy=1 -print-model -verbosity=1 ./solutions/spam_0.1_mc1.5_s2352_r1/phase_1_clauses_final >./solutions/spam_0.1_mc1.5_s2352_r1/phase_1_loandra_res

Start to read loandra res
*loandra status: SATISFIABLE
-ml sat and violated: 2558 | 1099  | total #ml: 3657 | -violated weight: 1099
1 -- [2919 3655]
8 -- [3278 1942]
9 -- [960 393]
10 -- [3271 3692]
11 -- [ 388 1634]
13 -- [1687  568]
15 -- [1508 1032]
22 -- [3322 2514]
24 -- [3206 3986]
25 -- [  58 1297]
28 -- [2877 4373]
29 -- [2703 2626]
36 -- [2110 2490]
40 -- [3301 4353]
43 -- [3912 2113]
50 -- [ 814 1654]
52 -- [3731 4222]
53 -- [3785 3696]
55 -- [2628 2793]
59 -- [842 867]
62 -- [4121 3505]
63 -- [2124 2621]
70 -- [4166 2495]
71 -- [4242 3175]
72 -- [3064 3685]
75 -- [1851 2663]
76 -- [4198 3814]
79 -- [645 685]
81 -- [1052 1750]
83 -- [1938 2938]
84 -- [3334 3996]
87 -- [4529 4092]
90 -- [619 407]
95 -- [3798 2479]
103 -- [4067 4375]
105 -- [3361 4384]
108 -- [2874 3097]
109 -- [1230  305]
111 -- [3690 4479]
112 -- [3246 1818]
117 -- [3521 3433]
131 -- [2556 2561]
136 -- [4097 4430]
139 -- [ 929 1714]
140 -- [159 686]
142 -- [2137 4562]
144 -- [3761 2780]
150 -- [3291 4355]
153 -- [4028 4551]
155 -- [2997 1920]
156 -- [3108 2135]
162 -- [ 549 1040]
170 -- [271 792]
176 -- [3633 2071]
177 -- [1760  233]
178 -- [3595 3850]
179 -- [3142 2447]
182 -- [1821 3568]
184 -- [  67 1748]
186 -- [2087 1927]
187 -- [3050 4215]
191 -- [3489 4489]
192 -- [ 371 1558]
194 -- [1082  756]
195 -- [3872 4420]
201 -- [  57 1025]
206 -- [ 389 1410]
210 -- [1505 1323]
211 -- [2244 2889]
213 -- [294 742]
216 -- [3402 2184]
217 -- [1776   26]
221 -- [ 391 1704]
223 -- [3918 4443]
224 -- [2760 3701]
229 -- [ 516 1017]
233 -- [403  26]
241 -- [2909 3410]
243 -- [2776 1984]
244 -- [4288 2631]
246 -- [3430 4519]
254 -- [1985 3657]
257 -- [3307 4426]
258 -- [4383 2469]
259 -- [544 620]
262 -- [ 463 1168]
266 -- [2275 2314]
274 -- [4508 2014]
275 -- [2838 2416]
282 -- [3368 4112]
283 -- [2783 3596]
284 -- [2680 2838]
287 -- [2834 3748]
290 -- [ 133 1094]
294 -- [1514  730]
296 -- [ 444 1293]
300 -- [ 650 1559]
301 -- [2827 4435]
305 -- [1299 1224]
307 -- [4338 4079]
309 -- [1227 1292]
314 -- [2442 1954]
320 -- [2528 1872]
321 -- [1791 1626]
327 -- [1938 3277]
329 -- [3017 1940]
330 -- [1640 1578]
331 -- [2664 2232]
335 -- [4139 2843]
336 -- [873 588]
342 -- [1526    8]
345 -- [4485 4072]
346 -- [3731 3541]
347 -- [2171 3059]
349 -- [781 429]
351 -- [1048 1387]
354 -- [4565 2725]
355 -- [3923 4128]
364 -- [2581 3108]
367 -- [1967 4465]
368 -- [2927 2171]
369 -- [3526 3593]
370 -- [2189 3299]
380 -- [1194 1622]
381 -- [ 852 1421]
384 -- [1467 1735]
386 -- [1351  993]
391 -- [3071 4164]
392 -- [3699 3295]
394 -- [3143 2997]
395 -- [2144 2304]
396 -- [3208 3721]
406 -- [3293 4061]
408 -- [4195 2532]
409 -- [1338 1604]
410 -- [ 987 1497]
412 -- [3108 3191]
413 -- [4318 3552]
416 -- [1390  759]
420 -- [1542  855]
423 -- [3014 4502]
428 -- [4525 2248]
430 -- [454 792]
436 -- [1213 1178]
438 -- [2628 2020]
439 -- [1803 1721]
443 -- [4166 3280]
453 -- [2370 3864]
455 -- [4348 4198]
462 -- [ 299 1467]
466 -- [3841 2689]
470 -- [ 480 1178]
472 -- [3638 2740]
473 -- [1914 2042]
475 -- [2203 3673]
477 -- [2417 2852]
479 -- [1722  502]
482 -- [1623  178]
485 -- [ 68 227]
488 -- [3985 3206]
489 -- [1469  390]
493 -- [4118 2403]
496 -- [2352 4355]
500 -- [ 943 1781]
503 -- [3733 1927]
507 -- [402 459]
511 -- [3182 3508]
514 -- [1675 1513]
515 -- [1992 3848]
517 -- [2461 1898]
518 -- [4443 3778]
520 -- [ 357 1387]
525 -- [852 543]
532 -- [1622  744]
538 -- [2016 4289]
541 -- [403 620]
544 -- [1051  874]
554 -- [4012 3696]
556 -- [4441 3540]
557 -- [3943 2912]
559 -- [ 489 1049]
560 -- [3278 2308]
561 -- [931 805]
565 -- [4280 2708]
567 -- [ 36 694]
568 -- [1642 1753]
578 -- [3623 3699]
584 -- [2627 4533]
586 -- [1668  683]
592 -- [2892 4203]
594 -- [3996 2183]
599 -- [2305 4470]
600 -- [592 117]
604 -- [3289 4076]
606 -- [ 914 1443]
608 -- [4163 3358]
612 -- [2427 3416]
618 -- [1469 1284]
619 -- [3929 3822]
624 -- [241 781]
628 -- [ 719 1545]
641 -- [ 634 1687]
643 -- [2990 2289]
644 -- [1734 1716]
647 -- [2124 3523]
650 -- [3703 3797]
652 -- [3053 4590]
654 -- [ 245 1752]
657 -- [2322 2874]
668 -- [1154  935]
669 -- [3974 3235]
675 -- [1371 1436]
680 -- [2540 4411]
682 -- [ 451 1184]
692 -- [3765 4259]
694 -- [3198 3917]
697 -- [2631 4442]
699 -- [3452 1979]
701 -- [2267 3470]
706 -- [3310 3022]
709 -- [4507 4166]
717 -- [3765 3829]
720 -- [2236 3530]
722 -- [1108  292]
723 -- [2071 3339]
724 -- [4265 2797]
732 -- [282 743]
733 -- [1789 1413]
734 -- [1173 1433]
735 -- [4336 1952]
736 -- [4221 4054]
740 -- [1162 1515]
746 -- [4241 1846]
748 -- [4337 3483]
749 -- [880 110]
750 -- [982 623]
763 -- [   9 1121]
768 -- [595 674]
770 -- [ 703 1290]
771 -- [4489 2027]
776 -- [4163 4065]
787 -- [344 186]
795 -- [ 869 1159]
798 -- [2357 1853]
799 -- [3780 4432]
805 -- [2243 4028]
806 -- [3376 4384]
815 -- [4365 4318]
816 -- [1591 1219]
818 -- [3797 2513]
822 -- [3024 2317]
830 -- [2147 4087]
834 -- [1415 1512]
840 -- [2617 3719]
842 -- [4590 2424]
852 -- [4465 3569]
853 -- [1904 3191]
857 -- [4028 2405]
859 -- [2459 1981]
868 -- [2971 2818]
874 -- [3475 4462]
878 -- [2955 2991]
879 -- [4462 2662]
880 -- [2155 1927]
882 -- [1457  880]
888 -- [3363 2314]
891 -- [ 626 1234]
894 -- [3960 3505]
898 -- [4087 4243]
899 -- [ 16 644]
905 -- [1042  978]
906 -- [1375  763]
908 -- [2200 1936]
909 -- [963 587]
910 -- [4307 4479]
911 -- [3174 4502]
913 -- [3120 2552]
923 -- [2510 3012]
928 -- [2740 2123]
929 -- [628 860]
931 -- [4169 4286]
932 -- [1658  168]
933 -- [184 628]
945 -- [3575 2526]
949 -- [ 104 1549]
950 -- [4349 3205]
951 -- [401 319]
952 -- [4420 3320]
954 -- [ 319 1396]
959 -- [2708 1860]
964 -- [4458 3972]
967 -- [3484 4201]
983 -- [2315 3405]
985 -- [2521 2699]
989 -- [3294 3389]
991 -- [3941 2151]
993 -- [1511  540]
997 -- [3238 2314]
998 -- [1219 1476]
999 -- [3382 4072]
1001 -- [3267 2993]
1002 -- [3229 4338]
1005 -- [2081 2778]
1006 -- [ 852 1682]
1009 -- [2442 2231]
1010 -- [102 396]
1017 -- [2580 4056]
1022 -- [4252 4521]
1028 -- [2954 4392]
1031 -- [3369 4577]
1032 -- [1192  556]
1033 -- [4264 4458]
1035 -- [4186 2114]
1038 -- [4002 4597]
1039 -- [2307 4241]
1041 -- [3929 4210]
1052 -- [3368 4326]
1054 -- [2186 2845]
1057 -- [ 325 1673]
1066 -- [ 35 716]
1068 -- [3698 3863]
1075 -- [2084 2505]
1082 -- [3879 2392]
1083 -- [3440 3252]
1085 -- [2177 2250]
1086 -- [3392 4134]
1087 -- [2431 3323]
1088 -- [2378 4435]
1090 -- [1856 2155]
1091 -- [1182 1205]
1092 -- [ 662 1499]
1095 -- [1508  732]
1098 -- [2276 2218]
1101 -- [773 273]
1102 -- [  87 1723]
1105 -- [2369 2887]
1107 -- [4570 3417]
1108 -- [3298 3736]
1109 -- [3298 2400]
1110 -- [4384 3409]
1111 -- [1130 1457]
1119 -- [2651 4281]
1120 -- [2103 4529]
1123 -- [4199 2801]
1126 -- [4104 2917]
1129 -- [659 974]
1133 -- [3227 4233]
1135 -- [2884 4332]
1136 -- [4369 2023]
1137 -- [2347 3180]
1146 -- [1233  884]
1152 -- [ 27 140]
1153 -- [1402 1236]
1155 -- [3501 2464]
1156 -- [620 859]
1157 -- [2829 3800]
1160 -- [2794 4266]
1161 -- [2367 3308]
1162 -- [1255 1090]
1167 -- [3906 3804]
1168 -- [2702 3052]
1174 -- [1352  904]
1185 -- [2232 2120]
1186 -- [1721  576]
1187 -- [4236 4383]
1188 -- [2241 2304]
1195 -- [158 647]
1198 -- [2427 3559]
1200 -- [4049 3709]
1201 -- [ 53 478]
1202 -- [1586  936]
1205 -- [ 451 1559]
1207 -- [3214 4048]
1208 -- [1382  959]
1209 -- [2936 2468]
1218 -- [3022 3594]
1222 -- [2884 2706]
1225 -- [ 536 1383]
1232 -- [1515  991]
1233 -- [3671 2545]
1234 -- [3365 3904]
1236 -- [2443 4555]
1242 -- [2981 4050]
1247 -- [3145 2702]
1248 -- [1451 1110]
1252 -- [ 506 1756]
1254 -- [3024 2601]
1262 -- [969 310]
1263 -- [128   7]
1264 -- [2882 2677]
1268 -- [2090 2712]
1270 -- [3625 2824]
1271 -- [1605 1645]
1274 -- [4370 2272]
1286 -- [4352 4171]
1295 -- [3997 3790]
1298 -- [ 536 1243]
1303 -- [2638 3244]
1307 -- [2714 2058]
1310 -- [3809 4051]
1311 -- [991 979]
1313 -- [ 20 226]
1320 -- [4319 3242]
1321 -- [2004 4030]
1322 -- [3790 4211]
1325 -- [2611 3902]
1327 -- [3251 1940]
1331 -- [2218 4300]
1336 -- [4286 4275]
1344 -- [2634 4473]
1351 -- [570 847]
1354 -- [168 672]
1357 -- [2208 4411]
1359 -- [3962 4353]
1360 -- [404 475]
1366 -- [1287  776]
1368 -- [3644 4563]
1378 -- [535 125]
1380 -- [ 317 1446]
1381 -- [4394 2505]
1382 -- [2298 2849]
1385 -- [3419 4288]
1393 -- [2874 1845]
1395 -- [2573 3258]
1405 -- [358 159]
1406 -- [2829 4573]
1414 -- [3484 4102]
1417 -- [1676  618]
1420 -- [1276  805]
1422 -- [2567 3557]
1423 -- [4408 2476]
1424 -- [4571 3356]
1425 -- [1108 1189]
1433 -- [3022 2670]
1434 -- [4370 3991]
1438 -- [3029 2755]
1450 -- [ 217 1591]
1459 -- [3367 2919]
1464 -- [2875 4166]
1467 -- [2979 2271]
1468 -- [1155 1373]
1471 -- [2988 2989]
1476 -- [2990 3888]
1478 -- [1050  351]
1480 -- [2132 4250]
1481 -- [500 519]
1490 -- [2934 4239]
1491 -- [283 214]
1494 -- [578 640]
1495 -- [655 110]
1502 -- [ 539 1194]
1504 -- [2299 2495]
1512 -- [3158 3378]
1517 -- [4192 4502]
1524 -- [2710 2171]
1525 -- [2876 3400]
1526 -- [2295 2702]
1527 -- [2555 2559]
1528 -- [1529  535]
1535 -- [970 645]
1541 -- [2679 4196]
1547 -- [1814 2581]
1549 -- [3353 4389]
1550 -- [1080  478]
1553 -- [1906 3736]
1555 -- [1669  720]
1559 -- [4317 3525]
1561 -- [2462 2244]
1563 -- [294 301]
1564 -- [4380 3979]
1565 -- [3654 4328]
1570 -- [3883 3840]
1574 -- [303 535]
1576 -- [1585 1202]
1580 -- [1885 4133]
1581 -- [1803 1318]
1589 -- [2527 3105]
1591 -- [4333 1987]
1595 -- [3206 1966]
1596 -- [2687 4067]
1597 -- [665 980]
1601 -- [3462 4384]
1602 -- [2799 1872]
1608 -- [746  93]
1613 -- [2058 3176]
1615 -- [2891 3839]
1617 -- [2931 2619]
1619 -- [2555 2378]
1620 -- [2990 2916]
1622 -- [611 104]
1623 -- [ 2 37]
1625 -- [2464 2326]
1630 -- [2385 3285]
1632 -- [1070  166]
1636 -- [4538 2834]
1637 -- [4431 4218]
1641 -- [4345 2530]
1648 -- [3508 3700]
1653 -- [4377 3372]
1656 -- [4390 4519]
1658 -- [2528 2583]
1660 -- [3240 2511]
1661 -- [1111   27]
1662 -- [1055 1691]
1665 -- [ 145 1653]
1666 -- [ 32 323]
1668 -- [364 704]
1674 -- [1266   37]
1675 -- [2583 2930]
1678 -- [ 103 1343]
1679 -- [477 879]
1681 -- [2802 3949]
1691 -- [2481 3400]
1694 -- [2252 3036]
1697 -- [3278 3821]
1704 -- [2656 4251]
1706 -- [421 844]
1707 -- [3062 4195]
1710 -- [476  88]
1714 -- [3053 3711]
1722 -- [2993 3999]
1724 -- [ 936 1159]
1729 -- [4442 2753]
1736 -- [2615 2411]
1741 -- [2788 2697]
1745 -- [2830 2918]
1747 -- [2148 4030]
1748 -- [1417 1296]
1750 -- [1363 1316]
1753 -- [1656 1499]
1758 -- [4139 4040]
1762 -- [814 356]
1766 -- [3372 3900]
1767 -- [3257 4336]
1770 -- [660 216]
1772 -- [3748 3568]
1775 -- [535 638]
1778 -- [ 610 1132]
1791 -- [ 34 609]
1798 -- [4243 2241]
1802 -- [1158 1242]
1810 -- [1538 1054]
1814 -- [1133  440]
1819 -- [2429 3582]
1824 -- [1615  125]
1825 -- [519  43]
1826 -- [4035 2736]
1828 -- [4158 2798]
1829 -- [422 701]
1830 -- [1853 2310]
1832 -- [3458 1981]
1839 -- [2121 2295]
1841 -- [2288 4238]
1843 -- [35 50]
1884 -- [1143  375]
1894 -- [  82 1268]
1895 -- [ 181 1079]
1897 -- [2461 2716]
1900 -- [1752  107]
1911 -- [709  20]
1912 -- [4134 3847]
1913 -- [3646 4489]
1915 -- [ 319 1321]
1916 -- [461 386]
1919 -- [1902 3036]
1920 -- [1501  482]
1927 -- [ 867 1410]
1937 -- [2706 3462]
1938 -- [1462   18]
1940 -- [ 21 501]
1942 -- [2199 3962]
1944 -- [251 626]
1947 -- [2166 1963]
1948 -- [4264 2546]
1958 -- [1946 4443]
1960 -- [4336 3333]
1963 -- [1302  302]
1967 -- [4186 2648]
1971 -- [1355  860]
1972 -- [4597 3883]
1981 -- [2467 4431]
1982 -- [3643 4433]
1987 -- [ 129 1521]
1988 -- [2872 4215]
1991 -- [1314  659]
1992 -- [3545 2388]
1993 -- [4210 3907]
1995 -- [3543 2069]
2000 -- [2619 2335]
2004 -- [1679 1279]
2005 -- [2587 3705]
2007 -- [2843 3514]
2011 -- [3795 2580]
2012 -- [3952 4353]
2021 -- [2308 2453]
2022 -- [3599 4077]
2023 -- [2127 4249]
2025 -- [1886 2511]
2029 -- [4240 3780]
2032 -- [714 319]
2033 -- [4127 2946]
2037 -- [2467 4061]
2045 -- [1225 1692]
2048 -- [1760 1772]
2052 -- [2627 3524]
2057 -- [ 853 1360]
2060 -- [ 294 1018]
2062 -- [874 540]
2063 -- [ 381 1562]
2065 -- [784 511]
2066 -- [210 925]
2068 -- [1965 4486]
2070 -- [1006 1749]
2072 -- [4561 4332]
2074 -- [2014 2872]
2078 -- [1623  884]
2079 -- [1330  734]
2084 -- [1700  903]
2098 -- [4240 2468]
2099 -- [631 960]
2103 -- [ 255 1025]
2107 -- [567 776]
2108 -- [3345 3312]
2109 -- [ 257 1722]
2111 -- [3557 2635]
2112 -- [ 982 1105]
2116 -- [4321 3121]
2118 -- [3458 4319]
2121 -- [4420 2006]
2124 -- [1650  665]
2131 -- [2617 4301]
2134 -- [4239 2701]
2135 -- [789 966]
2137 -- [1016  178]
2144 -- [1807 1279]
2146 -- [1928 4092]
2149 -- [1658  332]
2154 -- [1081  475]
2162 -- [2410 2278]
2169 -- [ 794 1299]
2171 -- [ 84 303]
2173 -- [3320 4210]
2174 -- [487   7]
2176 -- [4122 4466]
2185 -- [ 111 1040]
2186 -- [1420 1791]
2189 -- [4216 4209]
2197 -- [1333 1495]
2202 -- [1908 3313]
2203 -- [3458 4380]
2204 -- [3636 3558]
2206 -- [ 602 1436]
2211 -- [1806 1027]
2213 -- [1938 3234]
2223 -- [3641 2599]
2226 -- [1073    7]
2227 -- [2584 4392]
2229 -- [813 867]
2231 -- [ 285 1671]
2233 -- [370   1]
2234 -- [1833 2990]
2243 -- [3392 2852]
2245 -- [349   7]
2255 -- [3502 2555]
2256 -- [1553  465]
2257 -- [111 551]
2259 -- [2502 2990]
2263 -- [3722 2479]
2265 -- [2208 3782]
2266 -- [4238 3743]
2267 -- [2566 3032]
2271 -- [2483 3453]
2275 -- [1003 1343]
2277 -- [1226  113]
2278 -- [2922 4458]
2280 -- [4096 3392]
2288 -- [4182 2607]
2289 -- [2890 3308]
2292 -- [319 787]
2294 -- [3692 3121]
2296 -- [777 463]
2307 -- [417 682]
2310 -- [2159 2347]
2311 -- [3435 3454]
2312 -- [1800 1035]
2315 -- [1145  236]
2316 -- [3643 3917]
2317 -- [4355 3407]
2324 -- [ 12 844]
2332 -- [ 684 1125]
2335 -- [ 371 1189]
2342 -- [865 566]
2345 -- [2038 4102]
2347 -- [3732 1855]
2348 -- [2838 3527]
2349 -- [3752 2617]
2350 -- [3017 3028]
2351 -- [3657 2634]
2352 -- [2163 3066]
2360 -- [4507 2905]
2363 -- [3639 3379]
2368 -- [2254 4279]
2371 -- [4323 3437]
2373 -- [2959 1856]
2374 -- [111 731]
2380 -- [4002 4219]
2381 -- [ 875 1493]
2382 -- [2874 2737]
2384 -- [3889 4446]
2385 -- [2518 4288]
2386 -- [4239 4099]
2387 -- [4352 2649]
2388 -- [4215 3406]
2389 -- [751 739]
2392 -- [569 869]
2393 -- [1940 4393]
2396 -- [1721  845]
2398 -- [2805 2824]
2406 -- [2249 2434]
2410 -- [1650 1538]
2414 -- [4129 2613]
2415 -- [3646 1872]
2421 -- [2028 4155]
2424 -- [4389 3791]
2426 -- [ 308 1042]
2429 -- [1426   60]
2433 -- [3868 4333]
2435 -- [596 869]
2438 -- [140 860]
2439 -- [2317 4383]
2441 -- [4564 4420]
2443 -- [1380  205]
2452 -- [ 945 1603]
2453 -- [ 966 1803]
2459 -- [3834 3486]
2468 -- [1539 1530]
2469 -- [602 208]
2471 -- [2857 2021]
2472 -- [4590 4566]
2477 -- [450 695]
2481 -- [3510 4092]
2483 -- [2472 3917]
2485 -- [ 356 1803]
2495 -- [4212 3551]
2497 -- [1036  370]
2502 -- [3858 2488]
2503 -- [1851 2584]
2505 -- [2497 4242]
2514 -- [ 763 1050]
2517 -- [1482 1646]
2520 -- [3461 2299]
2522 -- [3400 3453]
2525 -- [1011  303]
2529 -- [1965 3912]
2535 -- [2332 4501]
2536 -- [3802 4189]
2537 -- [3867 1943]
2543 -- [609 444]
2544 -- [2361 3376]
2545 -- [1952 4435]
2548 -- [3379 3808]
2549 -- [1080  113]
2555 -- [4057 2498]
2557 -- [3782 3992]
2558 -- [3501 2181]
2559 -- [3612 2882]
2560 -- [3818 3946]
2561 -- [2301 4333]
2567 -- [1068  408]
2568 -- [4332 3795]
2575 -- [1162 1744]
2581 -- [1663  795]
2583 -- [4431 2946]
2585 -- [1498 1791]
2586 -- [3259 2530]
2595 -- [2834 1842]
2598 -- [4165 4425]
2599 -- [1367  411]
2600 -- [2018 4443]
2609 -- [2055 3071]
2610 -- [2093 4420]
2616 -- [2747 4174]
2627 -- [3896 3686]
2633 -- [4353 3037]
2636 -- [3021 4487]
2637 -- [179 358]
2638 -- [1888 1837]
2645 -- [ 379 1335]
2649 -- [3942 3389]
2653 -- [2586 4182]
2654 -- [2892 4075]
2657 -- [2990 3647]
2660 -- [4530 4479]
2664 -- [  10 1664]
2665 -- [3761 4287]
2684 -- [3162 3405]
2688 -- [2370 4520]
2695 -- [4411 3331]
2696 -- [3694 2131]
2698 -- [2838 2050]
2708 -- [3138 3442]
2710 -- [2134 3284]
2715 -- [ 53 889]
2718 -- [960 929]
2719 -- [2703 2419]
2720 -- [4447 4262]
2721 -- [3190 2997]
2722 -- [4439 3532]
2728 -- [2382 4427]
2730 -- [4035 2586]
2732 -- [2185 2619]
2739 -- [4477 4239]
2741 -- [223 369]
2744 -- [4127 2187]
2746 -- [359 995]
2747 -- [2767 3073]
2748 -- [4044 3606]
2749 -- [2539 4559]
2750 -- [2238 1851]
2752 -- [   4 1516]
2756 -- [1384 1496]
2757 -- [889 267]
2758 -- [ 103 1599]
2760 -- [  15 1233]
2764 -- [1338  599]
2765 -- [3346 4251]
2766 -- [1696  701]
2767 -- [4351 4215]
2776 -- [2716 4350]
2779 -- [2944 4139]
2790 -- [3974 2799]
2792 -- [1104 1413]
2793 -- [3400 2859]
2794 -- [2950 2909]
2795 -- [4232 3886]
2802 -- [2715 4499]
2804 -- [1422  558]
2816 -- [1011  624]
2818 -- [3205 2667]
2820 -- [551 345]
2824 -- [597 493]
2829 -- [1151  182]
2832 -- [1286  736]
2834 -- [4191 2702]
2836 -- [1716  413]
2839 -- [1072 1247]
2841 -- [3996 2067]
2846 -- [3768 2203]
2847 -- [ 780 1158]
2854 -- [4428 4053]
2856 -- [1564  384]
2857 -- [2949 4557]
2859 -- [3332 2442]
2862 -- [ 904 1811]
2863 -- [ 143 1238]
2875 -- [ 108 1088]
2876 -- [ 965 1107]
2878 -- [4485 3558]
2882 -- [3436 2643]
2883 -- [521 857]
2885 -- [296 747]
2886 -- [4188 2166]
2890 -- [ 544 1700]
2893 -- [2524 3505]
2911 -- [4145 4562]
2912 -- [4408 2373]
2914 -- [4339 4411]
2915 -- [4381 4454]
2921 -- [2568 4441]
2925 -- [4419 3919]
2928 -- [2584 3258]
2931 -- [464 567]
2933 -- [ 981 1438]
2946 -- [3711 3425]
2947 -- [  66 1599]
2948 -- [ 63 712]
2954 -- [2991 2752]
2959 -- [3136 2949]
2974 -- [1541 1512]
2978 -- [3022 3013]
2980 -- [3440 3851]
2982 -- [ 106 1385]
2984 -- [4486 4526]
2986 -- [2422 1832]
2992 -- [3775 2734]
2994 -- [2696 3457]
2995 -- [2642 1928]
2998 -- [1101 1012]
3007 -- [ 899 1402]
3009 -- [4250 3476]
3012 -- [3312 3630]
3013 -- [1304  593]
3014 -- [2293 4393]
3015 -- [1816 3440]
3020 -- [2997 2884]
3022 -- [1250  783]
3023 -- [4360 4093]
3029 -- [149 781]
3030 -- [1313  180]
3032 -- [2442 2594]
3034 -- [4529 3641]
3037 -- [3377 2116]
3038 -- [4486 3633]
3039 -- [4197 2456]
3042 -- [1203 1690]
3045 -- [1774  612]
3048 -- [ 368 1771]
3050 -- [1245  144]
3051 -- [4336 2118]
3058 -- [4351 3313]
3059 -- [3044 3296]
3064 -- [2858 2988]
3065 -- [180 656]
3068 -- [1511   54]
3069 -- [1837 3716]
3076 -- [3187 3588]
3079 -- [1224 1382]
3080 -- [4570 4497]
3082 -- [3238 2147]
3085 -- [  18 1595]
3086 -- [1458  195]
3090 -- [1328  381]
3092 -- [2157 4336]
3093 -- [4437 3955]
3103 -- [  45 1326]
3111 -- [2131 2960]
3114 -- [1511 1319]
3115 -- [2783 2914]
3119 -- [3701 2979]
3120 -- [3632 4288]
3127 -- [3187 1921]
3128 -- [4023 3278]
3133 -- [4496 3073]
3134 -- [ 88 944]
3138 -- [2662 3299]
3142 -- [1338  569]
3145 -- [1636  981]
3146 -- [2802 4047]
3147 -- [2539 3885]
3153 -- [1331  503]
3154 -- [2281 2394]
3159 -- [2124 3037]
3170 -- [4586 2545]
3174 -- [2935 2488]
3175 -- [ 694 1650]
3176 -- [1139  370]
3179 -- [2401 2419]
3180 -- [2199 4175]
3186 -- [3032 4096]
3189 -- [3043 3025]
3191 -- [1588   84]
3198 -- [1521   78]
3201 -- [1373  293]
3202 -- [4190 2499]
3204 -- [3999 3400]
3207 -- [ 705 1191]
3210 -- [816 356]
3213 -- [ 479 1318]
3216 -- [1178 1101]
3218 -- [3288 4124]
3223 -- [3254 4454]
3226 -- [4525 2933]
3229 -- [648 374]
3233 -- [4424 2910]
3234 -- [2427 3561]
3239 -- [1584  575]
3240 -- [4590 2770]
3243 -- [2095 3889]
3244 -- [2656 3435]
3247 -- [3092 4251]
3253 -- [3786 2297]
3257 -- [3822 2153]
3259 -- [1872 3565]
3263 -- [1011 1785]
3264 -- [2013 3903]
3266 -- [207 985]
3267 -- [2344 2797]
3269 -- [3692 3269]
3271 -- [4333 3194]
3273 -- [4207 2069]
3274 -- [2715 4030]
3277 -- [536 818]
3289 -- [2905 2387]
3290 -- [4109 4133]
3293 -- [684 378]
3294 -- [3469 4057]
3298 -- [4249 2026]
3299 -- [  5 658]
3309 -- [1751  215]
3310 -- [3921 3187]
3313 -- [918 528]
3314 -- [1595 1110]
3316 -- [3145 2918]
3317 -- [2620 4420]
3325 -- [4525 3126]
3327 -- [2849 1968]
3329 -- [4368 3900]
3337 -- [1263  319]
3339 -- [3545 4082]
3342 -- [4399 4233]
3343 -- [3451 2635]
3345 -- [4397 4301]
3348 -- [1801 1719]
3349 -- [4435 2036]
3352 -- [1539  982]
3354 -- [4249 2745]
3360 -- [4249 3241]
3361 -- [3895 3435]
3368 -- [3907 4411]
3372 -- [4443 3124]
3373 -- [1533  267]
3378 -- [1233  220]
3380 -- [2539 3659]
3381 -- [ 15 451]
3382 -- [ 695 1575]
3390 -- [3963 1909]
3396 -- [1333 1358]
3398 -- [ 623 1297]
3401 -- [2990 3393]
3404 -- [2560 4487]
3405 -- [4011 4054]
3411 -- [3886 2974]
3416 -- [ 112 1113]
3417 -- [4396 3341]
3420 -- [3018 3845]
3427 -- [2250 3710]
3434 -- [1979 2979]
3435 -- [3692 1895]
3436 -- [3094 3862]
3438 -- [ 597 1443]
3439 -- [1229  698]
3441 -- [3400 3431]
3446 -- [4146 2249]
3448 -- [2441 4239]
3452 -- [2993 3571]
3454 -- [  38 1126]
3456 -- [1879 1853]
3457 -- [2559 4458]
3459 -- [4321 2741]
3461 -- [1027  408]
3463 -- [2056 4239]
3468 -- [1264 1246]
3473 -- [3481 2232]
3478 -- [2920 2587]
3480 -- [1015  333]
3481 -- [3810 4281]
3483 -- [2339 2956]
3485 -- [4164 2555]
3488 -- [ 127 1256]
3489 -- [1455 1297]
3491 -- [1297  211]
3492 -- [4316 2798]
3495 -- [ 348 1554]
3496 -- [1221  528]
3500 -- [4307 4350]
3508 -- [2208 3205]
3509 -- [3664 4480]
3514 -- [520 891]
3517 -- [3146 4133]
3518 -- [4441 3613]
3519 -- [1733  527]
3520 -- [2872 2874]
3522 -- [ 495 1319]
3526 -- [1879 4439]
3532 -- [1296 1550]
3536 -- [  44 1671]
3538 -- [254 457]
3539 -- [ 886 1176]
3543 -- [2858 3402]
3549 -- [3312 2413]
3557 -- [ 179 1619]
3560 -- [1244 1759]
3563 -- [2293 4567]
3568 -- [3295 3041]
3570 -- [ 696 1279]
3581 -- [ 28 179]
3595 -- [2619 3300]
3596 -- [4159 2878]
3597 -- [2974 2855]
3598 -- [4289 1993]
3603 -- [1062  182]
3604 -- [1552 1671]
3606 -- [4199 3931]
3609 -- [748 602]
3610 -- [754 166]
3613 -- [2703 4003]
3614 -- [2325 4362]
3620 -- [4571 4236]
3621 -- [3980 2161]
3624 -- [4555 4309]
3626 -- [4412 2620]
3634 -- [3353 3070]
3635 -- [2736 2872]
3638 -- [867 552]
3647 -- [4270 3372]
3648 -- [4576 3379]
3649 -- [1088 1287]
3650 -- [667 869]
3653 -- [4084 2511]
-cl sat and violated: 2177 | 1067  | total #cl: 3244 | -violated weight: 1067
2 -- [1687 3645]
5 -- [2991  819]
8 -- [1280 3646]
9 -- [2161 1323]
10 -- [2601  459]
11 -- [2249  616]
13 -- [ 783 2451]
25 -- [3663  593]
29 -- [ 808 3138]
33 -- [4047 1753]
42 -- [ 582 4051]
44 -- [1050 2643]
45 -- [ 351 2571]
48 -- [1267 2860]
49 -- [1126 3589]
53 -- [2103  853]
56 -- [1587 2689]
61 -- [3459 1531]
62 -- [2646 1648]
65 -- [3996 1592]
68 -- [1802 4525]
72 -- [ 329 2166]
73 -- [1617 4457]
74 -- [4419  962]
76 -- [3458 1418]
81 -- [4170 1424]
86 -- [1266 2805]
90 -- [ 210 2474]
92 -- [4223 1443]
105 -- [4279  376]
106 -- [3309 1311]
111 -- [1976  774]
113 -- [2931 1790]
115 -- [3514  794]
116 -- [2036  679]
118 -- [2016 1646]
119 -- [4056 1709]
121 -- [ 354 4450]
122 -- [ 530 2495]
123 -- [ 748 1950]
124 -- [1525 2921]
128 -- [4190  324]
130 -- [ 239 2499]
131 -- [2889  599]
134 -- [1855  492]
135 -- [1507 2051]
136 -- [2658  778]
140 -- [3906 1548]
141 -- [ 530 3247]
142 -- [2643 1544]
146 -- [1553 3192]
152 -- [ 389 2902]
153 -- [ 592 3225]
156 -- [4576 1517]
160 -- [3774 1220]
165 -- [ 443 2415]
173 -- [4411  386]
176 -- [ 948 2381]
187 -- [ 408 3523]
189 -- [2651  500]
192 -- [1539 2703]
197 -- [ 550 2975]
200 -- [ 644 4565]
201 -- [3164   69]
206 -- [ 868 3292]
207 -- [2224 1017]
209 -- [2419 1443]
210 -- [1887 1700]
211 -- [1925  675]
215 -- [1090 3626]
216 -- [ 147 3976]
217 -- [1686 4420]
220 -- [2703  378]
222 -- [ 386 3433]
225 -- [4093  802]
227 -- [1723 3319]
228 -- [1440 4430]
233 -- [ 469 2327]
239 -- [ 675 2374]
241 -- [3481  722]
242 -- [1458 2702]
245 -- [3052  391]
250 -- [ 778 3217]
258 -- [4486 1730]
259 -- [4426 1485]
265 -- [1332 2063]
268 -- [2181 1561]
270 -- [1589 3420]
272 -- [2236  881]
279 -- [2671 1206]
280 -- [3052  408]
282 -- [3892  216]
286 -- [4410 1553]
287 -- [ 852 2109]
288 -- [ 302 2975]
292 -- [ 459 4192]
293 -- [ 570 3592]
294 -- [1225 2532]
295 -- [1506 4225]
296 -- [ 401 2580]
297 -- [ 839 4372]
301 -- [3597  860]
302 -- [ 923 3409]
304 -- [3650 1131]
305 -- [3588  509]
308 -- [1155 2760]
309 -- [ 737 3413]
310 -- [2189   43]
311 -- [1086 2840]
312 -- [3031  360]
315 -- [2236 1304]
316 -- [4127 1257]
317 -- [1713 3968]
319 -- [3136  893]
320 -- [4064  905]
324 -- [4361 1256]
328 -- [ 475 3732]
330 -- [2661  728]
334 -- [3138  547]
340 -- [4141  963]
342 -- [4512 1648]
343 -- [1206 2831]
348 -- [1649 4596]
350 -- [ 926 3018]
351 -- [2809 1772]
355 -- [1136 4323]
361 -- [3433   31]
364 -- [3847 1241]
372 -- [2512 1484]
373 -- [4004  807]
374 -- [1999  250]
378 -- [3526  161]
381 -- [ 668 1855]
382 -- [3442  669]
384 -- [ 664 4139]
391 -- [ 159 4371]
392 -- [1025 3888]
393 -- [1323 2595]
395 -- [2824 1032]
397 -- [2166 1185]
398 -- [4323 1409]
400 -- [ 666 2490]
405 -- [1717 2441]
406 -- [1800 2463]
414 -- [4167  571]
415 -- [3452  163]
416 -- [2892 1168]
419 -- [4420  483]
421 -- [3141 1280]
429 -- [4434  151]
433 -- [ 579 3775]
437 -- [ 478 4550]
440 -- [1883  176]
442 -- [3272  408]
446 -- [1942 1096]
453 -- [3445  175]
455 -- [4005 1373]
458 -- [4205  985]
462 -- [1433 4292]
464 -- [   2 2677]
469 -- [2061 1323]
475 -- [ 407 4286]
477 -- [2763 1640]
479 -- [3036  231]
481 -- [2516   66]
483 -- [3822 1276]
486 -- [3496 1762]
489 -- [ 824 2281]
491 -- [  42 3032]
492 -- [ 371 3329]
494 -- [1351 4511]
495 -- [3201  674]
498 -- [3234  619]
499 -- [3118  648]
500 -- [4496  535]
503 -- [3405 1123]
505 -- [1318 3055]
515 -- [4218 1775]
516 -- [1127 4532]
517 -- [3016  545]
518 -- [ 204 3899]
520 -- [3419  511]
525 -- [ 977 4220]
527 -- [3883  444]
533 -- [2110 1433]
541 -- [2496  423]
543 -- [4431  909]
548 -- [  81 3435]
549 -- [3162  778]
553 -- [3383   60]
555 -- [4208 1205]
556 -- [1806 3543]
559 -- [2189 1506]
562 -- [ 330 3120]
564 -- [ 585 2595]
566 -- [1188 4220]
568 -- [2845  381]
575 -- [1806 3929]
577 -- [1422 2173]
578 -- [2589 1723]
584 -- [2371  778]
590 -- [2507 1567]
593 -- [ 982 3449]
594 -- [   5 3216]
595 -- [2555  934]
596 -- [ 964 3328]
597 -- [1266 2906]
600 -- [4125  395]
601 -- [ 567 2921]
602 -- [2217 1110]
609 -- [ 569 2615]
610 -- [2990 1493]
617 -- [3994  536]
630 -- [2213  570]
631 -- [2815 1675]
635 -- [4128  967]
636 -- [3028  817]
639 -- [1582 3024]
641 -- [3113  497]
645 -- [3932 1096]
646 -- [3004  333]
648 -- [2783  171]
653 -- [3320 1671]
656 -- [1106 4454]
661 -- [ 778 1991]
662 -- [1974 1377]
665 -- [ 485 4140]
667 -- [4550  661]
668 -- [1357 2259]
677 -- [1225 1828]
678 -- [3704  751]
679 -- [1705 4547]
681 -- [3345 1334]
683 -- [ 454 2081]
693 -- [1422 3561]
694 -- [1616 2840]
696 -- [1373 2118]
698 -- [1033 2236]
701 -- [1486 3967]
702 -- [3863  681]
706 -- [1542 2826]
710 -- [ 614 4133]
715 -- [ 334 2563]
716 -- [2857 1076]
722 -- [2012 1162]
726 -- [ 618 3031]
732 -- [2175 1483]
733 -- [3056 1749]
747 -- [ 455 2703]
748 -- [ 608 3615]
752 -- [ 459 3990]
755 -- [4122 1268]
760 -- [3602 1285]
773 -- [ 526 3238]
776 -- [ 299 3794]
779 -- [1422 4094]
780 -- [2299 1464]
783 -- [2942 1729]
784 -- [2693  122]
788 -- [ 964 3269]
794 -- [1379 4409]
795 -- [ 395 3754]
798 -- [2738  438]
799 -- [1248 3557]
801 -- [3126 1658]
802 -- [1538 4271]
803 -- [4111 1634]
805 -- [2171 1203]
818 -- [4027 1351]
820 -- [ 500 4407]
822 -- [3919 1393]
824 -- [ 672 4568]
828 -- [ 413 3428]
829 -- [4152 1494]
841 -- [  28 1867]
843 -- [1708 2542]
845 -- [ 602 3502]
846 -- [ 461 4165]
847 -- [4280  570]
853 -- [ 650 3710]
857 -- [3774 1730]
858 -- [4312  571]
860 -- [ 700 1940]
861 -- [3388  906]
866 -- [1533 3303]
868 -- [  60 2284]
870 -- [1205 2787]
874 -- [ 471 3132]
875 -- [1600 4437]
880 -- [4234  214]
881 -- [4551  867]
882 -- [ 269 4239]
884 -- [ 860 3618]
886 -- [4240 1716]
887 -- [2642  325]
889 -- [1333 3332]
891 -- [3699  269]
892 -- [2942  159]
894 -- [1536 1969]
902 -- [4363  458]
905 -- [2328  612]
906 -- [ 782 4240]
907 -- [ 121 3430]
908 -- [ 296 3765]
909 -- [2773  214]
910 -- [1568 2131]
912 -- [ 484 3863]
914 -- [ 800 2783]
915 -- [ 544 1824]
918 -- [ 234 3996]
923 -- [ 440 2302]
926 -- [4236 1043]
933 -- [ 638 2461]
939 -- [ 701 3360]
942 -- [ 906 3213]
943 -- [3074 1550]
952 -- [ 486 2496]
955 -- [2536  567]
964 -- [4557  533]
969 -- [ 148 3064]
970 -- [4163  569]
971 -- [ 466 2362]
976 -- [1408 2259]
981 -- [4562 1559]
982 -- [1986  345]
983 -- [1695 3787]
986 -- [ 965 3052]
991 -- [2802  918]
994 -- [1208 2196]
999 -- [ 174 2713]
1006 -- [2276  909]
1009 -- [2580  706]
1013 -- [1865  481]
1014 -- [ 210 3623]
1021 -- [3309 1322]
1023 -- [4051 1169]
1025 -- [2551  935]
1026 -- [ 412 3682]
1028 -- [1048 4254]
1030 -- [1735 2561]
1033 -- [1417 2575]
1034 -- [ 378 3402]
1036 -- [4499  189]
1041 -- [ 134 2275]
1042 -- [4370 1381]
1043 -- [  33 2551]
1044 -- [4321 1028]
1045 -- [3276  567]
1046 -- [1404 4201]
1052 -- [1042 3862]
1054 -- [3452  637]
1060 -- [ 545 3213]
1066 -- [1623 3876]
1070 -- [1218 4424]
1072 -- [ 889 2263]
1074 -- [3202  792]
1075 -- [1695 3538]
1076 -- [2215  992]
1078 -- [ 401 4242]
1083 -- [ 744 3404]
1085 -- [1636 4092]
1086 -- [4348 1723]
1089 -- [3214  125]
1090 -- [1294 2067]
1091 -- [ 888 2832]
1093 -- [3140 1671]
1094 -- [ 594 4474]
1101 -- [ 498 2490]
1103 -- [ 852 3879]
1106 -- [ 338 4352]
1113 -- [ 675 3177]
1114 -- [1168 3035]
1116 -- [3850  148]
1121 -- [ 912 1962]
1122 -- [1855  605]
1123 -- [ 835 2447]
1124 -- [ 179 2162]
1125 -- [ 506 3951]
1126 -- [1799 2130]
1127 -- [1082 1852]
1128 -- [4597  452]
1136 -- [ 226 2829]
1145 -- [3094  829]
1146 -- [1592 2783]
1149 -- [ 674 2907]
1151 -- [2304  572]
1160 -- [ 758 4250]
1161 -- [1336 2807]
1162 -- [2679   20]
1163 -- [3674 1233]
1168 -- [3183 1132]
1171 -- [2873  147]
1172 -- [ 146 4387]
1176 -- [3026 1443]
1183 -- [ 875 2786]
1186 -- [2810  774]
1188 -- [4070  443]
1190 -- [1801 3769]
1193 -- [1796 1985]
1194 -- [3819 1655]
1195 -- [  19 3075]
1198 -- [ 965 2982]
1201 -- [ 655 4184]
1204 -- [2027  475]
1205 -- [ 867 2935]
1206 -- [1771 3845]
1211 -- [2179   79]
1217 -- [3061 1736]
1218 -- [1296 2069]
1220 -- [4454  484]
1225 -- [4383    0]
1229 -- [1368 2797]
1234 -- [ 490 2586]
1235 -- [1668 3429]
1237 -- [4256  655]
1242 -- [3267 1506]
1245 -- [4140 1628]
1247 -- [ 720 4340]
1250 -- [ 391 3074]
1252 -- [2854 1389]
1254 -- [ 874 4176]
1264 -- [ 641 2725]
1265 -- [4400 1739]
1266 -- [3224 1651]
1273 -- [3407  985]
1274 -- [ 743 3275]
1276 -- [3239  236]
1278 -- [2305  462]
1280 -- [ 265 3789]
1286 -- [  28 3066]
1289 -- [ 830 4412]
1299 -- [4530  121]
1300 -- [ 166 2622]
1309 -- [ 324 4248]
1311 -- [3064 1375]
1312 -- [3315 1107]
1314 -- [ 751 3642]
1317 -- [2298  195]
1319 -- [1382 3621]
1320 -- [2474  351]
1324 -- [4571 1215]
1328 -- [ 844 4327]
1331 -- [ 284 3692]
1332 -- [3778  102]
1333 -- [ 432 4300]
1334 -- [2735  853]
1339 -- [4458  891]
1341 -- [2574 1194]
1346 -- [1371 2068]
1347 -- [ 620 4398]
1351 -- [ 195 3578]
1359 -- [ 778 2100]
1360 -- [ 194 2838]
1363 -- [1553 3622]
1364 -- [1694 3445]
1369 -- [2064 1646]
1371 -- [2052  472]
1372 -- [1100 3626]
1375 -- [3918  436]
1378 -- [3714  120]
1379 -- [4221 1012]
1388 -- [2829  222]
1392 -- [1855  642]
1393 -- [3905 1373]
1397 -- [4133 1392]
1400 -- [1287 2964]
1401 -- [1071 2542]
1402 -- [3225  156]
1406 -- [2813 1731]
1408 -- [ 444 2288]
1411 -- [1038 2443]
1415 -- [1351 2928]
1422 -- [4445  648]
1426 -- [2918 1224]
1427 -- [1668 4136]
1428 -- [3908  982]
1433 -- [4105  233]
1434 -- [2918   65]
1437 -- [ 521 3529]
1441 -- [2196 1301]
1445 -- [1753 2332]
1446 -- [1617 3574]
1452 -- [2686 1201]
1455 -- [3742  359]
1462 -- [1089 4263]
1466 -- [2213 1584]
1468 -- [1553 2322]
1470 -- [2171  669]
1471 -- [  18 2308]
1475 -- [1951  705]
1479 -- [2580  300]
1481 -- [3908 1749]
1483 -- [3908  618]
1484 -- [ 601 2257]
1486 -- [3219 1623]
1489 -- [1466 1864]
1491 -- [4597 1091]
1494 -- [1917  145]
1500 -- [2574  843]
1507 -- [1577 2904]
1511 -- [1499 3234]
1513 -- [1603 4590]
1516 -- [ 645 3921]
1517 -- [1503 2042]
1523 -- [3097 1623]
1529 -- [ 694 2743]
1530 -- [1409 3706]
1537 -- [ 530 4512]
1539 -- [ 969 4107]
1549 -- [2205 1373]
1550 -- [ 417 4450]
1552 -- [4334  659]
1553 -- [ 627 2608]
1554 -- [ 867 2244]
1555 -- [ 867 4582]
1558 -- [ 249 2798]
1560 -- [2191  166]
1562 -- [2511 1678]
1563 -- [3263 1334]
1564 -- [3061 1723]
1574 -- [ 158 3918]
1579 -- [1270 1833]
1581 -- [2391  719]
1582 -- [ 945 2105]
1583 -- [3258  427]
1587 -- [2400 1088]
1591 -- [ 713 2788]
1594 -- [2621 1446]
1595 -- [1381 4128]
1596 -- [2641  876]
1597 -- [ 466 2213]
1602 -- [4539 1576]
1603 -- [2062  517]
1609 -- [2900  947]
1610 -- [3660  471]
1612 -- [4420 1105]
1614 -- [2168  618]
1616 -- [1297 2984]
1617 -- [ 214 4147]
1618 -- [1178 2263]
1623 -- [4489   86]
1624 -- [ 693 2919]
1625 -- [3512  330]
1627 -- [1809 4064]
1635 -- [ 495 2177]
1636 -- [3400 1024]
1639 -- [ 319 2633]
1641 -- [3952    9]
1642 -- [4337 1171]
1643 -- [ 824 2196]
1644 -- [1579 2319]
1651 -- [3581 1736]
1655 -- [4241  532]
1657 -- [ 867 3603]
1658 -- [1178 3812]
1662 -- [4335 1324]
1664 -- [1373 2412]
1665 -- [4436 1460]
1667 -- [4323 1409]
1668 -- [3041 1691]
1670 -- [1330 3388]
1671 -- [2828  795]
1672 -- [ 665 4278]
1677 -- [ 594 3722]
1678 -- [2244 1640]
1680 -- [3264 1282]
1682 -- [1012 3648]
1686 -- [4233 1509]
1687 -- [1516 2910]
1691 -- [2452  747]
1696 -- [ 745 3965]
1698 -- [2132 1806]
1700 -- [1016 4313]
1703 -- [1057 2251]
1707 -- [1205 4194]
1709 -- [2296 1268]
1712 -- [2511   41]
1714 -- [1959  235]
1715 -- [3113 1678]
1716 -- [1543 4486]
1718 -- [1668 2954]
1719 -- [4499 1135]
1723 -- [2057  180]
1726 -- [ 145 3860]
1727 -- [3339 1496]
1731 -- [4435 1788]
1732 -- [ 536 2893]
1735 -- [   7 4158]
1742 -- [2215 1506]
1743 -- [1658 3489]
1748 -- [ 500 3163]
1755 -- [2306 1036]
1758 -- [1235 3767]
1762 -- [ 493 2441]
1767 -- [ 375 1822]
1768 -- [2568  227]
1770 -- [3336 1623]
1772 -- [4405  759]
1784 -- [3993  946]
1785 -- [1333 2053]
1786 -- [3282 1486]
1787 -- [ 408 2220]
1795 -- [ 946 4377]
1796 -- [1260 4338]
1810 -- [1493 3022]
1811 -- [  24 3702]
1817 -- [1950  839]
1823 -- [ 943 2694]
1825 -- [ 610 3444]
1831 -- [  95 3737]
1836 -- [2106   26]
1850 -- [2081  157]
1857 -- [3876 1533]
1858 -- [1969  838]
1872 -- [1542 3707]
1873 -- [ 662 2010]
1876 -- [ 792 3495]
1879 -- [ 375 2598]
1880 -- [1990 1484]
1882 -- [ 577 3315]
1884 -- [2431 1782]
1885 -- [ 354 3711]
1887 -- [ 805 2858]
1889 -- [ 807 3976]
1890 -- [1103 2860]
1894 -- [1848 1668]
1895 -- [2343 1717]
1896 -- [3765  613]
1902 -- [2715  722]
1910 -- [ 720 3216]
1915 -- [2587  961]
1916 -- [4236  626]
1920 -- [ 537 2063]
1931 -- [ 874 4085]
1933 -- [4003  942]
1935 -- [ 514 1872]
1938 -- [2502  145]
1939 -- [3968  574]
1948 -- [3492  965]
1950 -- [1162 3648]
1959 -- [2425 1226]
1961 -- [ 962 2740]
1962 -- [1646 3604]
1965 -- [2936 1041]
1967 -- [ 111 3614]
1968 -- [ 469 2563]
1975 -- [4102  740]
1976 -- [3121 1387]
1983 -- [4001  437]
1985 -- [1034 2066]
1986 -- [ 135 4288]
1990 -- [3330    5]
1994 -- [1311 3187]
1996 -- [ 750 3071]
2002 -- [3024  752]
2004 -- [4430  857]
2009 -- [2186  490]
2012 -- [ 676 2121]
2014 -- [3354  624]
2015 -- [2545 1314]
2020 -- [2647  334]
2027 -- [3147 1336]
2028 -- [ 699 3552]
2030 -- [1022 3739]
2031 -- [ 747 2910]
2032 -- [  35 2597]
2035 -- [3968 1412]
2040 -- [2045  712]
2042 -- [3344 1507]
2048 -- [ 440 3215]
2051 -- [2306  757]
2054 -- [2263 1205]
2057 -- [  52 2567]
2060 -- [1433 4475]
2064 -- [1674 2010]
2065 -- [1212 4070]
2072 -- [1717 4306]
2078 -- [  59 3389]
2080 -- [1152 4130]
2086 -- [1326 3326]
2087 -- [3705 1741]
2090 -- [2241 1506]
2094 -- [ 723 4454]
2096 -- [ 606 2866]
2100 -- [2949  814]
2101 -- [3050  759]
2105 -- [2251 1438]
2113 -- [ 138 2706]
2114 -- [3514  194]
2118 -- [ 500 2633]
2120 -- [1392 4077]
2121 -- [3133  528]
2122 -- [2826  444]
2124 -- [3304  948]
2130 -- [2111 1518]
2140 -- [ 275 3746]
2145 -- [2882 1665]
2147 -- [ 946 3194]
2150 -- [4582  606]
2151 -- [3749 1433]
2152 -- [2643  804]
2157 -- [ 151 3433]
2163 -- [3791  518]
2165 -- [1416 3374]
2168 -- [3905  904]
2169 -- [ 809 2738]
2170 -- [3943  765]
2174 -- [3298 1658]
2175 -- [ 868 3946]
2177 -- [ 436 4357]
2181 -- [ 111 3553]
2188 -- [3354 1534]
2192 -- [3153 1323]
2196 -- [1665 2740]
2199 -- [4498 1597]
2200 -- [  24 3591]
2202 -- [ 283 2917]
2203 -- [1837 1184]
2205 -- [3334  440]
2208 -- [1206 4455]
2211 -- [4172  325]
2212 -- [3754  571]
2213 -- [4493  684]
2215 -- [ 596 3896]
2216 -- [1269 1927]
2219 -- [4458  492]
2223 -- [3696 1339]
2225 -- [ 427 1872]
2227 -- [2718   60]
2233 -- [ 538 2797]
2238 -- [4383 1593]
2246 -- [ 904 3077]
2250 -- [ 221 3315]
2252 -- [3909  728]
2255 -- [2586    3]
2263 -- [3629  319]
2264 -- [3545  523]
2266 -- [3450  625]
2267 -- [ 886 3850]
2268 -- [1645 4341]
2273 -- [2932 1323]
2281 -- [1117 4408]
2287 -- [1136 4541]
2288 -- [1351 3269]
2289 -- [4136 1484]
2290 -- [ 437 3815]
2291 -- [ 752 2429]
2292 -- [1623 3342]
2294 -- [1436 2874]
2303 -- [ 476 2654]
2310 -- [ 677 3308]
2311 -- [2052 1716]
2313 -- [3217  684]
2315 -- [ 547 3429]
2322 -- [ 620 2312]
2324 -- [1538 2989]
2325 -- [1690 4549]
2330 -- [ 795 4366]
2332 -- [ 459 4376]
2335 -- [2824 1188]
2336 -- [ 588 3502]
2340 -- [2695  620]
2345 -- [1096 3420]
2346 -- [2197  846]
2347 -- [ 123 4462]
2349 -- [ 457 2854]
2350 -- [3870 1623]
2356 -- [1675 2006]
2357 -- [ 339 2378]
2358 -- [ 392 4163]
2360 -- [1628 4238]
2365 -- [ 659 2288]
2368 -- [ 677 1969]
2371 -- [4534 1771]
2374 -- [2384  256]
2379 -- [2442  284]
2385 -- [2257 1580]
2386 -- [ 663 3315]
2391 -- [3158  627]
2393 -- [4443 1434]
2400 -- [ 229 3486]
2402 -- [2583 1041]
2403 -- [1893 1615]
2411 -- [1983  655]
2417 -- [2652  235]
2418 -- [ 124 2482]
2421 -- [1152 3223]
2424 -- [1279 3878]
2429 -- [3682 1584]
2432 -- [1821 1634]
2433 -- [4106  166]
2435 -- [4139 1252]
2438 -- [2447 1342]
2442 -- [ 389 3858]
2443 -- [ 343 2400]
2446 -- [1996  870]
2449 -- [2010 1615]
2452 -- [3076   79]
2453 -- [3065  901]
2455 -- [2300 1433]
2459 -- [1631 4439]
2471 -- [ 147 2042]
2473 -- [1809 4089]
2474 -- [2582 1042]
2477 -- [ 792 2835]
2478 -- [1875 1533]
2481 -- [4164 1654]
2482 -- [ 796 2783]
2485 -- [2461 1365]
2487 -- [1556 4273]
2492 -- [3495 1700]
2495 -- [2069  467]
2499 -- [3996 1534]
2500 -- [ 694 3574]
2505 -- [ 783 4047]
2508 -- [4454   12]
2511 -- [4280 1318]
2520 -- [ 720 2056]
2522 -- [3445  963]
2527 -- [1790 3407]
2532 -- [ 460 3197]
2535 -- [1798 3526]
2536 -- [ 661 2532]
2538 -- [1748 4111]
2541 -- [2326  550]
2543 -- [2903 1011]
2545 -- [3909 1690]
2553 -- [2935 1007]
2557 -- [2564 1438]
2561 -- [3483 1654]
2564 -- [2285  526]
2569 -- [3354 1238]
2570 -- [3943   51]
2571 -- [2147  584]
2572 -- [3719 1176]
2575 -- [3940  592]
2576 -- [  11 3652]
2581 -- [ 361 2131]
2588 -- [ 845 1872]
2597 -- [1694 2938]
2600 -- [ 475 4287]
2608 -- [1540 3986]
2612 -- [ 944 3778]
2614 -- [3820 1356]
2616 -- [ 343 2429]
2619 -- [4414  759]
2625 -- [2284   79]
2628 -- [2689  920]
2631 -- [4597 1101]
2632 -- [1496 2787]
2633 -- [3612   18]
2636 -- [1318 2048]
2644 -- [1418 3040]
2645 -- [2580  439]
2646 -- [2924 1577]
2648 -- [3041  393]
2651 -- [ 698 3921]
2652 -- [1117 4353]
2654 -- [1517 3239]
2659 -- [4252   82]
2661 -- [3968  327]
2662 -- [4387 1692]
2663 -- [ 853 2317]
2666 -- [1752 2943]
2668 -- [ 236 1840]
2672 -- [1674 1960]
2688 -- [4418 1323]
2691 -- [2328   26]
2692 -- [ 965 3671]
2693 -- [3505  277]
2696 -- [4381  324]
2697 -- [2468  537]
2699 -- [3793  648]
2701 -- [  24 2674]
2703 -- [4084 1110]
2704 -- [ 104 3170]
2706 -- [3508 1639]
2708 -- [2812 1373]
2709 -- [2085  108]
2714 -- [3981 1605]
2720 -- [1052 2255]
2722 -- [3449  509]
2728 -- [1260 2147]
2732 -- [ 482 4445]
2733 -- [1424 3105]
2735 -- [ 521 3972]
2737 -- [ 946 4477]
2739 -- [1455 4124]
2742 -- [4025  119]
2744 -- [ 786 4086]
2748 -- [ 253 2250]
2753 -- [4363  672]
2756 -- [1872  760]
2759 -- [2817  496]
2762 -- [ 469 3496]
2772 -- [ 600 2147]
2773 -- [3804  906]
2776 -- [3765 1154]
2778 -- [4395  166]
2782 -- [1871  437]
2783 -- [3648  111]
2785 -- [ 611 3073]
2788 -- [4592  588]
2790 -- [4564 1517]
2793 -- [3810  875]
2795 -- [4078 1152]
2796 -- [1027 4201]
2797 -- [3368  741]
2798 -- [ 909 4479]
2806 -- [ 457 2705]
2811 -- [1132 2751]
2820 -- [1484 3178]
2822 -- [1194 2214]
2823 -- [4236  778]
2829 -- [3123 1790]
2832 -- [ 945 3374]
2837 -- [1850 1041]
2840 -- [1678 2250]
2841 -- [2993  148]
2842 -- [3105  677]
2847 -- [3620 1022]
2849 -- [ 786 3521]
2853 -- [3797  983]
2855 -- [4454  419]
2859 -- [  11 3276]
2861 -- [2496   32]
2862 -- [ 117 2218]
2863 -- [1268 3814]
2864 -- [1885  134]
2874 -- [ 107 2306]
2875 -- [   6 4444]
2877 -- [2690 1496]
2879 -- [1556 2775]
2883 -- [3968  410]
2884 -- [3248 1310]
2890 -- [3952  478]
2893 -- [1496 3870]
2895 -- [2305  450]
2896 -- [1647 2147]
2904 -- [1388 1853]
2906 -- [1500 2293]
2908 -- [3042 1499]
2909 -- [4219  914]
2911 -- [ 429 3452]
2912 -- [2706  291]
2914 -- [2427  414]
2916 -- [2683 1063]
2917 -- [1108 4119]
2918 -- [2705 1511]
2920 -- [3497 1362]
2925 -- [3441  581]
2926 -- [2308  968]
2930 -- [ 468 2520]
2935 -- [4424 1337]
2936 -- [4370  173]
2939 -- [ 511 1869]
2945 -- [2148 1640]
2946 -- [3043 1634]
2949 -- [1016 2065]
2951 -- [3573 1660]
2954 -- [2729   20]
2957 -- [2773 1507]
2962 -- [1507 3250]
2963 -- [1690 3178]
2973 -- [ 870 4046]
2976 -- [ 753 4412]
2977 -- [ 578 2154]
2978 -- [4145  370]
2979 -- [3901  743]
2984 -- [1640 3084]
2985 -- [4451  217]
2991 -- [2998 1772]
2992 -- [3501   34]
3001 -- [1734 3401]
3006 -- [ 360 3027]
3008 -- [ 414 3440]
3011 -- [3954  725]
3014 -- [ 563 4196]
3017 -- [  40 2420]
3018 -- [4195 1175]
3019 -- [ 781 2823]
3025 -- [2259 1080]
3027 -- [2510  267]
3028 -- [1863  489]
3029 -- [  11 3247]
3030 -- [ 983 3073]
3031 -- [1447 4155]
3032 -- [3810 1326]
3033 -- [ 389 4514]
3034 -- [2828 1279]
3035 -- [1009 3505]
3036 -- [3333  778]
3040 -- [3954  309]
3043 -- [ 571 3964]
3044 -- [3440 1802]
3047 -- [ 158 4589]
3048 -- [2350  614]
3049 -- [2144  530]
3050 -- [2183 1287]
3051 -- [1659 2997]
3056 -- [3313  898]
3057 -- [  74 3510]
3058 -- [4411  762]
3060 -- [1714 2312]
3067 -- [4478  210]
3071 -- [3211  578]
3073 -- [ 370 3639]
3083 -- [ 120 1873]
3085 -- [3493 1645]
3086 -- [ 886 4392]
3088 -- [1333 4178]
3093 -- [1014 4064]
3094 -- [3271 1334]
3101 -- [3768 1230]
3102 -- [3246 1565]
3107 -- [3818  224]
3116 -- [ 491 3551]
3117 -- [2548   69]
3119 -- [ 875 3795]
3123 -- [3174 1567]
3127 -- [1982  688]
3130 -- [1198 2949]
3131 -- [3962 1584]
3140 -- [4355  756]
3144 -- [ 720 2380]
3149 -- [4213 1393]
3150 -- [1233 4100]
3153 -- [2328  619]
3156 -- [1334 2182]
3157 -- [1260 2306]
3160 -- [ 364 3345]
3161 -- [ 593 3960]
3164 -- [1603 2949]
3165 -- [3400  417]
3168 -- [3563  705]
3170 -- [ 162 4498]
3171 -- [1566 3476]
3177 -- [ 557 4155]
3185 -- [1589 2668]
3188 -- [ 786 2666]
3190 -- [3313  829]
3194 -- [1549 4338]
3195 -- [ 476 3347]
3196 -- [3207  932]
3197 -- [1011 3085]
3199 -- [1333 3794]
3200 -- [3686 1705]
3202 -- [ 369 3973]
3204 -- [2130 1202]
3206 -- [ 806 4549]
3207 -- [1834 1579]
3211 -- [2207  210]
3212 -- [2181 1498]
3214 -- [ 985 3150]
3218 -- [3032  727]
3219 -- [ 899 3711]
3221 -- [ 891 1824]
3222 -- [3787 1623]
3224 -- [3410  460]
3226 -- [ 876 3057]
3231 -- [3698 1057]
3232 -- [2408  461]
3236 -- [1495 2425]
3237 -- [3615   10]
3240 -- [ 671 1909]
3241 -- [3861  698]
3243 -- [4161  179]
7 -time: 0.02096 -dim: (11172, 2)
8 -time: 0.00014 -dim: (7, 57)
9 -time: 3.86428 -dim: (1835400, 3)
10 -time: 5.41403 -dim: (1730141, 3)
11_12 -time: 0.19272 -dim: [110424, 2]
13 -time: 0.07728 -dim: (36808, 4)
14_15 -time: 0.03292 -dim: [798, 2]
16 -time: 0.00001 -dim: (0, 2)
17_18 -time: 0.37178 -dim: [73616, 3]
19 -time: 0.00008 -dim: (1, 1)
20 -time: 0.23085 -dim: (0, 4601)
21 -time: 0.00077 -dim: (1, 4601)
22 -time: 0.00007 -dim: (3244, 3)
23 -time: 0.00003 -dim: (3244, 3)
24 -time: 0.00004 -dim: (0, 5)
25 -time: 0.00007 -dim: (3657, 3)
26 -time: 0.00005 -dim: (3657, 3)
smtPr 22-26 -time: 0.02144 -dim: nan
slvr_header -time: 1.38588 -dim: nan
*solver* -time: 900.08568 -dim: nan
res_read -time: 0.07363 -dim: nan
-- SUM CL TIME: 10.22752          |  SUM other TIME: 901.54519          |  SUM TIME: 911.77271
