num branch_node: 7
num leaf_node: 8
num feature: 57
tree_depth: 3
num label: 2
nDC: 2432

***variables
a: 1 - 399 -> 399
s: 400 - 32606 -> 32207
z: 32607 - 69414 -> 36808
g: 69415 - 69430 -> 16
x: 69431 - 78632 -> 9202
ml: 78633 - 80300 -> 1668
cl: 80301 - 81852 -> 1552

variables***
[debug] --> CL ML ratio 1
the cl header --> p wcnf 81852 3808028 3221

timeout 900s ~/SAT_Project/loandra-master/loandra_static -pmreslin-cglim=30 -weight-strategy=1 -print-model -verbosity=1 ./solutions/spam_0.1_mc0.7_s1732_r1/phase_1_clauses_final >./solutions/spam_0.1_mc0.7_s1732_r1/phase_1_loandra_res

Start to read loandra res
*loandra status: SATISFIABLE
-ml sat and violated: 1211 | 457  | total #ml: 1668 | -violated weight: 457
2 -- [3885 3600]
3 -- [2917 3085]
14 -- [3542 3990]
18 -- [596 591]
26 -- [1525  173]
28 -- [1904 2696]
29 -- [4549 2250]
32 -- [1584 1572]
34 -- [1665 1400]
37 -- [4087 2731]
49 -- [911 455]
50 -- [4183 4005]
51 -- [2387 2455]
54 -- [2383 2173]
55 -- [4224 2772]
56 -- [1438  655]
57 -- [1714  934]
71 -- [3094 3923]
84 -- [1365 1541]
86 -- [2558 3600]
87 -- [1231 1446]
88 -- [739 697]
89 -- [2622 2817]
90 -- [3493 2027]
93 -- [3313 2903]
95 -- [3436 3080]
97 -- [4531 2682]
98 -- [1834 3009]
99 -- [ 298 1503]
105 -- [  83 1318]
106 -- [ 606 1692]
113 -- [1812  359]
119 -- [ 469 1011]
120 -- [3932 3029]
123 -- [1892 2366]
128 -- [2671 2762]
131 -- [4220 1928]
136 -- [ 443 1068]
137 -- [4267 2695]
142 -- [143 365]
145 -- [2577 2207]
153 -- [3710 3142]
154 -- [2156 3559]
158 -- [2636 2852]
162 -- [ 358 1777]
163 -- [992 962]
164 -- [ 176 1309]
173 -- [1681  317]
182 -- [ 264 1058]
184 -- [3319 2868]
186 -- [3260 3086]
190 -- [2175 3124]
194 -- [ 507 1315]
195 -- [2586 3564]
200 -- [3310 2683]
202 -- [4274 2323]
211 -- [2028 3750]
218 -- [3788 3879]
219 -- [3944 3572]
222 -- [146 147]
225 -- [3677 2556]
226 -- [2921 2138]
227 -- [1827 3553]
232 -- [2501 2219]
239 -- [  57 1812]
240 -- [1334  224]
257 -- [1117  716]
259 -- [159 363]
260 -- [1193 1127]
273 -- [401 226]
276 -- [2869 4228]
284 -- [3718 2244]
289 -- [2304 2335]
304 -- [3776 2349]
305 -- [2259 3098]
309 -- [4332 2470]
312 -- [770 449]
316 -- [347 727]
317 -- [ 375 1733]
326 -- [648 975]
330 -- [ 150 1722]
332 -- [2267 4380]
338 -- [2589 3794]
341 -- [726 847]
343 -- [2694 3527]
346 -- [1760  637]
348 -- [1676 1012]
354 -- [ 549 1470]
355 -- [4262 3292]
356 -- [735 515]
363 -- [2887 3885]
367 -- [4061 4391]
371 -- [ 110 1370]
372 -- [623 181]
375 -- [2259 3859]
376 -- [3710 3887]
381 -- [ 195 1112]
382 -- [202 470]
383 -- [2951 4331]
384 -- [320 877]
385 -- [3898 3066]
386 -- [2282 4055]
387 -- [3495 3436]
390 -- [1662 1752]
391 -- [644  88]
392 -- [1535  741]
395 -- [2738 2181]
396 -- [ 275 1718]
399 -- [3619 3003]
405 -- [1088 1373]
408 -- [295 502]
409 -- [1522  149]
414 -- [3277 3159]
415 -- [ 820 1034]
416 -- [ 845 1700]
417 -- [ 787 1362]
418 -- [ 99 851]
422 -- [102 265]
425 -- [1139  136]
427 -- [1789 1096]
429 -- [3372 2245]
432 -- [3965 3433]
442 -- [989 804]
446 -- [1646 1053]
447 -- [4350 1986]
449 -- [2923 3965]
453 -- [ 346 1186]
454 -- [2622 2136]
458 -- [2405 3782]
465 -- [1241 1138]
467 -- [1918 2618]
468 -- [3252 3477]
469 -- [2513 3843]
475 -- [2106 3787]
477 -- [3048 4099]
479 -- [1211  253]
487 -- [1401 1217]
489 -- [1608 1052]
491 -- [2708 1998]
492 -- [1749  645]
493 -- [1767  236]
497 -- [2850 2276]
499 -- [1935 4288]
500 -- [1023  742]
501 -- [1552  379]
505 -- [3978 2994]
506 -- [1017 1420]
508 -- [ 381 1223]
509 -- [2438 3903]
511 -- [1642   20]
514 -- [4589 4445]
523 -- [94 38]
531 -- [ 75 356]
533 -- [722  34]
534 -- [3878 3241]
535 -- [3105 2307]
537 -- [3957 2328]
541 -- [4352 3487]
542 -- [1080  307]
543 -- [2725 4562]
545 -- [1492 1725]
550 -- [3058 2492]
552 -- [ 319 1037]
554 -- [2028 2686]
556 -- [439 591]
560 -- [3439 1849]
561 -- [1864 2413]
583 -- [ 758 1072]
587 -- [3335 2323]
600 -- [804 393]
601 -- [4343 2041]
603 -- [2539 2277]
605 -- [2546 1827]
609 -- [738 486]
610 -- [2018 2628]
611 -- [ 486 1588]
617 -- [1084   89]
627 -- [2145 2122]
628 -- [2592 1931]
630 -- [676 608]
636 -- [1653 1747]
637 -- [2577 4525]
639 -- [1269  853]
648 -- [1487  206]
651 -- [969 457]
658 -- [376 330]
659 -- [1284 1598]
664 -- [1169  322]
669 -- [1594  566]
670 -- [1709  865]
671 -- [2568 3559]
675 -- [1299 1293]
676 -- [2047 3067]
678 -- [448 339]
684 -- [986 189]
688 -- [1130  208]
690 -- [4436 1849]
695 -- [ 824 1260]
706 -- [1486  127]
708 -- [3507 4210]
710 -- [3073 4460]
712 -- [1318 1385]
713 -- [ 470 1598]
714 -- [ 204 1299]
715 -- [3856 3037]
716 -- [2353 2290]
719 -- [2357 2987]
720 -- [4134 4520]
721 -- [196 836]
726 -- [2289 2071]
730 -- [3359 2943]
733 -- [2917 3274]
734 -- [  61 1222]
735 -- [1174  809]
741 -- [832 476]
746 -- [827 254]
747 -- [ 153 1021]
755 -- [3542 3271]
760 -- [1745 1692]
762 -- [1779   89]
764 -- [1558  637]
770 -- [3328 3754]
771 -- [3182 1891]
772 -- [1221   60]
773 -- [659 231]
779 -- [2727 2164]
785 -- [783 466]
788 -- [ 954 1337]
797 -- [2292 4208]
799 -- [2303 2395]
819 -- [899  70]
827 -- [3334 3818]
834 -- [736 407]
835 -- [3443 3885]
836 -- [4293 3971]
837 -- [2838 4430]
840 -- [ 647 1064]
843 -- [1467 1778]
847 -- [3745 2101]
849 -- [ 912 1592]
854 -- [3909 2557]
861 -- [3559 3234]
862 -- [3453 4293]
863 -- [1666 1491]
865 -- [ 754 1808]
866 -- [3459 2264]
870 -- [1189 1767]
874 -- [4007 3791]
881 -- [579 863]
886 -- [ 136 1440]
889 -- [  96 1126]
892 -- [4526 4228]
898 -- [3114 4213]
899 -- [3091 2230]
903 -- [ 818 1414]
909 -- [4410 4350]
915 -- [2723 3889]
919 -- [ 510 1511]
925 -- [3827 2287]
932 -- [1137   63]
937 -- [1323  348]
938 -- [ 366 1505]
941 -- [2674 2739]
945 -- [3014 4589]
946 -- [1503 1313]
949 -- [ 76 528]
952 -- [ 878 1491]
953 -- [ 491 1587]
956 -- [2601 2267]
957 -- [3964 4017]
959 -- [512 826]
963 -- [780 716]
964 -- [2269 2604]
970 -- [1903 3354]
973 -- [2804 2151]
978 -- [405 226]
987 -- [513 169]
992 -- [2333 3867]
994 -- [ 41 434]
995 -- [1663  860]
997 -- [ 786 1768]
998 -- [1456  740]
1008 -- [  33 1417]
1009 -- [3384 1879]
1014 -- [2278 1891]
1016 -- [243 584]
1017 -- [761 341]
1020 -- [2533 3384]
1022 -- [ 67 835]
1030 -- [1417  251]
1042 -- [1648  668]
1052 -- [1058  637]
1055 -- [2725 3195]
1058 -- [3124 4344]
1062 -- [3179 2278]
1064 -- [ 104 1068]
1065 -- [324 227]
1066 -- [ 179 1196]
1067 -- [2619 1822]
1073 -- [808 184]
1074 -- [2852 2648]
1079 -- [1843 2834]
1084 -- [2682 3746]
1089 -- [1792 1280]
1093 -- [ 326 1701]
1097 -- [1373 1244]
1101 -- [4005 2115]
1102 -- [935 527]
1104 -- [691 137]
1105 -- [1320   67]
1108 -- [2703 4443]
1112 -- [229 160]
1113 -- [2912 2395]
1116 -- [3447 3001]
1118 -- [250 428]
1121 -- [845 909]
1124 -- [4566 2498]
1128 -- [3429 3446]
1129 -- [1342  950]
1130 -- [1155  173]
1131 -- [2580 3481]
1132 -- [101 942]
1137 -- [2597 2701]
1153 -- [2488 3943]
1154 -- [1971 2852]
1156 -- [2901 3783]
1157 -- [322 990]
1158 -- [2259 3968]
1159 -- [1885 3055]
1169 -- [2628 1995]
1171 -- [1950 3055]
1172 -- [2643 3811]
1175 -- [1335  936]
1180 -- [2756 3712]
1184 -- [1033  598]
1189 -- [2921 2732]
1194 -- [ 475 1031]
1195 -- [ 340 1246]
1198 -- [1722 1227]
1207 -- [3818 4383]
1208 -- [2694 2352]
1211 -- [2346 1977]
1213 -- [1632 1289]
1218 -- [1620  501]
1222 -- [ 342 1494]
1230 -- [3245 4210]
1233 -- [3165 4470]
1238 -- [4557 3817]
1241 -- [536 835]
1247 -- [631 124]
1249 -- [1022  690]
1250 -- [1141 1404]
1256 -- [434 727]
1264 -- [3779 1933]
1265 -- [3702 3710]
1275 -- [1434  815]
1279 -- [ 869 1809]
1284 -- [4252 3097]
1285 -- [4582 3818]
1292 -- [573 969]
1293 -- [3481 3149]
1297 -- [4542 2604]
1298 -- [4514 3309]
1300 -- [ 717 1721]
1302 -- [1442  515]
1304 -- [204 414]
1305 -- [3524 2261]
1309 -- [4229 4483]
1312 -- [837 500]
1317 -- [4488 2866]
1320 -- [1159 1110]
1322 -- [ 531 1360]
1327 -- [3245 4350]
1329 -- [1836 4262]
1330 -- [1307  309]
1332 -- [900 261]
1334 -- [3102 1827]
1335 -- [3717 1827]
1339 -- [2771 2417]
1340 -- [ 263 1158]
1342 -- [1651 1411]
1344 -- [451  95]
1348 -- [3787 3659]
1350 -- [4087 2222]
1361 -- [3249 2679]
1362 -- [1176 1129]
1375 -- [ 521 1013]
1379 -- [2047 2760]
1381 -- [1540 1369]
1383 -- [3991 3992]
1387 -- [3465 2357]
1389 -- [332 599]
1392 -- [1918 3418]
1394 -- [ 333 1373]
1401 -- [3250 1871]
1403 -- [1187   34]
1406 -- [ 603 1532]
1412 -- [3991 3638]
1425 -- [2422 4208]
1426 -- [2687 2151]
1427 -- [3973 4522]
1433 -- [1343 1156]
1435 -- [1028 1809]
1438 -- [3611 3743]
1443 -- [1414  345]
1456 -- [2323 2992]
1460 -- [2691 2421]
1461 -- [605 781]
1466 -- [3214 1846]
1469 -- [1322  757]
1473 -- [2933 3270]
1479 -- [3214 4493]
1480 -- [4210 4503]
1487 -- [4267 4097]
1490 -- [768  67]
1491 -- [386 466]
1497 -- [ 661 1325]
1498 -- [3005 4586]
1500 -- [4586 2279]
1501 -- [4274 3828]
1502 -- [1428   88]
1505 -- [2161 2628]
1514 -- [734 626]
1518 -- [3542 3109]
1522 -- [523 379]
1524 -- [4267 2814]
1526 -- [3193 3758]
1528 -- [4247 3788]
1531 -- [4076 2368]
1546 -- [ 560 1503]
1548 -- [1648   48]
1550 -- [ 305 1677]
1554 -- [2577 3816]
1562 -- [1837 2225]
1564 -- [553 838]
1566 -- [982 315]
1568 -- [3918 2880]
1569 -- [2823 4149]
1572 -- [1754  476]
1577 -- [728 448]
1590 -- [ 471 1121]
1596 -- [930 758]
1608 -- [996 726]
1612 -- [211 686]
1619 -- [1630  270]
1621 -- [2304 3474]
1623 -- [4592 2049]
1625 -- [4510 3818]
1630 -- [2281 4208]
1636 -- [3944 4151]
1638 -- [4020 4267]
1642 -- [4412 2852]
1643 -- [320 395]
1649 -- [3214 3176]
1652 -- [2276 2664]
1654 -- [  94 1758]
1655 -- [4080 2771]
-cl sat and violated: 961 | 591  | total #cl: 1552 | -violated weight: 591
5 -- [4405 1775]
7 -- [2293  475]
8 -- [3541  831]
9 -- [ 977 3418]
10 -- [1098 2342]
14 -- [1175 3585]
17 -- [3265 1070]
18 -- [1625 3289]
19 -- [ 882 2595]
23 -- [3500 1411]
25 -- [ 946 3336]
29 -- [ 275 3538]
31 -- [1330 2609]
33 -- [  61 2100]
34 -- [1990 1542]
35 -- [2535  620]
41 -- [1056 2202]
45 -- [2721 1424]
46 -- [ 643 2597]
51 -- [3209 1343]
52 -- [4229  849]
53 -- [ 606 3161]
55 -- [4090  949]
58 -- [3034 1790]
59 -- [3505 1362]
61 -- [3057 1563]
63 -- [2291 1462]
64 -- [ 395 3110]
65 -- [2182 1526]
66 -- [2479  780]
68 -- [ 913 4281]
72 -- [1439 4581]
73 -- [2786  352]
77 -- [2027   22]
83 -- [3193  422]
86 -- [ 532 2897]
91 -- [2732  445]
92 -- [3221 1508]
94 -- [ 956 3694]
96 -- [1124 3104]
103 -- [1859 1462]
104 -- [4202 1715]
105 -- [3457  111]
107 -- [ 778 3193]
108 -- [3360 1739]
115 -- [2269  232]
116 -- [1979 1343]
120 -- [ 747 3637]
122 -- [ 940 4511]
127 -- [3764  240]
129 -- [1362 4143]
131 -- [4382  498]
134 -- [ 984 2432]
135 -- [1059 4485]
138 -- [4375 1457]
143 -- [1575 1973]
145 -- [3960  567]
146 -- [1988  977]
148 -- [2638 1007]
150 -- [1862 1700]
154 -- [1722 4427]
157 -- [1588 2293]
158 -- [1754 2868]
160 -- [3539  164]
166 -- [1587 3169]
171 -- [3574 1459]
174 -- [4293 1494]
176 -- [3743 1643]
177 -- [3647  168]
184 -- [1794 4281]
188 -- [1037 4487]
189 -- [4187  708]
190 -- [4131 1412]
192 -- [  69 1930]
194 -- [2574 1584]
198 -- [2478  693]
202 -- [1564 4150]
206 -- [ 813 2453]
210 -- [3260 1469]
211 -- [2481  324]
213 -- [4593  519]
214 -- [3046 1323]
216 -- [2671 1243]
217 -- [ 323 3913]
221 -- [2375 1564]
226 -- [1332 2397]
227 -- [2989 1175]
232 -- [3943  238]
236 -- [4211 1794]
243 -- [3745 1343]
245 -- [1157 3545]
251 -- [3551  507]
252 -- [3967  476]
259 -- [  66 2539]
264 -- [3542  776]
265 -- [1211 3439]
267 -- [2057  101]
270 -- [1563 2441]
275 -- [2320  342]
276 -- [3698  175]
277 -- [ 323 3441]
279 -- [ 815 2812]
280 -- [1745 3662]
281 -- [2615 1142]
282 -- [1625 3972]
287 -- [2069   63]
293 -- [3323 1585]
295 -- [2800  306]
296 -- [2566   34]
299 -- [3438  617]
300 -- [3395 1701]
306 -- [2094 1746]
307 -- [4312 1005]
309 -- [4466  658]
311 -- [1066 3261]
312 -- [ 426 2576]
314 -- [ 337 2865]
324 -- [1049 2862]
334 -- [ 736 4215]
335 -- [1037 2761]
337 -- [1057 3394]
342 -- [2565 1623]
344 -- [1451 4370]
346 -- [2305 1282]
347 -- [4568  845]
348 -- [1010 4279]
350 -- [2023  590]
352 -- [1831  866]
353 -- [ 107 2021]
358 -- [2681 1244]
366 -- [ 672 3783]
367 -- [ 315 3475]
372 -- [3704 1113]
374 -- [1418 3848]
375 -- [1729 1904]
376 -- [ 148 2103]
377 -- [2434   89]
378 -- [3762  330]
381 -- [1334 3450]
382 -- [3498 1792]
387 -- [1043 2558]
388 -- [2453  590]
394 -- [1774 1922]
397 -- [1969 1360]
398 -- [1712 4295]
401 -- [ 250 4146]
404 -- [ 155 2670]
406 -- [4127 1799]
407 -- [2059 1802]
411 -- [ 143 2303]
412 -- [1503 3887]
418 -- [ 785 2980]
419 -- [2477  455]
421 -- [ 681 3284]
423 -- [ 564 2061]
425 -- [3789  414]
427 -- [2419   31]
429 -- [3669   34]
430 -- [3005   67]
433 -- [2298 1347]
434 -- [1697 2499]
436 -- [2925   84]
439 -- [ 275 2308]
447 -- [ 607 4289]
451 -- [4531 1668]
453 -- [1766 2465]
454 -- [2056 1805]
463 -- [1716 3999]
465 -- [4250   68]
469 -- [2238 1449]
473 -- [ 574 4359]
474 -- [ 592 4500]
475 -- [3560  444]
477 -- [ 337 2535]
478 -- [1654 3151]
481 -- [3975 1146]
484 -- [1164 3670]
485 -- [3603 1697]
489 -- [ 962 1988]
491 -- [3346  414]
492 -- [4552 1637]
493 -- [3678  958]
500 -- [2746 1711]
501 -- [  26 3358]
502 -- [ 692 3220]
505 -- [ 101 2038]
506 -- [1695 2421]
508 -- [ 590 4374]
510 -- [1715 3956]
514 -- [3751  193]
516 -- [ 300 2545]
517 -- [1090 1913]
520 -- [4173  758]
522 -- [1139 3754]
526 -- [ 148 4178]
528 -- [2243   84]
529 -- [ 136 2737]
532 -- [2900 1563]
535 -- [1184 3754]
538 -- [1761 4478]
539 -- [1968  360]
542 -- [ 751 1841]
543 -- [2247 1745]
544 -- [2196 1118]
546 -- [3160  162]
547 -- [1387 2965]
548 -- [3963 1420]
551 -- [3033  360]
553 -- [2959  147]
554 -- [1674 3010]
556 -- [ 222 2698]
557 -- [1621 4064]
559 -- [3572  101]
565 -- [3002 1707]
567 -- [1640 2231]
568 -- [4270  826]
570 -- [2883 1233]
571 -- [1457 3916]
572 -- [4586  196]
580 -- [ 500 1972]
587 -- [2074  226]
588 -- [1113 1870]
592 -- [ 790 2878]
594 -- [3163  662]
595 -- [ 404 3973]
597 -- [ 277 3788]
600 -- [3654 1794]
602 -- [3996  331]
605 -- [2431 1668]
607 -- [3728  836]
608 -- [1745 2674]
609 -- [2365  168]
610 -- [3585  901]
613 -- [1294 4282]
616 -- [3613  517]
617 -- [3669   20]
618 -- [ 199 2242]
623 -- [3745  855]
625 -- [ 359 2521]
626 -- [1436 2492]
629 -- [ 940 3069]
630 -- [ 854 1866]
637 -- [3057  864]
640 -- [2256  169]
646 -- [1303 4184]
650 -- [  51 3310]
651 -- [ 444 1987]
652 -- [4075  331]
654 -- [1768 3092]
668 -- [1110 3051]
669 -- [1016 3898]
670 -- [1408 4336]
671 -- [3408  163]
673 -- [1517 4231]
676 -- [1386 3243]
681 -- [3013 1789]
683 -- [ 264 3387]
686 -- [3433  854]
689 -- [4149  759]
692 -- [2336  104]
696 -- [4000   17]
700 -- [3842 1126]
706 -- [4297 1412]
710 -- [1735 3369]
711 -- [3018 1031]
712 -- [3002 1289]
713 -- [2891  854]
714 -- [ 962 2440]
715 -- [1088 2519]
721 -- [2225 1396]
722 -- [ 103 2306]
729 -- [2972  434]
731 -- [2122  421]
732 -- [ 471 4414]
739 -- [ 862 1896]
740 -- [ 545 4000]
742 -- [ 169 3208]
745 -- [3235 1701]
748 -- [ 443 2160]
751 -- [3677  917]
752 -- [2225  895]
754 -- [1823 1800]
755 -- [2662 1804]
756 -- [3515 1258]
758 -- [3312 1628]
761 -- [  25 4586]
762 -- [3508 1524]
763 -- [2015  379]
765 -- [2591  535]
766 -- [4055 1627]
770 -- [1492 3145]
774 -- [2164 1293]
775 -- [2802  226]
776 -- [2513 1774]
779 -- [3001 1450]
781 -- [ 243 2009]
783 -- [3188  988]
785 -- [1661 2442]
786 -- [ 724 4225]
789 -- [1330 4160]
790 -- [ 940 4497]
799 -- [ 589 3772]
801 -- [ 761 2638]
806 -- [ 212 2832]
809 -- [1043 2219]
823 -- [1747 2153]
825 -- [2319  619]
826 -- [2553  606]
828 -- [4279  107]
830 -- [1778 4439]
832 -- [4106 1774]
833 -- [4554  643]
837 -- [2963  852]
842 -- [1548 2586]
845 -- [ 464 3044]
846 -- [1080 3507]
847 -- [2741  898]
854 -- [1545 4237]
855 -- [2055 1752]
856 -- [2415 1539]
861 -- [4354  716]
864 -- [ 864 2405]
865 -- [2138  414]
868 -- [ 143 4162]
873 -- [1022 4262]
878 -- [4523  681]
881 -- [2926  809]
883 -- [1560 2340]
884 -- [2553  169]
887 -- [3219  891]
888 -- [3154 1802]
891 -- [2526  185]
892 -- [3395  535]
893 -- [1093 4373]
895 -- [1341 4367]
896 -- [3679  315]
897 -- [  98 3673]
902 -- [2260  846]
903 -- [4137 1143]
910 -- [1124 2969]
912 -- [4392 1415]
917 -- [4392    6]
919 -- [2052 1526]
923 -- [1504 4454]
925 -- [ 328 3699]
929 -- [4067  290]
930 -- [ 258 3694]
931 -- [1201 4083]
933 -- [ 843 2736]
934 -- [ 738 4423]
935 -- [1330 3219]
936 -- [3846 1107]
938 -- [2064  954]
939 -- [ 726 3876]
944 -- [2558 1797]
950 -- [ 194 1966]
951 -- [ 520 2696]
953 -- [3898  756]
961 -- [2739  764]
963 -- [ 232 4415]
966 -- [3027   33]
967 -- [3348 1521]
970 -- [3310 1466]
972 -- [1323 2347]
973 -- [1456 2053]
974 -- [ 728 2139]
975 -- [2289  101]
984 -- [ 463 2041]
985 -- [ 585 3625]
987 -- [3472 1307]
989 -- [3840  193]
990 -- [4553 1799]
991 -- [4203  626]
995 -- [  75 3053]
1002 -- [3693 1678]
1004 -- [1770 2561]
1005 -- [2328 1189]
1006 -- [1597 4543]
1007 -- [ 122 3903]
1008 -- [3179 1549]
1009 -- [3289   52]
1012 -- [2699  479]
1016 -- [ 832 2622]
1017 -- [4045 1337]
1019 -- [2083  396]
1020 -- [3252  182]
1021 -- [ 133 3048]
1026 -- [ 193 3562]
1028 -- [4226 1223]
1030 -- [ 745 2143]
1033 -- [1320 2545]
1036 -- [1040 2823]
1038 -- [2783  745]
1042 -- [4554 1507]
1045 -- [3542 1270]
1047 -- [ 627 4207]
1056 -- [3602  590]
1057 -- [2472  179]
1058 -- [3424 1289]
1059 -- [4204  184]
1062 -- [1451 3498]
1064 -- [ 453 2271]
1068 -- [3654  391]
1072 -- [ 853 2527]
1074 -- [1487 3126]
1076 -- [1305 2438]
1077 -- [3761  481]
1080 -- [2890 1521]
1082 -- [2082  160]
1083 -- [4265  468]
1085 -- [1222 4295]
1086 -- [1857  496]
1087 -- [1337 4355]
1090 -- [3818   59]
1093 -- [1687 3066]
1095 -- [1402 3283]
1097 -- [2593  339]
1099 -- [2222 1504]
1103 -- [3377 1105]
1106 -- [ 366 3679]
1107 -- [3278 1699]
1113 -- [2314 1698]
1114 -- [1680 3927]
1115 -- [2434 1100]
1117 -- [2718   82]
1121 -- [3197 1556]
1122 -- [4207  882]
1123 -- [4291 1179]
1124 -- [3917  321]
1125 -- [1488 3648]
1126 -- [ 329 2999]
1127 -- [2311 1414]
1132 -- [  42 4555]
1133 -- [3411  280]
1134 -- [2860 1149]
1135 -- [2771 1469]
1146 -- [1189 2566]
1150 -- [2411 1488]
1151 -- [2788  256]
1153 -- [1776 3516]
1158 -- [2838  847]
1161 -- [2909  518]
1169 -- [3998  133]
1172 -- [3026  645]
1174 -- [1197 2284]
1175 -- [ 358 3739]
1177 -- [ 596 3067]
1178 -- [3231 1730]
1180 -- [4522  417]
1181 -- [4211  136]
1183 -- [3420  770]
1190 -- [  31 3656]
1192 -- [1118 2416]
1193 -- [ 844 2676]
1194 -- [ 764 2619]
1196 -- [3539  443]
1199 -- [3441  102]
1201 -- [ 419 3362]
1205 -- [3186  585]
1210 -- [3630 1775]
1211 -- [ 695 3384]
1214 -- [ 204 2323]
1215 -- [3445 1722]
1216 -- [ 476 2989]
1225 -- [2063   55]
1226 -- [ 779 4093]
1228 -- [1792 2076]
1231 -- [ 510 3005]
1232 -- [4293  415]
1234 -- [4482 1629]
1236 -- [2062   63]
1237 -- [ 977 3395]
1239 -- [1966 1489]
1241 -- [1201 3409]
1242 -- [1796 4268]
1245 -- [3816  461]
1254 -- [2335 1332]
1255 -- [ 288 2151]
1258 -- [2241  581]
1261 -- [ 735 3001]
1262 -- [1348 2898]
1270 -- [3000 1053]
1273 -- [ 466 3028]
1274 -- [2948  867]
1275 -- [ 111 3120]
1276 -- [   0 1822]
1277 -- [1747 4141]
1284 -- [1037 3318]
1287 -- [ 240 2474]
1289 -- [2897  456]
1290 -- [ 692 4439]
1293 -- [2339 1386]
1298 -- [3840  135]
1299 -- [ 461 3986]
1300 -- [2851  450]
1301 -- [1770 2543]
1302 -- [4198 1554]
1305 -- [4423 1299]
1309 -- [2732  578]
1311 -- [4218 1146]
1312 -- [1642 2164]
1313 -- [ 854 3521]
1315 -- [1661 4019]
1316 -- [2653 1061]
1318 -- [3006  986]
1319 -- [1343 2768]
1326 -- [3204 1066]
1327 -- [ 530 1976]
1329 -- [3481  344]
1332 -- [2784 1400]
1337 -- [1918  486]
1341 -- [ 446 3052]
1342 -- [ 246 3003]
1343 -- [3933  958]
1344 -- [ 729 3502]
1348 -- [3164  368]
1350 -- [2402 1217]
1352 -- [1695 4073]
1354 -- [1775 4387]
1358 -- [ 675 3138]
1363 -- [ 738 2620]
1364 -- [3626  439]
1365 -- [1728 4342]
1366 -- [1593 1906]
1367 -- [ 592 3566]
1369 -- [1201 3577]
1372 -- [1207 2741]
1381 -- [ 823 3981]
1386 -- [3816  598]
1387 -- [1126 4334]
1388 -- [1460 1825]
1389 -- [2389  913]
1395 -- [3511   89]
1397 -- [1178 4481]
1399 -- [ 589 3319]
1400 -- [3126 1677]
1407 -- [3956  675]
1410 -- [ 324 4437]
1413 -- [2510  770]
1417 -- [ 123 3984]
1420 -- [1596 3320]
1422 -- [1947  323]
1423 -- [4488  127]
1425 -- [2563 1490]
1434 -- [ 701 3255]
1435 -- [4280  333]
1436 -- [ 544 4267]
1438 -- [2877 1527]
1440 -- [3749 1365]
1442 -- [1855  501]
1443 -- [4531 1719]
1444 -- [1066 2612]
1446 -- [4440 1302]
1448 -- [1341 4507]
1453 -- [2886  111]
1454 -- [2214 1418]
1455 -- [2982  247]
1456 -- [3227  648]
1460 -- [ 948 2010]
1461 -- [ 609 3568]
1462 -- [1103 2823]
1468 -- [2734 1735]
1469 -- [4232  279]
1470 -- [1507 4304]
1471 -- [ 572 3592]
1474 -- [ 977 3145]
1477 -- [1748 3501]
1481 -- [2405  247]
1484 -- [2660  741]
1494 -- [2691  924]
1496 -- [1966  206]
1497 -- [4323  226]
1502 -- [2461  508]
1503 -- [2622 1287]
1504 -- [1029 4251]
1505 -- [ 631 4515]
1508 -- [ 988 4244]
1509 -- [ 856 2356]
1511 -- [3969  108]
1513 -- [1610 2112]
1515 -- [2387  308]
1517 -- [2815 1341]
1518 -- [1232 3265]
1520 -- [2625  181]
1535 -- [  72 2083]
1541 -- [1034 4376]
1543 -- [2685 1411]
1546 -- [4026 1739]
1549 -- [ 627 2504]
1550 -- [3239  948]
1551 -- [2575 1045]
7 -time: 0.02131 -dim: (11172, 2)
8 -time: 0.00013 -dim: (7, 57)
9 -time: 3.91540 -dim: (1835400, 3)
10 -time: 5.45233 -dim: (1730141, 3)
11_12 -time: 0.19299 -dim: [110424, 2]
13 -time: 0.07596 -dim: (36808, 4)
14_15 -time: 0.03332 -dim: [798, 2]
16 -time: 0.00001 -dim: (0, 2)
17_18 -time: 0.38780 -dim: [73616, 3]
19 -time: 0.00009 -dim: (1, 1)
20 -time: 0.22386 -dim: (0, 4601)
21 -time: 0.00077 -dim: (1, 4601)
22 -time: 0.00005 -dim: (1552, 3)
23 -time: 0.00002 -dim: (1552, 3)
24 -time: 0.00003 -dim: (0, 5)
25 -time: 0.00004 -dim: (1668, 3)
26 -time: 0.00003 -dim: (1668, 3)
smtPr 22-26 -time: 0.00986 -dim: nan
slvr_header -time: 2.01462 -dim: nan
*solver* -time: 900.07436 -dim: nan
res_read -time: 0.04776 -dim: nan
-- SUM CL TIME: 10.31400          |  SUM other TIME: 902.13674          |  SUM TIME: 912.45074
