num branch_node: 7
num leaf_node: 8
num feature: 57
tree_depth: 3
num label: 2
nDC: 2432

***variables
a: 1 - 399 -> 399
s: 400 - 32606 -> 32207
z: 32607 - 69414 -> 36808
g: 69415 - 69430 -> 16
x: 69431 - 78632 -> 9202
ml: 78633 - 79236 -> 604
cl: 79237 - 79782 -> 546

variables***
[debug] --> CL ML ratio 1
the cl header --> p wcnf 79782 3801818 1151

timeout 900s ~/SAT_Project/loandra-master/loandra_static -pmreslin-cglim=30 -weight-strategy=1 -print-model -verbosity=1 ./solutions/spam_0.1_mc0.25_s1732_r1/phase_1_clauses_final >./solutions/spam_0.1_mc0.25_s1732_r1/phase_1_loandra_res

Start to read loandra res
*loandra status: SATISFIABLE
-ml sat and violated: 406 | 198  | total #ml: 604 | -violated weight: 198
3 -- [2917 3085]
7 -- [2048 2781]
8 -- [2243 3831]
13 -- [2802 2697]
18 -- [596 591]
23 -- [4535 2289]
28 -- [1904 2696]
29 -- [4549 2250]
31 -- [3237 3996]
32 -- [1584 1572]
34 -- [1665 1400]
36 -- [  35 1237]
39 -- [ 91 348]
42 -- [3947 3899]
46 -- [1717  249]
47 -- [ 572 1124]
48 -- [3946 3007]
49 -- [911 455]
51 -- [2387 2455]
55 -- [4224 2772]
57 -- [1714  934]
59 -- [4430 2544]
60 -- [763 482]
61 -- [2484 3177]
63 -- [2808 3532]
65 -- [2637 2639]
68 -- [610 599]
71 -- [3094 3923]
73 -- [780 956]
77 -- [ 121 1463]
78 -- [1982 3405]
80 -- [4548 2685]
85 -- [3963 4414]
88 -- [739 697]
90 -- [3493 2027]
98 -- [1834 3009]
99 -- [ 298 1503]
101 -- [1694  544]
103 -- [1649  973]
104 -- [4276 2820]
109 -- [1950 2924]
110 -- [2158 2766]
115 -- [4039 2997]
116 -- [2637 3505]
117 -- [668 133]
126 -- [3206 2232]
130 -- [1838 3730]
135 -- [3490 3376]
136 -- [ 443 1068]
137 -- [4267 2695]
140 -- [287 752]
143 -- [ 490 1309]
145 -- [2577 2207]
147 -- [2569 3129]
154 -- [2156 3559]
160 -- [3766 4447]
161 -- [ 465 1781]
164 -- [ 176 1309]
165 -- [1198 1272]
169 -- [1800 1418]
179 -- [1855 3847]
180 -- [2256 2736]
189 -- [757 799]
190 -- [2175 3124]
191 -- [3582 4275]
194 -- [ 507 1315]
197 -- [3632 2397]
199 -- [3371 2442]
200 -- [3310 2683]
201 -- [2729 3544]
204 -- [ 795 1254]
205 -- [3765 2932]
206 -- [4560 2996]
210 -- [2719 2272]
211 -- [2028 3750]
215 -- [2391 3189]
216 -- [2733 2844]
223 -- [1320  783]
225 -- [3677 2556]
227 -- [1827 3553]
229 -- [3765 2173]
231 -- [2091 4155]
233 -- [3841 3168]
238 -- [ 513 1580]
240 -- [1334  224]
242 -- [3416 2808]
243 -- [964 382]
246 -- [2951 2001]
247 -- [4025 1823]
251 -- [4111 2916]
252 -- [1061  729]
258 -- [2311 4554]
259 -- [159 363]
268 -- [3160 1903]
269 -- [3052 3113]
271 -- [1885 4382]
273 -- [401 226]
275 -- [3560 2013]
276 -- [2869 4228]
277 -- [ 537 1024]
280 -- [3730 4060]
298 -- [2246 4090]
301 -- [2824 3701]
304 -- [3776 2349]
305 -- [2259 3098]
306 -- [3292 3457]
315 -- [ 491 1415]
320 -- [ 99 848]
325 -- [2281 2166]
328 -- [4385 3490]
335 -- [1911 3859]
337 -- [2431 3864]
338 -- [2589 3794]
340 -- [1518  957]
349 -- [3920 4123]
352 -- [1042  268]
353 -- [ 212 1107]
355 -- [4262 3292]
356 -- [735 515]
366 -- [ 793 1750]
367 -- [4061 4391]
369 -- [4435 1860]
371 -- [ 110 1370]
373 -- [4502 3564]
377 -- [3662 2063]
379 -- [2247 2441]
381 -- [ 195 1112]
382 -- [202 470]
383 -- [2951 4331]
387 -- [3495 3436]
393 -- [1670 1272]
395 -- [2738 2181]
398 -- [2298 2977]
402 -- [4128 4113]
404 -- [2112 4416]
413 -- [1268 1618]
414 -- [3277 3159]
416 -- [ 845 1700]
417 -- [ 787 1362]
420 -- [3868 4123]
424 -- [2894 3518]
425 -- [1139  136]
428 -- [3900 2033]
429 -- [3372 2245]
432 -- [3965 3433]
435 -- [ 943 1170]
437 -- [1905 4001]
438 -- [ 995 1142]
443 -- [2272 4595]
448 -- [1785 1123]
450 -- [ 596 1544]
454 -- [2622 2136]
457 -- [2471 4155]
459 -- [2434 2060]
465 -- [1241 1138]
466 -- [1283 1550]
467 -- [1918 2618]
472 -- [3374 3433]
473 -- [1275  336]
474 -- [4223 2815]
483 -- [3930 4316]
487 -- [1401 1217]
490 -- [2991 2757]
491 -- [2708 1998]
492 -- [1749  645]
497 -- [2850 2276]
501 -- [1552  379]
502 -- [3159 4223]
504 -- [3683 3707]
506 -- [1017 1420]
507 -- [3881 4430]
509 -- [2438 3903]
514 -- [4589 4445]
515 -- [3011 2744]
516 -- [2295 3020]
518 -- [1702  303]
520 -- [2124 3913]
521 -- [1790 1522]
531 -- [ 75 356]
534 -- [3878 3241]
540 -- [ 91 441]
542 -- [1080  307]
554 -- [2028 2686]
559 -- [3968 1956]
564 -- [2204 2375]
565 -- [4517 4124]
572 -- [ 544 1691]
575 -- [4207 2834]
577 -- [4548 3358]
580 -- [971 426]
588 -- [3750 4164]
589 -- [2182 2523]
593 -- [2224 2786]
594 -- [2362 2354]
597 -- [4500 2153]
598 -- [1875 4212]
601 -- [4343 2041]
603 -- [2539 2277]
-cl sat and violated: 347 | 199  | total #cl: 546 | -violated weight: 199
0 -- [2186  862]
5 -- [4405 1775]
11 -- [2255 1192]
14 -- [1175 3585]
16 -- [ 303 3767]
18 -- [1625 3289]
22 -- [1798 3875]
23 -- [3500 1411]
25 -- [ 946 3336]
26 -- [ 777 4438]
27 -- [3848  396]
30 -- [2171 1622]
32 -- [3564  490]
33 -- [  61 2100]
35 -- [2535  620]
38 -- [ 798 2621]
43 -- [3213  139]
47 -- [3235  204]
48 -- [ 262 2743]
49 -- [3958  562]
55 -- [4090  949]
61 -- [3057 1563]
63 -- [2291 1462]
64 -- [ 395 3110]
65 -- [2182 1526]
66 -- [2479  780]
69 -- [ 604 4569]
71 -- [2081  262]
72 -- [1439 4581]
75 -- [ 828 3218]
76 -- [1328 3596]
78 -- [2103  979]
79 -- [  46 4491]
84 -- [ 961 3110]
89 -- [ 702 4416]
96 -- [1124 3104]
98 -- [1869  183]
99 -- [3949  258]
100 -- [3497 1081]
103 -- [1859 1462]
104 -- [4202 1715]
111 -- [4209 1281]
112 -- [3648 1459]
113 -- [1863  296]
114 -- [1240 3190]
116 -- [1979 1343]
120 -- [ 747 3637]
124 -- [3859  198]
126 -- [ 922 3968]
127 -- [3764  240]
129 -- [1362 4143]
132 -- [ 354 4111]
133 -- [2060   45]
134 -- [ 984 2432]
136 -- [1147 2529]
137 -- [4267  141]
140 -- [3673  313]
142 -- [ 272 3831]
143 -- [1575 1973]
144 -- [ 172 4227]
145 -- [3960  567]
146 -- [1988  977]
150 -- [1862 1700]
151 -- [4531  305]
160 -- [3539  164]
163 -- [4352 1768]
164 -- [1072 1859]
166 -- [1587 3169]
170 -- [1264 4388]
180 -- [1251 2384]
182 -- [  25 2248]
193 -- [4152 1297]
195 -- [ 320 2760]
199 -- [1706 4310]
203 -- [1399 3602]
204 -- [3555  990]
205 -- [2415 1487]
208 -- [1187 3294]
209 -- [1700 3252]
214 -- [3046 1323]
215 -- [1151 4422]
216 -- [2671 1243]
217 -- [ 323 3913]
219 -- [1896   55]
220 -- [2328  310]
226 -- [1332 2397]
230 -- [3290  183]
240 -- [1459 2023]
242 -- [2060 1398]
243 -- [3745 1343]
246 -- [3491 1221]
249 -- [3154  872]
252 -- [3967  476]
264 -- [3542  776]
271 -- [2306  204]
276 -- [3698  175]
277 -- [ 323 3441]
280 -- [1745 3662]
285 -- [3613  868]
286 -- [4561   29]
287 -- [2069   63]
289 -- [ 983 3275]
293 -- [3323 1585]
295 -- [2800  306]
299 -- [3438  617]
300 -- [3395 1701]
301 -- [1169 3992]
302 -- [4503  328]
307 -- [4312 1005]
310 -- [3386 1016]
312 -- [ 426 2576]
314 -- [ 337 2865]
315 -- [2112 1685]
316 -- [ 288 2981]
319 -- [1975 1653]
320 -- [1478 1873]
325 -- [ 399 4189]
330 -- [4314  348]
331 -- [ 931 3011]
332 -- [3432  340]
336 -- [ 505 2281]
338 -- [3466 1666]
339 -- [  61 3743]
340 -- [ 533 3337]
341 -- [1441 2553]
342 -- [2565 1623]
349 -- [ 903 1818]
353 -- [ 107 2021]
358 -- [2681 1244]
360 -- [1071 3153]
361 -- [1204 4160]
364 -- [1250 2041]
367 -- [ 315 3475]
372 -- [3704 1113]
376 -- [ 148 2103]
379 -- [ 263 2734]
382 -- [3498 1792]
383 -- [ 563 3549]
387 -- [1043 2558]
390 -- [1260 2596]
392 -- [4510  554]
394 -- [1774 1922]
397 -- [1969 1360]
401 -- [ 250 4146]
402 -- [1381 1866]
404 -- [ 155 2670]
405 -- [1443 4572]
407 -- [2059 1802]
409 -- [ 736 3762]
414 -- [4474  314]
415 -- [ 396 3599]
417 -- [2462  552]
418 -- [ 785 2980]
419 -- [2477  455]
420 -- [ 268 3904]
421 -- [ 681 3284]
426 -- [ 233 4069]
427 -- [2419   31]
430 -- [3005   67]
434 -- [1697 2499]
435 -- [1006 2090]
439 -- [ 275 2308]
440 -- [4068 1101]
441 -- [3567  956]
443 -- [2550 1399]
444 -- [1749 1855]
446 -- [1873   76]
448 -- [1611 4330]
452 -- [1031 4012]
453 -- [1766 2465]
454 -- [2056 1805]
459 -- [3955 1054]
460 -- [ 782 4530]
462 -- [2409  711]
469 -- [2238 1449]
471 -- [3803  669]
473 -- [ 574 4359]
474 -- [ 592 4500]
475 -- [3560  444]
476 -- [2512  893]
479 -- [1283 3964]
483 -- [3009  613]
485 -- [3603 1697]
489 -- [ 962 1988]
494 -- [4247  860]
496 -- [ 296 4477]
504 -- [  43 4367]
509 -- [  18 3135]
515 -- [ 253 2907]
517 -- [1090 1913]
526 -- [ 148 4178]
529 -- [ 136 2737]
537 -- [1006 2128]
538 -- [1761 4478]
539 -- [1968  360]
540 -- [4251 1012]
542 -- [ 751 1841]
544 -- [2196 1118]
545 -- [2284 1011]
7 -time: 0.02197 -dim: (11172, 2)
8 -time: 0.00014 -dim: (7, 57)
9 -time: 3.98426 -dim: (1835400, 3)
10 -time: 5.51131 -dim: (1730141, 3)
11_12 -time: 0.19696 -dim: [110424, 2]
13 -time: 0.07740 -dim: (36808, 4)
14_15 -time: 0.03440 -dim: [798, 2]
16 -time: 0.00001 -dim: (0, 2)
17_18 -time: 0.38653 -dim: [73616, 3]
19 -time: 0.00009 -dim: (1, 1)
20 -time: 0.22063 -dim: (0, 4601)
21 -time: 0.00077 -dim: (1, 4601)
22 -time: 0.00003 -dim: (546, 3)
23 -time: 0.00002 -dim: (546, 3)
24 -time: 0.00003 -dim: (0, 5)
25 -time: 0.00003 -dim: (604, 3)
26 -time: 0.00002 -dim: (604, 3)
smtPr 22-26 -time: 0.00364 -dim: nan
slvr_header -time: 1.40802 -dim: nan
*solver* -time: 900.06598 -dim: nan
res_read -time: 0.03471 -dim: nan
-- SUM CL TIME: 10.43824          |  SUM other TIME: 901.50871          |  SUM TIME: 911.94695
