num branch_node: 7
num leaf_node: 8
num feature: 57
tree_depth: 3
num label: 2
nDC: 2432

***variables
a: 1 - 399 -> 399
s: 400 - 32606 -> 32207
z: 32607 - 69414 -> 36808
g: 69415 - 69430 -> 16
x: 69431 - 78632 -> 9202
ml: 78633 - 82898 -> 4266
cl: 82899 - 86683 -> 3785

variables***
[debug] --> CL ML ratio 1
the cl header --> p wcnf 86683 3822521 8052

timeout 900s ~/SAT_Project/loandra-master/loandra_static -pmreslin-cglim=30 -weight-strategy=1 -print-model -verbosity=1 ./solutions/spam_0.1_mc1.75_s2352_r1/phase_1_clauses_final >./solutions/spam_0.1_mc1.75_s2352_r1/phase_1_loandra_res

Start to read loandra res
*loandra status: SATISFIABLE
-ml sat and violated: 2722 | 1544  | total #ml: 4266 | -violated weight: 1544
0 -- [2185 3952]
4 -- [2715 2444]
18 -- [1809  255]
20 -- [2478 2041]
23 -- [154 247]
24 -- [3206 3986]
28 -- [2877 4373]
35 -- [3381 1957]
36 -- [2110 2490]
38 -- [1705  437]
39 -- [4336 2693]
41 -- [4312 3456]
42 -- [1786 1125]
56 -- [3395 2633]
58 -- [758 541]
59 -- [842 867]
61 -- [144 881]
62 -- [4121 3505]
65 -- [4372 3299]
66 -- [ 379 1463]
70 -- [4166 2495]
72 -- [3064 3685]
73 -- [1535 1138]
75 -- [1851 2663]
76 -- [4198 3814]
77 -- [3244 2034]
78 -- [1876 3030]
81 -- [1052 1750]
83 -- [1938 2938]
84 -- [3334 3996]
88 -- [3009 2786]
89 -- [3454 3928]
93 -- [1719 1153]
95 -- [3798 2479]
96 -- [3922 3925]
99 -- [2851 2165]
102 -- [4535 2902]
105 -- [3361 4384]
107 -- [1046  967]
108 -- [2874 3097]
109 -- [1230  305]
115 -- [1654  233]
116 -- [635   6]
119 -- [736  54]
122 -- [3673 2964]
126 -- [1574 1581]
127 -- [2646 2332]
128 -- [2869 2011]
130 -- [2322 2044]
132 -- [2685 4483]
134 -- [ 490 1020]
136 -- [4097 4430]
138 -- [3220 2144]
142 -- [2137 4562]
147 -- [2484 3990]
150 -- [3291 4355]
151 -- [2323 3034]
161 -- [1601 1048]
165 -- [2016 4514]
166 -- [3432 3933]
170 -- [271 792]
172 -- [1005  163]
173 -- [2095 3622]
174 -- [4472 3464]
177 -- [1760  233]
179 -- [3142 2447]
180 -- [1914 4536]
181 -- [3584 4308]
183 -- [2959 2119]
184 -- [  67 1748]
188 -- [1754 1258]
190 -- [505 346]
197 -- [3272 3564]
205 -- [3197 2871]
207 -- [ 152 1226]
212 -- [4015 2319]
213 -- [294 742]
215 -- [2421 4588]
218 -- [3181 2228]
224 -- [2760 3701]
225 -- [3739 2115]
229 -- [ 516 1017]
232 -- [4278 4185]
233 -- [403  26]
234 -- [4299 4053]
238 -- [2661 1888]
242 -- [2961 2277]
245 -- [4369 2393]
248 -- [3614 2045]
253 -- [3989 3260]
254 -- [1985 3657]
255 -- [2291 3995]
256 -- [212 429]
257 -- [3307 4426]
259 -- [544 620]
260 -- [4524 1930]
261 -- [3356 2256]
264 -- [4182 3899]
265 -- [2681 2345]
270 -- [1399 1317]
274 -- [4508 2014]
275 -- [2838 2416]
278 -- [2965 2110]
280 -- [4268 3982]
284 -- [2680 2838]
287 -- [2834 3748]
290 -- [ 133 1094]
292 -- [2040 3939]
298 -- [4017 3467]
300 -- [ 650 1559]
301 -- [2827 4435]
303 -- [552 269]
305 -- [1299 1224]
307 -- [4338 4079]
313 -- [3737 4308]
315 -- [1559 1561]
319 -- [2950 2538]
320 -- [2528 1872]
330 -- [1640 1578]
333 -- [1555 1727]
336 -- [873 588]
337 -- [4445 2323]
340 -- [3241 4010]
346 -- [3731 3541]
347 -- [2171 3059]
355 -- [3923 4128]
357 -- [2426 2475]
358 -- [2655 2330]
365 -- [1529  740]
368 -- [2927 2171]
370 -- [2189 3299]
371 -- [654   6]
377 -- [2876 3453]
379 -- [268 658]
380 -- [1194 1622]
384 -- [1467 1735]
389 -- [3853 1829]
390 -- [3292 3427]
400 -- [2176 3425]
401 -- [220 376]
407 -- [3272 4257]
408 -- [4195 2532]
411 -- [ 110 1608]
424 -- [3345 3375]
427 -- [3737 2784]
430 -- [454 792]
433 -- [1138 1563]
434 -- [611 634]
435 -- [2804 3738]
439 -- [1803 1721]
442 -- [2940 3360]
444 -- [2929 4512]
445 -- [1175 1307]
448 -- [1310   94]
450 -- [ 423 1543]
451 -- [2323 2141]
453 -- [2370 3864]
455 -- [4348 4198]
457 -- [2064 2534]
459 -- [2428 2566]
460 -- [2833 2711]
462 -- [ 299 1467]
466 -- [3841 2689]
468 -- [ 412 1205]
473 -- [1914 2042]
474 -- [2579 2774]
480 -- [2970 2310]
488 -- [3985 3206]
489 -- [1469  390]
491 -- [1641 1481]
492 -- [4246 1972]
497 -- [2492 3706]
502 -- [3555 2877]
505 -- [2465 2841]
507 -- [402 459]
508 -- [2362 4235]
509 -- [4363 2661]
513 -- [1745 1685]
516 -- [2342 2377]
517 -- [2461 1898]
518 -- [4443 3778]
519 -- [ 789 1105]
520 -- [ 357 1387]
521 -- [403 525]
524 -- [3023 2791]
525 -- [852 543]
527 -- [2295 4576]
530 -- [ 607 1802]
532 -- [1622  744]
537 -- [2342 4011]
541 -- [403 620]
542 -- [3701 3250]
545 -- [2382 4341]
546 -- [4418 4169]
552 -- [829 358]
559 -- [ 489 1049]
560 -- [3278 2308]
563 -- [3213 2828]
571 -- [1610 1502]
573 -- [4553 3273]
579 -- [2177 1890]
580 -- [2840 4232]
581 -- [3795 2696]
586 -- [1668  683]
587 -- [3859 2267]
588 -- [2463 2334]
592 -- [2892 4203]
594 -- [3996 2183]
597 -- [2910 4161]
603 -- [4001 2759]
606 -- [ 914 1443]
607 -- [3280 3905]
609 -- [3768 2712]
610 -- [2764 2809]
614 -- [3662 4416]
615 -- [786 324]
620 -- [3329 3233]
623 -- [3775 2701]
624 -- [241 781]
625 -- [1495 1031]
627 -- [4261 2260]
628 -- [ 719 1545]
637 -- [4485 3067]
639 -- [ 833 1265]
645 -- [693 152]
646 -- [3957 2613]
650 -- [3703 3797]
653 -- [2163 2588]
655 -- [2820 2598]
658 -- [2063 3344]
665 -- [2390 3894]
666 -- [1058  441]
667 -- [2341 2497]
668 -- [1154  935]
670 -- [2743 2630]
673 -- [2742 3823]
676 -- [2112 3267]
682 -- [ 451 1184]
684 -- [2639 2182]
685 -- [699 271]
686 -- [1367  426]
688 -- [4398 4258]
690 -- [2920 3864]
692 -- [3765 4259]
699 -- [3452 1979]
703 -- [2323 3897]
705 -- [3499 3821]
709 -- [4507 4166]
711 -- [1599 1110]
713 -- [3463 2843]
714 -- [1056  519]
715 -- [4183 2709]
723 -- [2071 3339]
724 -- [4265 2797]
726 -- [3292 3633]
727 -- [2954 1841]
730 -- [1908 2362]
734 -- [1173 1433]
735 -- [4336 1952]
744 -- [4033 3589]
745 -- [3120 2116]
749 -- [880 110]
756 -- [4374 4158]
757 -- [3983 4026]
767 -- [4270 3719]
768 -- [595 674]
771 -- [4489 2027]
772 -- [3533 2631]
773 -- [2310 2807]
787 -- [344 186]
791 -- [3714 3737]
792 -- [1091  687]
796 -- [2175 2318]
797 -- [4134 2284]
799 -- [3780 4432]
800 -- [2313 4548]
803 -- [ 597 1220]
806 -- [3376 4384]
807 -- [4358 3026]
809 -- [2651 3570]
814 -- [3192 2113]
816 -- [1591 1219]
818 -- [3797 2513]
820 -- [1354 1761]
824 -- [4264 4527]
826 -- [1818 3374]
828 -- [4295 1903]
834 -- [1415 1512]
836 -- [749 676]
840 -- [2617 3719]
845 -- [978 131]
848 -- [2096 3887]
850 -- [3738 4346]
851 -- [2032 3160]
854 -- [2309 3907]
859 -- [2459 1981]
868 -- [2971 2818]
869 -- [4459 2718]
873 -- [1377 1062]
876 -- [3243 2117]
878 -- [2955 2991]
882 -- [1457  880]
883 -- [2038 3213]
887 -- [3273 2343]
891 -- [ 626 1234]
894 -- [3960 3505]
897 -- [4171 3746]
899 -- [ 16 644]
908 -- [2200 1936]
913 -- [3120 2552]
916 -- [2474 4312]
918 -- [2513 2743]
922 -- [4527 1854]
924 -- [1245  550]
931 -- [4169 4286]
933 -- [184 628]
937 -- [2423 3763]
939 -- [2088 1868]
940 -- [3712 2109]
944 -- [1875 3990]
946 -- [3969 2484]
947 -- [3846 4108]
948 -- [2873 3688]
951 -- [401 319]
956 -- [3539 3989]
961 -- [ 967 1172]
972 -- [2837 3173]
975 -- [ 861 1655]
976 -- [4234 3947]
977 -- [2018 4305]
978 -- [1952 3464]
979 -- [4138 4034]
980 -- [1455 1254]
982 -- [4155 1850]
987 -- [1614  377]
989 -- [3294 3389]
990 -- [4415 3009]
994 -- [2811 3150]
998 -- [1219 1476]
999 -- [3382 4072]
1002 -- [3229 4338]
1007 -- [1199  768]
1010 -- [102 396]
1013 -- [287 595]
1016 -- [4177 3976]
1018 -- [4351 2572]
1019 -- [1437  224]
1020 -- [3362 2237]
1023 -- [1831 3181]
1024 -- [2224 2524]
1025 -- [1643 1463]
1029 -- [3616 4579]
1030 -- [4156 2790]
1032 -- [1192  556]
1033 -- [4264 4458]
1037 -- [2175 4357]
1038 -- [4002 4597]
1040 -- [ 614 1665]
1041 -- [3929 4210]
1042 -- [2557 3164]
1049 -- [1292 1032]
1052 -- [3368 4326]
1054 -- [2186 2845]
1055 -- [2800 3693]
1057 -- [ 325 1673]
1058 -- [295 208]
1059 -- [400 558]
1061 -- [3522 3436]
1065 -- [3317 2855]
1066 -- [ 35 716]
1068 -- [3698 3863]
1074 -- [2553 3621]
1075 -- [2084 2505]
1077 -- [4145 2388]
1079 -- [4554 4177]
1082 -- [3879 2392]
1085 -- [2177 2250]
1087 -- [2431 3323]
1088 -- [2378 4435]
1090 -- [1856 2155]
1091 -- [1182 1205]
1093 -- [2136 4533]
1098 -- [2276 2218]
1101 -- [773 273]
1104 -- [2044 2565]
1110 -- [4384 3409]
1111 -- [1130 1457]
1113 -- [1858 4311]
1114 -- [1040 1548]
1116 -- [1199 1425]
1117 -- [1886 3080]
1118 -- [2411 3714]
1123 -- [4199 2801]
1124 -- [4010 4175]
1126 -- [4104 2917]
1127 -- [3116 2678]
1128 -- [4155 4369]
1130 -- [2342 4236]
1133 -- [3227 4233]
1134 -- [ 357 1289]
1135 -- [2884 4332]
1138 -- [3897 2865]
1141 -- [4299 4095]
1145 -- [2777 4104]
1148 -- [2082 1843]
1150 -- [ 886 1595]
1152 -- [ 27 140]
1153 -- [1402 1236]
1155 -- [3501 2464]
1160 -- [2794 4266]
1162 -- [1255 1090]
1163 -- [4223 3541]
1165 -- [3655 3740]
1169 -- [4132 3352]
1170 -- [2636 2620]
1173 -- [3699 1969]
1177 -- [1839 3381]
1182 -- [3655 3413]
1187 -- [4236 4383]
1190 -- [3326 2659]
1193 -- [2743 4415]
1194 -- [4528 2866]
1197 -- [2873 1993]
1200 -- [4049 3709]
1203 -- [4190 4401]
1206 -- [2538 4478]
1214 -- [2317 3069]
1215 -- [3011 2640]
1217 -- [2204 2323]
1221 -- [4178 3143]
1223 -- [2276 2071]
1225 -- [ 536 1383]
1228 -- [3946 3422]
1230 -- [2242 2577]
1234 -- [3365 3904]
1237 -- [3396 4417]
1239 -- [789 829]
1240 -- [3776 4402]
1243 -- [3085 2914]
1244 -- [1677  115]
1245 -- [2085 2096]
1248 -- [1451 1110]
1250 -- [1723 1256]
1253 -- [3491 3420]
1255 -- [1988 2198]
1257 -- [3830 2957]
1258 -- [1857 3453]
1259 -- [2294 4135]
1260 -- [1747 1053]
1262 -- [969 310]
1263 -- [128   7]
1264 -- [2882 2677]
1265 -- [3381 2084]
1267 -- [1478  449]
1269 -- [2791 3498]
1271 -- [1605 1645]
1273 -- [2227 2302]
1278 -- [482 179]
1280 -- [4295 1933]
1281 -- [3030 2633]
1282 -- [609 152]
1284 -- [456 635]
1286 -- [4352 4171]
1290 -- [2571 2173]
1292 -- [2755 3071]
1299 -- [ 574 1652]
1301 -- [2939 2113]
1306 -- [3957 2609]
1307 -- [2714 2058]
1308 -- [3396 2115]
1315 -- [4299 4416]
1318 -- [1129 1457]
1321 -- [2004 4030]
1323 -- [4371 2713]
1324 -- [2067 2744]
1328 -- [ 907 1109]
1330 -- [2753 1932]
1332 -- [3507 3047]
1333 -- [3357 3831]
1334 -- [1003   78]
1335 -- [3761 2401]
1336 -- [4286 4275]
1338 -- [4403 3087]
1341 -- [4293 2590]
1342 -- [2328 3831]
1343 -- [3892 2972]
1344 -- [2634 4473]
1345 -- [3152 2375]
1346 -- [1482 1102]
1348 -- [4278 3458]
1355 -- [1756  206]
1356 -- [3037 4168]
1362 -- [2466 2478]
1363 -- [3835 3108]
1365 -- [2616 2010]
1372 -- [3244 2691]
1376 -- [2529 3217]
1380 -- [ 317 1446]
1381 -- [4394 2505]
1382 -- [2298 3379]
1385 -- [3419 4288]
1386 -- [ 38 741]
1390 -- [4308 3995]
1392 -- [3004 3498]
1396 -- [3388 2208]
1398 -- [2572 1946]
1399 -- [1767 1379]
1400 -- [1890 3280]
1403 -- [4517 3324]
1405 -- [358 159]
1409 -- [3693 3726]
1411 -- [1529  386]
1412 -- [1653 1761]
1414 -- [3484 4102]
1416 -- [3512 4172]
1418 -- [2054 3570]
1423 -- [4408 2476]
1424 -- [4571 3356]
1429 -- [2898 2421]
1430 -- [3088 2879]
1437 -- [1061 1120]
1440 -- [3612 4173]
1443 -- [2219 2985]
1445 -- [2380 3150]
1446 -- [2983 2431]
1447 -- [4360 3351]
1449 -- [4178 2128]
1450 -- [ 217 1591]
1451 -- [2262 2010]
1454 -- [666 465]
1457 -- [1376  562]
1458 -- [4168 2845]
1463 -- [130 596]
1464 -- [2875 4166]
1470 -- [2765 2571]
1471 -- [2988 2989]
1472 -- [1489  100]
1474 -- [4284 2456]
1475 -- [2637 3030]
1477 -- [1988 2724]
1478 -- [1050  351]
1484 -- [2594 3196]
1485 -- [2455 3155]
1489 -- [3574 3762]
1491 -- [283 214]
1492 -- [2954 2626]
1493 -- [2615 2539]
1494 -- [578 640]
1496 -- [2637 4404]
1498 -- [3286 2176]
1500 -- [2323 3897]
1506 -- [2952 4347]
1507 -- [2112 1841]
1509 -- [1180  385]
1510 -- [3017 3211]
1511 -- [1379  220]
1514 -- [3535 2390]
1517 -- [4192 4502]
1521 -- [3367 3900]
1524 -- [2710 2171]
1525 -- [2876 3400]
1526 -- [2295 2702]
1532 -- [2763 3999]
1534 -- [2642 3396]
1540 -- [3302 3883]
1551 -- [4417 4445]
1556 -- [3290 3356]
1557 -- [3669 3170]
1561 -- [2462 2244]
1562 -- [293 856]
1566 -- [3277 1893]
1567 -- [2921 2639]
1571 -- [1857 2117]
1577 -- [2107 2241]
1580 -- [1885 4133]
1581 -- [1803 1318]
1585 -- [1881 3717]
1591 -- [4333 1987]
1595 -- [3206 1966]
1598 -- [3698 3714]
1601 -- [3462 4384]
1602 -- [2799 1872]
1604 -- [3422 2407]
1610 -- [3841 3780]
1612 -- [3446 4298]
1614 -- [1933 1945]
1619 -- [2555 2378]
1621 -- [2855 3013]
1622 -- [611 104]
1625 -- [2464 2326]
1627 -- [3152 3966]
1628 -- [2954 2088]
1636 -- [4538 2834]
1637 -- [4431 4218]
1640 -- [2851 2385]
1643 -- [4173 3261]
1645 -- [4204 2694]
1646 -- [3542 2743]
1647 -- [1968 2733]
1650 -- [2851 4000]
1653 -- [4377 3372]
1655 -- [4594 1817]
1661 -- [1111   27]
1668 -- [364 704]
1669 -- [3799 3632]
1678 -- [ 103 1343]
1680 -- [2861 2334]
1685 -- [1472 1128]
1688 -- [ 899 1151]
1689 -- [2618 2072]
1691 -- [2481 3400]
1692 -- [3571 1961]
1697 -- [3278 3821]
1699 -- [1926 3563]
1710 -- [476  88]
1711 -- [1047  877]
1719 -- [2159 3881]
1722 -- [2993 3999]
1724 -- [ 936 1159]
1730 -- [1140  349]
1736 -- [2615 2411]
1737 -- [3217 2239]
1742 -- [1253   67]
1743 -- [ 744 1506]
1744 -- [3010 3723]
1752 -- [598 334]
1761 -- [1044 1384]
1763 -- [3320 2480]
1767 -- [3257 4336]
1774 -- [2510 4434]
1779 -- [3776 3450]
1780 -- [4165 4340]
1785 -- [3383 1936]
1788 -- [4036 2713]
1789 -- [2789 3729]
1790 -- [3098 3181]
1793 -- [3008 4514]
1797 -- [3484 2378]
1799 -- [1177  972]
1805 -- [ 541 1229]
1806 -- [1149 1656]
1807 -- [3504 2676]
1809 -- [2844 3888]
1811 -- [3130 3054]
1813 -- [2310 2206]
1814 -- [1133  440]
1815 -- [1113  105]
1818 -- [2653 2855]
1822 -- [1170 1203]
1824 -- [1615  125]
1826 -- [4035 2736]
1828 -- [4158 2798]
1830 -- [1853 2310]
1831 -- [4308 2320]
1833 -- [3712 3412]
1841 -- [2288 4238]
1845 -- [863 532]
1846 -- [ 690 1277]
1847 -- [245 974]
1849 -- [1351 1389]
1852 -- [205  67]
1854 -- [1195 1113]
1857 -- [2258 3738]
1859 -- [3721 3714]
1860 -- [3879 3383]
1863 -- [1984 4257]
1865 -- [4342 3260]
1866 -- [3582 2478]
1870 -- [4397 3214]
1872 -- [3453 4301]
1875 -- [3164 3637]
1882 -- [2262 4253]
1884 -- [1143  375]
1886 -- [3858 2786]
1888 -- [3517 2034]
1889 -- [ 879 1601]
1890 -- [2021 2744]
1892 -- [2121 2425]
1893 -- [3228 3715]
1894 -- [  82 1268]
1897 -- [2461 2716]
1901 -- [3425 4023]
1904 -- [  80 1244]
1905 -- [3606 1875]
1906 -- [4081 4178]
1914 -- [4153 1952]
1915 -- [ 319 1321]
1916 -- [461 386]
1921 -- [2478 2366]
1923 -- [3570 2301]
1927 -- [ 867 1410]
1933 -- [2180 4182]
1934 -- [2518 2848]
1938 -- [1462   18]
1941 -- [3155 2670]
1945 -- [ 409 1240]
1946 -- [4200 3203]
1947 -- [2166 1963]
1948 -- [4264 2546]
1953 -- [2021 2799]
1956 -- [4192 3197]
1957 -- [3528 3213]
1958 -- [1946 4443]
1959 -- [238 164]
1962 -- [1933 2346]
1965 -- [3089 3489]
1966 -- [1741 1335]
1967 -- [4186 2648]
1969 -- [3480 4284]
1970 -- [1491 1788]
1973 -- [4311 2248]
1976 -- [4535 4482]
1981 -- [2467 4431]
1982 -- [3643 4433]
1986 -- [4258 3250]
1987 -- [ 129 1521]
1989 -- [ 97 563]
1991 -- [1314  659]
1993 -- [4210 3907]
1995 -- [3543 2069]
1996 -- [1889 4150]
1997 -- [ 961 1810]
1999 -- [2601 3371]
2006 -- [3532 3750]
2012 -- [3952 4353]
2016 -- [2174 3007]
2021 -- [2308 2453]
2023 -- [2127 4249]
2025 -- [1886 2511]
2027 -- [ 924 1376]
2028 -- [421 406]
2030 -- [2564 4341]
2033 -- [4127 2946]
2034 -- [4511 3484]
2037 -- [2467 4061]
2049 -- [1207  169]
2050 -- [1482  841]
2055 -- [3999 4008]
2059 -- [  50 1527]
2060 -- [ 294 1018]
2061 -- [1692  313]
2064 -- [4308 3092]
2065 -- [784 511]
2066 -- [210 925]
2067 -- [3775 1944]
2068 -- [1965 4486]
2070 -- [1006 1749]
2073 -- [886 873]
2077 -- [4344 3599]
2080 -- [1481  152]
2081 -- [ 973 1175]
2083 -- [612  30]
2087 -- [4410 1972]
2088 -- [3539 2804]
2089 -- [659 444]
2094 -- [2039 4509]
2099 -- [631 960]
2102 -- [3451 2124]
2106 -- [1898 3294]
2107 -- [567 776]
2116 -- [4321 3121]
2117 -- [3799 3401]
2118 -- [3458 4319]
2120 -- [3549 3056]
2121 -- [4420 2006]
2122 -- [1310  308]
2123 -- [2717 4269]
2125 -- [374  64]
2126 -- [2753 3068]
2131 -- [2617 4301]
2136 -- [2808 3890]
2138 -- [2470 3302]
2140 -- [3968 1851]
2141 -- [3392 3313]
2142 -- [3063 2593]
2147 -- [1371 1542]
2148 -- [2461 2583]
2152 -- [4405 3900]
2155 -- [2593 4031]
2157 -- [  33 1348]
2160 -- [967 399]
2164 -- [3686 2589]
2166 -- [470 869]
2167 -- [3474 2114]
2169 -- [ 794 1299]
2174 -- [487   7]
2181 -- [2623 4360]
2183 -- [3147 1901]
2185 -- [ 111 1040]
2189 -- [4216 4209]
2194 -- [3393 4344]
2196 -- [2995 3507]
2197 -- [1333 1495]
2203 -- [3458 4380]
2204 -- [3636 3558]
2206 -- [ 602 1436]
2207 -- [3799 3347]
2211 -- [1806 1027]
2218 -- [3034 3986]
2219 -- [789 595]
2222 -- [4391 3918]
2225 -- [2613 3043]
2226 -- [1073    7]
2227 -- [2584 4392]
2229 -- [813 867]
2231 -- [ 285 1671]
2234 -- [1833 2990]
2235 -- [1620 1362]
2240 -- [3826 2747]
2243 -- [3392 2852]
2244 -- [2828 2577]
2248 -- [1535  587]
2250 -- [2825 2816]
2253 -- [624 970]
2258 -- [859 858]
2260 -- [3762 3924]
2271 -- [2483 3453]
2272 -- [3555 1976]
2274 -- [3286 2866]
2275 -- [1003 1343]
2277 -- [1226  113]
2280 -- [4096 3392]
2288 -- [4182 2607]
2290 -- [1561  452]
2296 -- [777 463]
2301 -- [3698 3999]
2310 -- [2159 2347]
2311 -- [3435 3454]
2312 -- [1800 1035]
2314 -- [ 221 1531]
2320 -- [1175  211]
2321 -- [3056 2887]
2326 -- [2876 2423]
2328 -- [3732 3388]
2330 -- [ 434 1293]
2336 -- [2117 3359]
2340 -- [1483 1801]
2341 -- [3052 2573]
2348 -- [2838 3527]
2349 -- [3752 2617]
2351 -- [3657 2634]
2352 -- [2163 3066]
2353 -- [3333 3620]
2355 -- [3535 3992]
2356 -- [3914 3476]
2357 -- [657 788]
2361 -- [402 494]
2365 -- [3232 2454]
2372 -- [4006 2534]
2373 -- [2959 1856]
2375 -- [4183 3227]
2377 -- [3292 3021]
2378 -- [3546 3263]
2381 -- [ 875 1493]
2384 -- [3889 4446]
2388 -- [4215 3406]
2389 -- [751 739]
2391 -- [4217 2901]
2397 -- [4403 3469]
2399 -- [2312 2080]
2400 -- [3964 3136]
2407 -- [ 748 1684]
2410 -- [1650 1538]
2414 -- [4129 2613]
2415 -- [3646 1872]
2420 -- [ 153 1081]
2421 -- [2028 4155]
2423 -- [2497 1877]
2426 -- [ 308 1042]
2427 -- [2639 4125]
2428 -- [3872 4160]
2432 -- [2803 2394]
2435 -- [596 869]
2437 -- [ 75 406]
2440 -- [2082 3177]
2442 -- [4222 2520]
2444 -- [ 708 1301]
2447 -- [2527 2053]
2448 -- [2505 4174]
2449 -- [3577 4579]
2452 -- [ 945 1603]
2461 -- [2611 2917]
2462 -- [3303 3750]
2475 -- [4343 3566]
2476 -- [2158 4318]
2481 -- [3510 4092]
2485 -- [ 356 1803]
2487 -- [2968 4374]
2488 -- [2298 4600]
2494 -- [1395 1154]
2495 -- [4212 3551]
2498 -- [  32 1050]
2499 -- [2548 3170]
2500 -- [2872 3494]
2501 -- [   6 1048]
2503 -- [1851 2584]
2505 -- [2497 4242]
2506 -- [1740   62]
2507 -- [2408 2004]
2509 -- [1731  964]
2517 -- [1482 1646]
2524 -- [2855 2915]
2525 -- [1011  303]
2533 -- [ 310 1810]
2535 -- [2332 4501]
2536 -- [3802 4189]
2541 -- [2633 3953]
2542 -- [ 780 1340]
2545 -- [1952 4435]
2546 -- [3580 2954]
2549 -- [1080  113]
2550 -- [3894 2543]
2552 -- [1434 1101]
2554 -- [4255 1817]
2563 -- [4169 3176]
2571 -- [314 858]
2572 -- [3986 3034]
2577 -- [3831 2791]
2581 -- [1663  795]
2582 -- [3089 3726]
2592 -- [1295  959]
2595 -- [2834 1842]
2597 -- [3803 4280]
2600 -- [2018 4443]
2601 -- [1930 4020]
2604 -- [4457 2929]
2606 -- [2174 3740]
2607 -- [3910 4175]
2609 -- [2055 3071]
2612 -- [2329 3423]
2613 -- [ 195 1100]
2620 -- [3863 3843]
2621 -- [4214 4054]
2629 -- [2531 2512]
2632 -- [4209 2095]
2634 -- [1641 1724]
2635 -- [2753 2315]
2639 -- [2520 3629]
2645 -- [ 379 1335]
2649 -- [3942 3389]
2650 -- [3000 3717]
2653 -- [2586 4182]
2659 -- [1572 1040]
2664 -- [  10 1664]
2668 -- [3866 1930]
2674 -- [2146 3903]
2680 -- [4041 3395]
2687 -- [1987 2513]
2689 -- [3928 2105]
2692 -- [1537  804]
2693 -- [2262 3806]
2694 -- [337 260]
2700 -- [3748 3518]
2701 -- [974 514]
2702 -- [2930 3810]
2703 -- [1383 1366]
2704 -- [4106 3859]
2715 -- [ 53 889]
2719 -- [2703 2419]
2720 -- [4447 4262]
2722 -- [4439 3532]
2724 -- [4579 3001]
2725 -- [2558 2387]
2726 -- [3932 3907]
2728 -- [2382 4427]
2729 -- [1908 2428]
2731 -- [ 681 1048]
2733 -- [3485 3811]
2735 -- [4577 4427]
2738 -- [3473 2613]
2740 -- [1546  445]
2741 -- [223 369]
2742 -- [4439 4465]
2750 -- [2238 1851]
2755 -- [2440 3329]
2757 -- [889 267]
2759 -- [ 156 1555]
2761 -- [2315 3907]
2767 -- [4351 4215]
2768 -- [2220 2977]
2770 -- [3001 3154]
2773 -- [368 866]
2776 -- [2716 4350]
2781 -- [4267 3120]
2782 -- [2969 4266]
2789 -- [3465 2021]
2791 -- [2138 4258]
2792 -- [1104 1413]
2793 -- [3400 2859]
2795 -- [4232 3886]
2796 -- [3616 2650]
2797 -- [2658 3273]
2801 -- [1968 2914]
2802 -- [2715 4499]
2806 -- [2381 3155]
2808 -- [497 383]
2810 -- [1693 1765]
2811 -- [4552 2858]
2818 -- [3205 2667]
2824 -- [597 493]
2829 -- [1151  182]
2830 -- [3745 2711]
2832 -- [1286  736]
2833 -- [2906 2987]
2845 -- [3262 3739]
2846 -- [3768 2203]
2847 -- [ 780 1158]
2850 -- [617 384]
2852 -- [1662 1641]
2854 -- [4428 4053]
2860 -- [3701 1942]
2866 -- [4284 3916]
2870 -- [3380 2167]
2877 -- [2471 3031]
2878 -- [4485 3558]
2882 -- [3436 2643]
2883 -- [521 857]
2892 -- [201 740]
2893 -- [2524 3505]
2895 -- [1919 2553]
2898 -- [1383  546]
2902 -- [4481 2292]
2903 -- [ 254 1262]
2904 -- [3949 3518]
2906 -- [3343 4344]
2907 -- [ 301 1046]
2909 -- [2958 3038]
2911 -- [4145 4562]
2912 -- [4408 2373]
2915 -- [4381 4454]
2921 -- [2568 4441]
2922 -- [3289 3740]
2926 -- [2938 2379]
2928 -- [2584 3258]
2930 -- [2531 4506]
2936 -- [3429 1983]
2941 -- [ 631 1442]
2942 -- [4267 4327]
2946 -- [3711 3425]
2948 -- [ 63 712]
2949 -- [1503 1175]
2950 -- [4059 3181]
2951 -- [3983 2915]
2954 -- [2991 2752]
2955 -- [4309 2831]
2960 -- [4268 3915]
2961 -- [4341 4330]
2964 -- [4569 4168]
2965 -- [3623 2753]
2971 -- [2009 2330]
2975 -- [ 288 1482]
2979 -- [ 582 1195]
2983 -- [3761 4384]
2984 -- [4486 4526]
2986 -- [2422 1832]
2987 -- [3107 2585]
2999 -- [4063 4284]
3001 -- [2287 2093]
3002 -- [1786  564]
3003 -- [4389 2715]
3006 -- [326 401]
3007 -- [ 899 1402]
3008 -- [3069 2066]
3013 -- [1304  593]
3019 -- [ 319 1540]
3022 -- [1250  783]
3023 -- [4360 4093]
3024 -- [577 941]
3028 -- [1142   64]
3031 -- [3391 2144]
3033 -- [1936 4212]
3036 -- [2969 2422]
3037 -- [3377 2116]
3038 -- [4486 3633]
3039 -- [4197 2456]
3041 -- [3680 2858]
3045 -- [1774  612]
3048 -- [ 368 1771]
3050 -- [1245  144]
3055 -- [3636 2093]
3059 -- [3044 3296]
3061 -- [2152 4259]
3063 -- [2551 2616]
3064 -- [2858 2988]
3067 -- [683 394]
3071 -- [1987 1908]
3074 -- [1224   94]
3077 -- [2591 2446]
3079 -- [1224 1382]
3082 -- [3238 2147]
3085 -- [  18 1595]
3086 -- [1458  195]
3087 -- [  78 1349]
3090 -- [1328  381]
3091 -- [2707 4270]
3092 -- [2157 4336]
3095 -- [3916 2811]
3096 -- [959 591]
3097 -- [ 343 1743]
3098 -- [ 886 1228]
3100 -- [3517 1896]
3109 -- [ 782 1283]
3110 -- [2861 4027]
3112 -- [2173 2575]
3116 -- [2554 2322]
3119 -- [3701 2979]
3120 -- [3632 4288]
3122 -- [4475 4284]
3123 -- [3938 4323]
3124 -- [3794 3351]
3126 -- [3093 3712]
3130 -- [4138 3462]
3131 -- [710 155]
3133 -- [4496 3073]
3136 -- [2572 3937]
3137 -- [2224 3079]
3138 -- [2662 3299]
3139 -- [2943 2216]
3141 -- [3069 2132]
3150 -- [4002 2596]
3153 -- [1331  503]
3154 -- [2281 2394]
3157 -- [3193 3118]
3160 -- [824 452]
3162 -- [3504 2647]
3163 -- [3539 4144]
3165 -- [3356 2209]
3166 -- [301 565]
3167 -- [1877 3413]
3169 -- [3565 3408]
3170 -- [4586 2545]
3172 -- [833 780]
3174 -- [2935 2488]
3177 -- [3138 3677]
3182 -- [2188 4404]
3183 -- [4215 4281]
3185 -- [ 851 1704]
3191 -- [1588   84]
3195 -- [2872 4047]
3203 -- [ 572 1113]
3211 -- [329 164]
3213 -- [ 479 1318]
3214 -- [4279 2259]
3216 -- [1178 1101]
3223 -- [3254 4454]
3227 -- [3173 3069]
3229 -- [648 374]
3233 -- [4424 2910]
3235 -- [4035 2940]
3236 -- [3054 3734]
3237 -- [2376 1860]
3241 -- [1241 1563]
3245 -- [ 149 1036]
3248 -- [2714 3600]
3249 -- [3491 2870]
3251 -- [2102 2244]
3254 -- [2026 4012]
3255 -- [1341 1606]
3257 -- [3822 2153]
3259 -- [1872 3565]
3261 -- [1651 1234]
3263 -- [1011 1785]
3274 -- [2715 4030]
3275 -- [ 615 1783]
3279 -- [3900 3166]
3284 -- [3025 3113]
3285 -- [4452 4284]
3286 -- [139 916]
3287 -- [3799 3243]
3289 -- [2905 2387]
3290 -- [4109 4133]
3293 -- [684 378]
3297 -- [3192 1898]
3298 -- [4249 2026]
3299 -- [  5 658]
3304 -- [3492 3069]
3305 -- [488 456]
3309 -- [1751  215]
3314 -- [1595 1110]
3318 -- [2501 3509]
3319 -- [4215 2417]
3323 -- [1984 3422]
3327 -- [2849 1968]
3329 -- [4368 3900]
3330 -- [2445 3872]
3331 -- [2714 1877]
3332 -- [1480   50]
3333 -- [3461 1849]
3334 -- [1099  633]
3335 -- [2297 2106]
3337 -- [1263  319]
3338 -- [ 988 1177]
3340 -- [3314 2872]
3342 -- [4399 4233]
3343 -- [3451 2635]
3345 -- [4397 4301]
3346 -- [2100 2937]
3348 -- [1801 1719]
3351 -- [4013 2954]
3355 -- [2890 3485]
3359 -- [ 557 1386]
3368 -- [3907 4411]
3369 -- [357 599]
3370 -- [2761 2520]
3372 -- [4443 3124]
3374 -- [2585 4506]
3376 -- [3287 3498]
3378 -- [1233  220]
3381 -- [ 15 451]
3383 -- [2452 2665]
3385 -- [2906 2292]
3387 -- [3655 2711]
3392 -- [4535 2319]
3395 -- [3683 3574]
3396 -- [1333 1358]
3400 -- [1989 2869]
3402 -- [3949 3279]
3407 -- [1537 1432]
3408 -- [2159 3649]
3409 -- [296 653]
3410 -- [2630 2332]
3412 -- [3291 4223]
3416 -- [ 112 1113]
3417 -- [4396 3341]
3419 -- [1468  331]
3420 -- [3018 3845]
3421 -- [3590 2508]
3426 -- [1983 2252]
3432 -- [ 930 1173]
3433 -- [ 196 1473]
3434 -- [1979 2979]
3436 -- [3094 3862]
3440 -- [1044 1463]
3441 -- [3400 3431]
3443 -- [2533 3014]
3447 -- [1895 2938]
3449 -- [1425 1069]
3450 -- [3212 3490]
3452 -- [2993 3571]
3453 -- [2414 3104]
3454 -- [  38 1126]
3458 -- [2150 3244]
3459 -- [4321 2741]
3460 -- [1946 3062]
3461 -- [1027  408]
3462 -- [3676 2450]
3465 -- [4272 3695]
3466 -- [2548 3923]
3467 -- [ 492 1768]
3469 -- [ 365 1590]
3471 -- [4027 2934]
3476 -- [ 836 1138]
3479 -- [1721  351]
3480 -- [1015  333]
3481 -- [3810 4281]
3485 -- [4164 2555]
3490 -- [2864 3031]
3493 -- [2475 2268]
3494 -- [2713 3296]
3495 -- [ 348 1554]
3498 -- [584 454]
3500 -- [4307 4350]
3502 -- [1875 4580]
3503 -- [3643 3193]
3505 -- [1918 3554]
3513 -- [1227  106]
3515 -- [4160 3301]
3516 -- [2871 3962]
3517 -- [3146 4133]
3518 -- [4441 3613]
3520 -- [2872 2874]
3521 -- [4358 1833]
3525 -- [3358 1975]
3526 -- [1879 4439]
3528 -- [2419 2459]
3530 -- [3512 2229]
3531 -- [2174 4180]
3536 -- [  44 1671]
3537 -- [1896 4306]
3539 -- [ 886 1176]
3540 -- [3092 2943]
3543 -- [2858 3402]
3544 -- [4230 4258]
3545 -- [2230 3809]
3546 -- [1909 2122]
3547 -- [  61 1600]
3550 -- [2010 4162]
3552 -- [1853 1969]
3557 -- [ 179 1619]
3559 -- [3007 3618]
3560 -- [1244 1759]
3565 -- [2616 2002]
3568 -- [3295 3041]
3569 -- [3373 2277]
3571 -- [4015 2318]
3572 -- [3798 3694]
3574 -- [2114 2712]
3575 -- [4177 3988]
3576 -- [2366 2866]
3581 -- [ 28 179]
3584 -- [3422 3772]
3587 -- [1865 3281]
3588 -- [907 240]
3591 -- [ 328 1602]
3596 -- [4159 2878]
3597 -- [2974 2855]
3598 -- [4289 1993]
3603 -- [1062  182]
3604 -- [1552 1671]
3606 -- [4199 3931]
3614 -- [2325 4362]
3617 -- [ 740 1470]
3619 -- [1135 1073]
3623 -- [3136 4311]
3624 -- [4555 4309]
3628 -- [1823 1992]
3629 -- [3952 3684]
3630 -- [2980 4076]
3634 -- [3353 3070]
3636 -- [2631 2515]
3642 -- [3999 2415]
3645 -- [3421 2517]
3646 -- [3872 2219]
3652 -- [2446 3269]
3657 -- [3562 2952]
3663 -- [1569  867]
3664 -- [3467 3280]
3668 -- [1860 3426]
3669 -- [2958 4249]
3670 -- [3064 3305]
3676 -- [3317 2259]
3678 -- [2536 2283]
3680 -- [2906 2581]
3681 -- [1530   35]
3682 -- [ 963 1408]
3685 -- [4342 2973]
3689 -- [2392 3681]
3690 -- [2753 2108]
3695 -- [3541 2677]
3696 -- [4431 4518]
3698 -- [4094 1849]
3701 -- [811 496]
3702 -- [3535 2190]
3706 -- [2465 3379]
3707 -- [2475 2099]
3712 -- [3707 3435]
3713 -- [1263  238]
3716 -- [ 407 1451]
3718 -- [173 397]
3721 -- [3009 3027]
3722 -- [3376 2501]
3723 -- [1715   45]
3724 -- [2749 4516]
3728 -- [803 629]
3732 -- [ 836 1304]
3735 -- [3989 3143]
3742 -- [3150 3754]
3743 -- [3843 2118]
3744 -- [1731 1071]
3745 -- [2899 3453]
3752 -- [1959 4273]
3753 -- [2134 2393]
3760 -- [2934 1893]
3768 -- [1577  855]
3769 -- [3757 1907]
3770 -- [2480 3321]
3773 -- [3366 4289]
3774 -- [3363 2714]
3780 -- [ 568 1680]
3784 -- [2977 3658]
3785 -- [3060 1896]
3790 -- [1298  144]
3791 -- [1893 3962]
3792 -- [1769 1546]
3797 -- [4422 2665]
3799 -- [2979 3256]
3800 -- [3130 4276]
3803 -- [ 393 1254]
3808 -- [2655 4408]
3809 -- [429 793]
3813 -- [832 856]
3814 -- [ 641 1071]
3819 -- [ 309 1726]
3821 -- [1821 3955]
3823 -- [3974 3740]
3824 -- [1254 1178]
3825 -- [2496 3918]
3828 -- [1751   38]
3829 -- [4384 3108]
3830 -- [3859 2718]
3834 -- [692 469]
3836 -- [3551 2356]
3841 -- [1998 1819]
3843 -- [887 102]
3844 -- [ 679 1443]
3846 -- [4165 2179]
3847 -- [2006 2973]
3848 -- [2166 1970]
3850 -- [2503 3654]
3854 -- [2468 2575]
3855 -- [3464 3265]
3857 -- [287 731]
3863 -- [1930 4007]
3865 -- [1561  500]
3867 -- [ 732 1765]
3871 -- [2838 4087]
3873 -- [3453 3406]
3877 -- [1548 1124]
3878 -- [3242 4441]
3879 -- [2480 2626]
3880 -- [3492 3938]
3882 -- [4016 1851]
3884 -- [2523 3858]
3891 -- [3938 1860]
3897 -- [4185 2764]
3901 -- [3923 4370]
3902 -- [2253 1936]
3904 -- [2366 2421]
3905 -- [233 637]
3910 -- [ 890 1335]
3911 -- [4320 2837]
3912 -- [379 368]
3915 -- [1847 4360]
3917 -- [2461 3387]
3920 -- [3094 2449]
3922 -- [ 369 1233]
3924 -- [3627 2454]
3927 -- [4326 2300]
3933 -- [2064 3779]
3936 -- [1700  478]
3939 -- [2682 2872]
3942 -- [3009 2984]
3943 -- [1495 1244]
3948 -- [2279 2457]
3952 -- [3570 4222]
3953 -- [ 10 218]
3958 -- [2194 2870]
3962 -- [2122 2437]
3967 -- [3458 2056]
3969 -- [1307 1491]
3971 -- [4342 3427]
3973 -- [2247 4544]
3979 -- [ 276 1232]
3982 -- [1896 2811]
3985 -- [2013 4591]
3986 -- [3366 1868]
3987 -- [3948 2050]
3990 -- [3926 2809]
3999 -- [ 722 1402]
4000 -- [4404 2264]
4003 -- [4567 2869]
4004 -- [2890 2784]
4006 -- [2281 2633]
4010 -- [2423 3657]
4011 -- [2260 2958]
4012 -- [3752 1975]
4014 -- [4030 1871]
4016 -- [2921 4177]
4018 -- [3100 2820]
4019 -- [3109 2043]
4023 -- [3216 3388]
4026 -- [2240 3771]
4033 -- [4093 3999]
4038 -- [1615 1238]
4040 -- [3009 3731]
4041 -- [225 117]
4042 -- [340 458]
4043 -- [4092 4203]
4048 -- [3771 3417]
4049 -- [4547 2711]
4052 -- [4030 2036]
4053 -- [3768 2378]
4056 -- [2991 2244]
4057 -- [ 283 1044]
4062 -- [2503 3437]
4064 -- [   6 1147]
4065 -- [4384 3662]
4068 -- [3422 3871]
4073 -- [3889 3525]
4076 -- [ 78 943]
4083 -- [2461 4585]
4085 -- [2169 3853]
4087 -- [1907 4049]
4090 -- [2634 3725]
4091 -- [984 327]
4093 -- [2929 3908]
4098 -- [3115 2832]
4103 -- [2923 2262]
4104 -- [2674 4159]
4105 -- [3004 4076]
4106 -- [1666 1750]
4115 -- [1936 4040]
4121 -- [1034  214]
4122 -- [1737  392]
4127 -- [4214 3409]
4129 -- [2021 2499]
4131 -- [2291 3272]
4133 -- [1263 1322]
4137 -- [1133  452]
4140 -- [2733 2977]
4148 -- [2311 2104]
4154 -- [1578 1128]
4156 -- [1047  337]
4161 -- [2724 2230]
4163 -- [1121 1177]
4168 -- [ 423 1635]
4174 -- [2287 3865]
4175 -- [144 592]
4179 -- [3701 3930]
4180 -- [1852 3309]
4185 -- [3374 2214]
4186 -- [3653 3115]
4188 -- [4161 4347]
4192 -- [2348 4298]
4198 -- [2948 3735]
4199 -- [2599 3543]
4200 -- [4408 2264]
4206 -- [2591 4233]
4209 -- [2647 4426]
4210 -- [4375 4441]
4212 -- [2823 3714]
4216 -- [2122 2570]
4217 -- [2516 3238]
4219 -- [2362 3581]
4220 -- [934 509]
4222 -- [618 355]
4223 -- [1044  122]
4224 -- [4093 3821]
4225 -- [1063 1006]
4226 -- [2219 2093]
4227 -- [3810 1970]
4228 -- [1938 1985]
4231 -- [1671  713]
4232 -- [1005  509]
4234 -- [2276 2731]
4241 -- [1903 1844]
4243 -- [2352 3275]
4244 -- [1101  270]
4249 -- [1850 4373]
4253 -- [2312 1817]
4257 -- [2467 3075]
4258 -- [1299 1115]
4262 -- [ 688 1812]
4264 -- [1203 1471]
-cl sat and violated: 2363 | 1422  | total #cl: 3785 | -violated weight: 1422
0 -- [3023  377]
4 -- [ 676 4005]
5 -- [2991  819]
12 -- [3254  544]
13 -- [ 783 2451]
16 -- [3518 1363]
17 -- [3738  700]
21 -- [2661  850]
24 -- [4451  327]
25 -- [3663  593]
28 -- [1142 3928]
30 -- [1780 3057]
32 -- [3238 1399]
35 -- [1084 4591]
46 -- [2734  371]
47 -- [3631 1201]
49 -- [1126 3589]
50 -- [ 591 3924]
51 -- [2102 1079]
54 -- [1987 1008]
58 -- [3570  278]
60 -- [ 791 3196]
63 -- [1193 3853]
65 -- [3996 1592]
66 -- [3967  353]
68 -- [1802 4525]
71 -- [2147  588]
72 -- [ 329 2166]
76 -- [3458 1418]
77 -- [1903  529]
80 -- [4510 1201]
92 -- [4223 1443]
93 -- [1711 4374]
96 -- [1712 4341]
98 -- [2703 1645]
106 -- [3309 1311]
107 -- [3510  912]
108 -- [1231 3443]
111 -- [1976  774]
112 -- [4108 1745]
113 -- [2931 1790]
114 -- [ 139 3134]
116 -- [2036  679]
117 -- [ 263 3535]
120 -- [1866  919]
121 -- [ 354 4450]
127 -- [2692  529]
139 -- [ 419 2419]
145 -- [3877 1672]
146 -- [1553 3192]
148 -- [ 313 2561]
149 -- [2194 1711]
154 -- [1207 2739]
157 -- [1688 3961]
162 -- [1348 3248]
163 -- [3426  256]
165 -- [ 443 2415]
166 -- [3451 1279]
167 -- [2018  206]
168 -- [3938  504]
173 -- [4411  386]
174 -- [2939  971]
175 -- [  31 3192]
176 -- [ 948 2381]
178 -- [ 399 2387]
180 -- [1462 1819]
181 -- [2612  754]
182 -- [1719 1995]
189 -- [2651  500]
191 -- [ 777 3143]
195 -- [2634 1675]
197 -- [ 550 2975]
200 -- [ 644 4565]
201 -- [3164   69]
202 -- [1115 2313]
208 -- [1280 4186]
210 -- [1887 1700]
212 -- [2773  287]
218 -- [ 801 4275]
219 -- [4104   73]
220 -- [2703  378]
221 -- [1462 2159]
222 -- [ 386 3433]
224 -- [4579  580]
226 -- [3776 1534]
228 -- [1440 4430]
233 -- [ 469 2327]
235 -- [1672 4495]
246 -- [2028 1109]
247 -- [3396 1738]
248 -- [ 631 1838]
251 -- [   6 3311]
257 -- [4451 1037]
258 -- [4486 1730]
259 -- [4426 1485]
260 -- [4534 1076]
261 -- [1773 3597]
262 -- [4421  268]
263 -- [1792 3921]
264 -- [1688 3536]
265 -- [1332 2063]
266 -- [2533 1048]
270 -- [1589 3420]
271 -- [ 337 1967]
275 -- [1015 3200]
276 -- [3417  519]
277 -- [2751 1726]
278 -- [4070 1255]
279 -- [2671 1206]
281 -- [1983  898]
283 -- [ 940 2763]
284 -- [ 647 4161]
285 -- [1935  363]
289 -- [ 990 2844]
292 -- [ 459 4192]
296 -- [ 401 2580]
300 -- [4180   87]
305 -- [3588  509]
309 -- [ 737 3413]
310 -- [2189   43]
311 -- [1086 2840]
313 -- [1086 2326]
318 -- [1635 2756]
319 -- [3136  893]
323 -- [3499  773]
333 -- [4343 1460]
334 -- [3138  547]
337 -- [1015 2952]
338 -- [ 519 3949]
341 -- [2082  417]
343 -- [1206 2831]
349 -- [ 676 3387]
352 -- [2211 1582]
360 -- [4244  427]
364 -- [3847 1241]
368 -- [ 881 4027]
376 -- [1953  933]
377 -- [1646 2071]
378 -- [3526  161]
380 -- [2226  288]
383 -- [ 128 3857]
390 -- [ 586 3549]
397 -- [2166 1185]
400 -- [ 666 2490]
401 -- [2790   47]
402 -- [3583 1711]
404 -- [3220 1269]
406 -- [1800 2463]
407 -- [3588 1689]
409 -- [1755 2397]
410 -- [1774 3628]
412 -- [1044 3909]
413 -- [1905 1656]
414 -- [4167  571]
415 -- [3452  163]
424 -- [1325 3201]
429 -- [4434  151]
430 -- [3805 1614]
433 -- [ 579 3775]
434 -- [ 462 1813]
438 -- [ 198 3061]
440 -- [1883  176]
443 -- [ 854 2939]
444 -- [4114  313]
448 -- [2364  287]
452 -- [4011  841]
453 -- [3445  175]
469 -- [2061 1323]
474 -- [2111  780]
475 -- [ 407 4286]
477 -- [2763 1640]
478 -- [4341  709]
481 -- [2516   66]
486 -- [3496 1762]
489 -- [ 824 2281]
492 -- [ 371 3329]
498 -- [3234  619]
503 -- [3405 1123]
504 -- [ 423 2781]
506 -- [1931 1759]
507 -- [2603  784]
508 -- [1665 4132]
511 -- [1517 2991]
515 -- [4218 1775]
516 -- [1127 4532]
517 -- [3016  545]
522 -- [2170  736]
530 -- [3355 1809]
531 -- [3844 1156]
532 -- [1585 3938]
533 -- [2110 1433]
541 -- [2496  423]
547 -- [ 374 3829]
554 -- [ 308 3429]
555 -- [4208 1205]
556 -- [1806 3543]
557 -- [ 310 4223]
563 -- [2035  769]
566 -- [1188 4220]
567 -- [ 363 3355]
568 -- [2845  381]
573 -- [3070 1639]
574 -- [ 414 2421]
578 -- [2589 1723]
580 -- [ 749 2538]
585 -- [3574  484]
591 -- [ 327 2887]
594 -- [   5 3216]
596 -- [ 964 3328]
597 -- [1266 2906]
598 -- [ 945 3440]
599 -- [1745 3746]
601 -- [ 567 2921]
602 -- [2217 1110]
605 -- [1208 3989]
607 -- [ 301 3755]
608 -- [ 225 4107]
609 -- [ 569 2615]
611 -- [ 326 3152]
613 -- [3894  580]
615 -- [3463  167]
618 -- [ 152 4004]
620 -- [3713 1174]
621 -- [ 119 3426]
622 -- [ 331 2105]
628 -- [ 839 1988]
635 -- [4128  967]
644 -- [2557  453]
652 -- [1925  748]
653 -- [3320 1671]
654 -- [ 826 2673]
656 -- [1106 4454]
658 -- [1802 2981]
663 -- [2491  677]
664 -- [4260 1383]
667 -- [4550  661]
668 -- [1357 2259]
669 -- [4055  464]
673 -- [ 757 3776]
674 -- [ 396 4545]
675 -- [1262 2426]
676 -- [1972 1663]
678 -- [3704  751]
680 -- [2026 1524]
683 -- [ 454 2081]
694 -- [1616 2840]
696 -- [1373 2118]
697 -- [3472 1473]
698 -- [1033 2236]
701 -- [1486 3967]
706 -- [1542 2826]
709 -- [3571   51]
710 -- [ 614 4133]
713 -- [2784 1232]
717 -- [ 358 4515]
720 -- [1109 3245]
721 -- [  23 2614]
723 -- [ 755 2102]
724 -- [2803 1350]
727 -- [4183  546]
731 -- [1590 3449]
739 -- [1536 3260]
740 -- [ 552 4126]
742 -- [1436 3707]
743 -- [2235  727]
744 -- [3558  672]
745 -- [ 305 3925]
748 -- [ 608 3615]
753 -- [1076 2865]
756 -- [ 508 2423]
761 -- [1789 4483]
764 -- [1104 1990]
767 -- [1430 4265]
768 -- [4236  153]
771 -- [ 441 3579]
775 -- [3927 1720]
776 -- [ 299 3794]
777 -- [ 583 3715]
778 -- [3416  994]
781 -- [4438 1270]
787 -- [1237 4269]
788 -- [ 964 3269]
790 -- [2888  374]
791 -- [3107  363]
796 -- [1768 2637]
798 -- [2738  438]
805 -- [2171 1203]
808 -- [ 164 2049]
810 -- [2077 1272]
811 -- [3408 1281]
812 -- [ 941 3560]
814 -- [2245  798]
815 -- [1432 2631]
817 -- [4162  818]
818 -- [4027 1351]
819 -- [1478 1828]
820 -- [ 500 4407]
821 -- [ 225 2886]
822 -- [3919 1393]
826 -- [ 281 4015]
827 -- [4212  622]
830 -- [ 429 4055]
831 -- [3920 1408]
837 -- [3984 1234]
842 -- [2764  168]
845 -- [ 602 3502]
846 -- [ 461 4165]
850 -- [ 841 1965]
851 -- [ 288 2544]
854 -- [1411 2416]
855 -- [1123 1932]
858 -- [4312  571]
859 -- [4579  707]
861 -- [3388  906]
862 -- [1257 3463]
863 -- [1545 2395]
869 -- [ 171 3009]
870 -- [1205 2787]
873 -- [3761  235]
874 -- [ 471 3132]
875 -- [1600 4437]
877 -- [1206 3066]
880 -- [4234  214]
881 -- [4551  867]
883 -- [1085 4474]
885 -- [2307 1399]
887 -- [2642  325]
888 -- [2500  533]
889 -- [1333 3332]
893 -- [3061 1106]
895 -- [2618  605]
901 -- [1686 3425]
908 -- [ 296 3765]
909 -- [2773  214]
911 -- [4397 1759]
912 -- [ 484 3863]
913 -- [1223 1910]
915 -- [ 544 1824]
916 -- [2557  838]
918 -- [ 234 3996]
919 -- [1094 2603]
920 -- [1672 2443]
922 -- [1388 2947]
925 -- [ 435 3282]
933 -- [ 638 2461]
938 -- [1526 2634]
940 -- [3064 1316]
941 -- [1765 2843]
942 -- [ 906 3213]
949 -- [ 735 2040]
953 -- [ 140 4145]
959 -- [1077 4583]
960 -- [3118  268]
961 -- [ 576 3408]
962 -- [2102  336]
963 -- [2190  426]
964 -- [4557  533]
968 -- [2342 1243]
969 -- [ 148 3064]
971 -- [ 466 2362]
973 -- [1421 2837]
977 -- [1177 2680]
980 -- [ 838 2930]
981 -- [4562 1559]
985 -- [4594 1502]
986 -- [ 965 3052]
988 -- [3413  231]
998 -- [4269   93]
1001 -- [ 453 2472]
1011 -- [1432 2837]
1013 -- [1865  481]
1019 -- [1030 3665]
1020 -- [1041 3068]
1021 -- [3309 1322]
1022 -- [  78 1929]
1027 -- [2718  515]
1029 -- [3485 1111]
1033 -- [1417 2575]
1034 -- [ 378 3402]
1037 -- [1562 2757]
1038 -- [ 868 4241]
1039 -- [2156  247]
1040 -- [2137  228]
1043 -- [  33 2551]
1044 -- [4321 1028]
1046 -- [1404 4201]
1050 -- [ 683 3664]
1053 -- [2102 1354]
1056 -- [3518   54]
1059 -- [1321 1920]
1064 -- [ 300 3779]
1070 -- [1218 4424]
1072 -- [ 889 2263]
1078 -- [ 401 4242]
1082 -- [3319 1767]
1083 -- [ 744 3404]
1084 -- [4467  519]
1087 -- [1045 3239]
1090 -- [1294 2067]
1093 -- [3140 1671]
1096 -- [1550 3904]
1097 -- [4183 1198]
1098 -- [ 827 4169]
1099 -- [2434   94]
1100 -- [ 802 2816]
1102 -- [2575 1779]
1104 -- [1322 4183]
1105 -- [ 464 4476]
1111 -- [   3 2667]
1119 -- [ 464 2817]
1123 -- [ 835 2447]
1124 -- [ 179 2162]
1128 -- [4597  452]
1130 -- [3662 1478]
1132 -- [ 381 4555]
1133 -- [1236 3067]
1135 -- [3644  640]
1140 -- [4435 1734]
1143 -- [3708 1573]
1145 -- [3094  829]
1152 -- [2943   15]
1153 -- [1011 2299]
1156 -- [2629 1386]
1159 -- [ 615 3997]
1164 -- [2397  382]
1165 -- [2582  541]
1171 -- [2873  147]
1172 -- [ 146 4387]
1174 -- [2476 1188]
1175 -- [2862  841]
1178 -- [ 793 4134]
1180 -- [ 542 2287]
1183 -- [ 875 2786]
1184 -- [2187  994]
1185 -- [ 335 3042]
1186 -- [2810  774]
1188 -- [4070  443]
1189 -- [1053 3951]
1192 -- [3740  715]
1193 -- [1796 1985]
1195 -- [  19 3075]
1197 -- [1602 2900]
1198 -- [ 965 2982]
1200 -- [1412 3744]
1202 -- [ 320 2864]
1203 -- [ 450 2714]
1204 -- [2027  475]
1205 -- [ 867 2935]
1208 -- [ 540 3923]
1211 -- [2179   79]
1214 -- [1973 1253]
1215 -- [2830  128]
1217 -- [3061 1736]
1220 -- [4454  484]
1222 -- [4053  224]
1224 -- [1411 2502]
1229 -- [1368 2797]
1230 -- [1863 1274]
1231 -- [1766 2404]
1232 -- [  14 2870]
1234 -- [ 490 2586]
1237 -- [4256  655]
1239 -- [2219  700]
1248 -- [3777  683]
1249 -- [4157   71]
1251 -- [1839  225]
1252 -- [2854 1389]
1257 -- [2421 1448]
1262 -- [ 353 4253]
1268 -- [3587 1809]
1274 -- [ 743 3275]
1276 -- [3239  236]
1278 -- [2305  462]
1283 -- [2868  640]
1288 -- [  67 3618]
1290 -- [1665 3881]
1292 -- [1544 2613]
1293 -- [ 520 4051]
1295 -- [ 839 2422]
1304 -- [ 354 1889]
1306 -- [3601  313]
1307 -- [1044 2745]
1308 -- [ 150 2141]
1311 -- [3064 1375]
1312 -- [3315 1107]
1314 -- [ 751 3642]
1319 -- [1382 3621]
1320 -- [2474  351]
1335 -- [ 958 3393]
1339 -- [4458  891]
1340 -- [ 751 2706]
1341 -- [2574 1194]
1344 -- [3038  921]
1350 -- [3603  666]
1351 -- [ 195 3578]
1352 -- [3067  824]
1353 -- [ 100 3874]
1356 -- [2030 1201]
1357 -- [3841 1198]
1360 -- [ 194 2838]
1361 -- [4594  139]
1364 -- [1694 3445]
1368 -- [ 429 2569]
1369 -- [2064 1646]
1370 -- [1908  244]
1374 -- [3244 1302]
1375 -- [3918  436]
1378 -- [3714  120]
1379 -- [4221 1012]
1384 -- [3628 1033]
1389 -- [ 320 3576]
1390 -- [4447  463]
1391 -- [2780  676]
1394 -- [ 279 3794]
1397 -- [4133 1392]
1401 -- [1071 2542]
1403 -- [2031  131]
1404 -- [1559 2150]
1408 -- [ 444 2288]
1412 -- [2597  777]
1414 -- [1145 3290]
1417 -- [ 147 2060]
1420 -- [1865  858]
1422 -- [4445  648]
1425 -- [1746 3887]
1433 -- [4105  233]
1435 -- [1223 2157]
1437 -- [ 521 3529]
1438 -- [2507 1711]
1442 -- [3714  136]
1445 -- [1753 2332]
1446 -- [1617 3574]
1450 -- [2478 1319]
1453 -- [2772 1372]
1457 -- [4135  337]
1467 -- [4347 1774]
1470 -- [2171  669]
1472 -- [ 460 4408]
1474 -- [1869  228]
1481 -- [3908 1749]
1483 -- [3908  618]
1488 -- [ 595 4483]
1490 -- [1715 3478]
1491 -- [4597 1091]
1492 -- [ 543 2804]
1495 -- [1084 2614]
1497 -- [1747 1854]
1501 -- [3539 1305]
1502 -- [3326 1598]
1506 -- [1466 2952]
1509 -- [  78 2843]
1510 -- [3286  515]
1514 -- [ 854 3798]
1515 -- [1979 1523]
1519 -- [ 262 2228]
1521 -- [ 588 3557]
1522 -- [1738 2078]
1523 -- [3097 1623]
1524 -- [2661   90]
1525 -- [ 318 4428]
1526 -- [2062 1264]
1527 -- [1189 3546]
1529 -- [ 694 2743]
1530 -- [1409 3706]
1531 -- [1383 2152]
1533 -- [1133 3388]
1534 -- [1244 2049]
1535 -- [3935   61]
1540 -- [1143 3453]
1545 -- [1088 2606]
1547 -- [3212 1798]
1548 -- [3925 1186]
1551 -- [2050  583]
1554 -- [ 867 2244]
1555 -- [ 867 4582]
1556 -- [3809    6]
1557 -- [ 353 4012]
1559 -- [4578  702]
1561 -- [1008 2946]
1564 -- [3061 1723]
1565 -- [2809  403]
1572 -- [2318  596]
1573 -- [4287  940]
1574 -- [ 158 3918]
1575 -- [2107  809]
1576 -- [ 685 4299]
1577 -- [2116 1029]
1578 -- [ 590 3977]
1579 -- [1270 1833]
1584 -- [1804 3211]
1586 -- [1366 1891]
1589 -- [4432  112]
1594 -- [2621 1446]
1596 -- [2641  876]
1604 -- [ 124 4435]
1605 -- [1321 2817]
1607 -- [3815 1502]
1609 -- [2900  947]
1610 -- [3660  471]
1613 -- [2637 1053]
1614 -- [2168  618]
1617 -- [ 214 4147]
1627 -- [1809 4064]
1628 -- [ 337 2914]
1632 -- [3955 1103]
1633 -- [2153  639]
1635 -- [ 495 2177]
1636 -- [3400 1024]
1637 -- [2132 1283]
1641 -- [3952    9]
1645 -- [2943 1150]
1647 -- [  73 3686]
1649 -- [ 646 1905]
1650 -- [ 836 1825]
1657 -- [ 867 3603]
1661 -- [2568  221]
1665 -- [4436 1460]
1666 -- [1537 1955]
1668 -- [3041 1691]
1670 -- [1330 3388]
1671 -- [2828  795]
1678 -- [2244 1640]
1681 -- [   5 2993]
1682 -- [1012 3648]
1686 -- [4233 1509]
1690 -- [ 173 2707]
1691 -- [2452  747]
1693 -- [ 766 2099]
1704 -- [3026 1704]
1714 -- [1959  235]
1715 -- [3113 1678]
1716 -- [1543 4486]
1718 -- [1668 2954]
1719 -- [4499 1135]
1723 -- [2057  180]
1724 -- [2490 1540]
1727 -- [3339 1496]
1729 -- [3007  191]
1731 -- [4435 1788]
1734 -- [1502 1818]
1740 -- [ 288 3236]
1741 -- [1802 3449]
1744 -- [ 629 2357]
1747 -- [1154 3511]
1748 -- [ 500 3163]
1749 -- [1471 2559]
1751 -- [ 519 2420]
1752 -- [3942  700]
1753 -- [4518  624]
1755 -- [2306 1036]
1758 -- [1235 3767]
1760 -- [1977  974]
1763 -- [2881 1468]
1767 -- [ 375 1822]
1771 -- [1174 4518]
1775 -- [4572 1195]
1780 -- [1786 2468]
1784 -- [3993  946]
1789 -- [3612  441]
1794 -- [1559 3744]
1795 -- [ 946 4377]
1797 -- [2452  367]
1799 -- [ 151 2713]
1808 -- [2907  415]
1817 -- [1950  839]
1819 -- [2390 1495]
1820 -- [4578 1262]
1829 -- [1768 3019]
1833 -- [1494 3316]
1834 -- [3539  219]
1836 -- [2106   26]
1848 -- [ 748 2307]
1852 -- [4302  641]
1859 -- [3925 1423]
1862 -- [2188 1630]
1868 -- [1292 4422]
1869 -- [ 657 1991]
1870 -- [1254 2819]
1874 -- [1389 3033]
1876 -- [ 792 3495]
1877 -- [3735 1630]
1879 -- [ 375 2598]
1884 -- [2431 1782]
1885 -- [ 354 3711]
1886 -- [2204  241]
1887 -- [ 805 2858]
1892 -- [1439 2342]
1898 -- [1053 2373]
1899 -- [ 760 2577]
1902 -- [2715  722]
1906 -- [ 855 3946]
1908 -- [ 346 3593]
1915 -- [2587  961]
1918 -- [3573 1417]
1919 -- [1602 3100]
1920 -- [ 537 2063]
1921 -- [4166 1753]
1923 -- [2041 1473]
1925 -- [3904  166]
1927 -- [3347 1238]
1928 -- [ 221 3676]
1935 -- [ 514 1872]
1936 -- [1062 3909]
1940 -- [1170 2207]
1942 -- [3677 1350]
1944 -- [3622  296]
1948 -- [3492  965]
1949 -- [4524  353]
1952 -- [3746 1403]
1955 -- [3548  337]
1962 -- [1646 3604]
1965 -- [2936 1041]
1968 -- [ 469 2563]
1969 -- [2604  917]
1970 -- [1874  110]
1975 -- [4102  740]
1981 -- [2928  766]
1982 -- [ 361 3127]
1983 -- [4001  437]
1986 -- [ 135 4288]
1990 -- [3330    5]
1992 -- [3762 1616]
1996 -- [ 750 3071]
2004 -- [4430  857]
2006 -- [4091  633]
2008 -- [ 958 4176]
2010 -- [1182 3798]
2014 -- [3354  624]
2018 -- [1665 2766]
2021 -- [2012 1746]
2024 -- [1425 3579]
2031 -- [ 747 2910]
2032 -- [  35 2597]
2033 -- [1537 1992]
2035 -- [3968 1412]
2038 -- [2894  396]
2039 -- [ 917 4230]
2040 -- [2045  712]
2051 -- [2306  757]
2052 -- [3503   37]
2053 -- [4200 1551]
2054 -- [2263 1205]
2055 -- [3771 1798]
2056 -- [1172 4259]
2058 -- [4242  175]
2059 -- [1905 1453]
2061 -- [3520 1689]
2063 -- [4075 1258]
2065 -- [1212 4070]
2067 -- [   6 2327]
2084 -- [2014 1306]
2086 -- [1326 3326]
2089 -- [2454  829]
2094 -- [ 723 4454]
2095 -- [1589 3867]
2096 -- [ 606 2866]
2097 -- [ 777 3613]
2099 -- [1177 3916]
2101 -- [3050  759]
2103 -- [4344 1798]
2104 -- [ 416 2229]
2106 -- [ 480 4162]
2109 -- [3419  320]
2110 -- [ 310 2876]
2113 -- [ 138 2706]
2117 -- [4524  149]
2118 -- [ 500 2633]
2124 -- [3304  948]
2125 -- [ 718 3307]
2127 -- [1150 3326]
2131 -- [ 804 3947]
2134 -- [2476 1726]
2142 -- [2414 1211]
2144 -- [4569  287]
2145 -- [2882 1665]
2147 -- [ 946 3194]
2149 -- [1024 3504]
2153 -- [1113 2921]
2156 -- [3272  877]
2160 -- [2746  541]
2162 -- [1124 2160]
2164 -- [ 317 2378]
2165 -- [1416 3374]
2171 -- [2119  191]
2173 -- [1875 1226]
2175 -- [ 868 3946]
2176 -- [1408 4551]
2182 -- [1629 4532]
2184 -- [1453 4270]
2196 -- [1665 2740]
2198 -- [ 439 2112]
2201 -- [3158 1563]
2202 -- [ 283 2917]
2208 -- [1206 4455]
2214 -- [ 516 2907]
2215 -- [ 596 3896]
2216 -- [1269 1927]
2218 -- [3365 1053]
2221 -- [ 631 2459]
2224 -- [4008 1400]
2230 -- [3570  561]
2237 -- [2958 1437]
2238 -- [4383 1593]
2239 -- [4257 1240]
2244 -- [ 357 2700]
2245 -- [3352 1272]
2247 -- [2964 1401]
2248 -- [ 428 4334]
2249 -- [4302  883]
2250 -- [ 221 3315]
2252 -- [3909  728]
2256 -- [ 281 2057]
2265 -- [4482  613]
2267 -- [ 886 3850]
2269 -- [3297 1272]
2271 -- [4207  144]
2274 -- [2000  703]
2276 -- [3026  930]
2280 -- [1537 4008]
2281 -- [1117 4408]
2284 -- [ 862 1875]
2285 -- [1817 1191]
2286 -- [ 173 3342]
2290 -- [ 437 3815]
2296 -- [2631   75]
2299 -- [1471 2745]
2300 -- [1170 3347]
2301 -- [ 982 2121]
2302 -- [ 632 2053]
2303 -- [ 476 2654]
2304 -- [1400 1991]
2305 -- [2810   23]
2306 -- [1085 2076]
2310 -- [ 677 3308]
2315 -- [ 547 3429]
2317 -- [1112 2957]
2318 -- [ 281 3454]
2319 -- [2227 1430]
2321 -- [ 682 2882]
2323 -- [ 917 3465]
2326 -- [1567 3847]
2329 -- [1454 3878]
2330 -- [ 795 4366]
2333 -- [3202  357]
2335 -- [2824 1188]
2336 -- [ 588 3502]
2337 -- [3992  738]
2342 -- [3960 1054]
2343 -- [3455   33]
2346 -- [2197  846]
2351 -- [2180  298]
2353 -- [2087 1149]
2356 -- [1675 2006]
2357 -- [ 339 2378]
2358 -- [ 392 4163]
2363 -- [ 282 2295]
2366 -- [1472 2585]
2367 -- [4435  608]
2373 -- [1897 1400]
2375 -- [4190  427]
2377 -- [4157  837]
2378 -- [4270  317]
2380 -- [ 421 4270]
2381 -- [2112 1067]
2383 -- [2710 1559]
2393 -- [4443 1434]
2394 -- [ 749 2759]
2397 -- [3118  601]
2399 -- [4527 1264]
2402 -- [2583 1041]
2404 -- [2359 1535]
2405 -- [2686 1577]
2408 -- [3810  314]
2410 -- [1441 3220]
2412 -- [ 247 3153]
2413 -- [4321 1617]
2417 -- [2652  235]
2422 -- [ 177 2362]
2423 -- [ 368 2396]
2424 -- [1279 3878]
2426 -- [3779  246]
2430 -- [3092  434]
2438 -- [2447 1342]
2440 -- [3234  427]
2442 -- [ 389 3858]
2445 -- [3900 1740]
2448 -- [ 617 4225]
2449 -- [2010 1615]
2450 -- [4594 1616]
2451 -- [1546 2309]
2452 -- [3076   79]
2457 -- [4350  316]
2458 -- [2930  629]
2459 -- [1631 4439]
2460 -- [4172 1730]
2463 -- [3730 1272]
2469 -- [ 244 3548]
2470 -- [ 798 3520]
2473 -- [1809 4089]
2476 -- [ 646 3302]
2478 -- [1875 1533]
2480 -- [4311  146]
2481 -- [4164 1654]
2483 -- [ 280 2118]
2484 -- [1084 1955]
2485 -- [2461 1365]
2486 -- [1045 3007]
2487 -- [1556 4273]
2490 -- [3779  845]
2491 -- [3227 1054]
2496 -- [2201 1188]
2498 -- [1044 2268]
2499 -- [3996 1534]
2500 -- [ 694 3574]
2504 -- [2060  399]
2505 -- [ 783 4047]
2506 -- [ 727 3346]
2508 -- [4454   12]
2517 -- [ 327 3916]
2518 -- [1616 3946]
2525 -- [ 624 1858]
2527 -- [1790 3407]
2528 -- [3412  519]
2529 -- [ 586 3247]
2530 -- [2630  622]
2531 -- [ 871 4184]
2534 -- [1866 1644]
2536 -- [ 661 2532]
2539 -- [2163  307]
2541 -- [2326  550]
2543 -- [2903 1011]
2544 -- [1153 3897]
2554 -- [1027 2557]
2556 -- [2027  187]
2559 -- [ 378 2848]
2560 -- [2963   17]
2562 -- [1930  291]
2566 -- [3522  676]
2576 -- [  11 3652]
2579 -- [3054 1325]
2580 -- [4157 1436]
2581 -- [ 361 2131]
2588 -- [ 845 1872]
2589 -- [ 599 3275]
2590 -- [3665  768]
2592 -- [3520  779]
2594 -- [3714 1149]
2595 -- [3374  790]
2602 -- [ 136 2095]
2605 -- [1467 2827]
2607 -- [2006 1396]
2608 -- [1540 3986]
2609 -- [ 421 2133]
2610 -- [ 292 2939]
2611 -- [ 611 4132]
2615 -- [2404  524]
2617 -- [3027 1170]
2618 -- [3969 1321]
2620 -- [2087 1313]
2621 -- [2301  225]
2625 -- [2284   79]
2627 -- [ 716 3507]
2628 -- [2689  920]
2630 -- [2317   65]
2631 -- [4597 1101]
2633 -- [3612   18]
2636 -- [1318 2048]
2643 -- [1014 3924]
2645 -- [2580  439]
2646 -- [2924 1577]
2647 -- [ 893 3699]
2648 -- [3041  393]
2659 -- [4252   82]
2660 -- [ 993 2129]
2661 -- [3968  327]
2662 -- [4387 1692]
2664 -- [2533 1319]
2666 -- [1752 2943]
2668 -- [ 236 1840]
2671 -- [4171 1547]
2673 -- [ 956 2386]
2678 -- [4276  314]
2680 -- [2626 1715]
2683 -- [3398 1288]
2685 -- [ 999 3546]
2690 -- [ 973 3371]
2692 -- [ 965 3671]
2693 -- [3505  277]
2694 -- [2800 1037]
2695 -- [2262 1571]
2700 -- [ 633 1852]
2703 -- [4084 1110]
2704 -- [ 104 3170]
2712 -- [1270 4197]
2713 -- [ 709 2080]
2722 -- [3449  509]
2723 -- [1143 4312]
2724 -- [4168  311]
2728 -- [1260 2147]
2732 -- [ 482 4445]
2734 -- [ 301 2456]
2735 -- [ 521 3972]
2736 -- [2409   77]
2737 -- [ 946 4477]
2741 -- [2130 1262]
2742 -- [4025  119]
2743 -- [3850  964]
2744 -- [ 786 4086]
2754 -- [2753  161]
2756 -- [1872  760]
2759 -- [2817  496]
2761 -- [2846  447]
2762 -- [ 469 3496]
2763 -- [2221 1677]
2774 -- [4153 1520]
2776 -- [3765 1154]
2777 -- [2920 1388]
2781 -- [ 379 3821]
2782 -- [1871  437]
2787 -- [3865 1148]
2788 -- [4592  588]
2789 -- [1493 2118]
2791 -- [3769  453]
2794 -- [  53 3279]
2797 -- [3368  741]
2798 -- [ 909 4479]
2802 -- [ 449 2362]
2807 -- [1590 3449]
2809 -- [1748 4197]
2810 -- [1763 4273]
2821 -- [ 295 2851]
2822 -- [1194 2214]
2824 -- [3026  738]
2829 -- [3123 1790]
2830 -- [1686 3069]
2831 -- [2566  288]
2836 -- [ 465 2478]
2837 -- [1850 1041]
2838 -- [ 656 2128]
2839 -- [1468 3344]
2842 -- [3105  677]
2846 -- [3627 1403]
2849 -- [ 786 3521]
2850 -- [4266 1414]
2852 -- [ 212 1983]
2853 -- [3797  983]
2855 -- [4454  419]
2860 -- [4184 1407]
2861 -- [2496   32]
2865 -- [3168  848]
2867 -- [ 257 4177]
2872 -- [2857 1019]
2873 -- [ 437 2806]
2874 -- [ 107 2306]
2877 -- [2690 1496]
2879 -- [1556 2775]
2882 -- [1283 3616]
2884 -- [3248 1310]
2887 -- [3119  777]
2889 -- [3293 1691]
2890 -- [3952  478]
2891 -- [2573 1501]
2897 -- [1002 2219]
2899 -- [3030  377]
2900 -- [ 596 3017]
2901 -- [1109 2194]
2902 -- [1071 4081]
2904 -- [1388 1853]
2908 -- [3042 1499]
2909 -- [4219  914]
2911 -- [ 429 3452]
2913 -- [4261 1179]
2916 -- [2683 1063]
2919 -- [1968  512]
2927 -- [4469 1802]
2936 -- [4370  173]
2937 -- [1643 3672]
2938 -- [1633 3918]
2940 -- [2805  897]
2941 -- [2817 1611]
2942 -- [4200  382]
2943 -- [2313  634]
2945 -- [2148 1640]
2947 -- [3606  534]
2948 -- [1453 2036]
2951 -- [3573 1660]
2953 -- [4077 1486]
2956 -- [3678 1457]
2960 -- [1638 4403]
2967 -- [2262 1112]
2968 -- [2129  716]
2969 -- [3693  540]
2972 -- [3707 1585]
2977 -- [ 578 2154]
2978 -- [4145  370]
2980 -- [3571 1400]
2981 -- [ 967 2865]
2983 -- [ 437 4411]
2984 -- [1640 3084]
2993 -- [1072 2534]
3002 -- [ 975 4422]
3003 -- [3744  308]
3006 -- [ 360 3027]
3009 -- [4104  144]
3010 -- [ 725 3188]
3011 -- [3954  725]
3012 -- [2407  611]
3013 -- [1664 3464]
3014 -- [ 563 4196]
3019 -- [ 781 2823]
3020 -- [1148 3998]
3021 -- [1747 1839]
3022 -- [3011  592]
3025 -- [2259 1080]
3026 -- [ 543 3469]
3028 -- [1863  489]
3029 -- [  11 3247]
3030 -- [ 983 3073]
3031 -- [1447 4155]
3032 -- [3810 1326]
3035 -- [1009 3505]
3036 -- [3333  778]
3041 -- [3123  590]
3043 -- [ 571 3964]
3044 -- [3440 1802]
3049 -- [2144  530]
3051 -- [1659 2997]
3053 -- [3273 1430]
3057 -- [  74 3510]
3059 -- [3062 1069]
3063 -- [2998 1154]
3064 -- [1482 3375]
3068 -- [4376 1151]
3070 -- [ 498 3864]
3078 -- [ 474 2116]
3083 -- [ 120 1873]
3086 -- [ 886 4392]
3087 -- [ 617 2399]
3088 -- [1333 4178]
3089 -- [1745 3670]
3091 -- [ 114 3170]
3092 -- [  50 2924]
3099 -- [2668 1488]
3100 -- [2946  794]
3106 -- [4579 1125]
3107 -- [3818  224]
3108 -- [ 378 2041]
3109 -- [1428 2414]
3113 -- [2891  741]
3115 -- [2047  617]
3116 -- [ 491 3551]
3118 -- [ 529 2731]
3119 -- [ 875 3795]
3123 -- [3174 1567]
3127 -- [1982  688]
3133 -- [2303   67]
3134 -- [  41 2571]
3136 -- [ 494 4334]
3137 -- [1461 1823]
3138 -- [1407 2330]
3141 -- [2520 1117]
3142 -- [1022 2756]
3143 -- [1119 1878]
3145 -- [  51 3184]
3146 -- [ 153 2430]
3147 -- [4257 1147]
3149 -- [4213 1393]
3151 -- [3468 1478]
3153 -- [2328  619]
3156 -- [1334 2182]
3160 -- [ 364 3345]
3161 -- [ 593 3960]
3165 -- [3400  417]
3166 -- [2766 1232]
3168 -- [3563  705]
3172 -- [1412 3310]
3174 -- [ 422 4178]
3177 -- [ 557 4155]
3183 -- [ 318 4529]
3189 -- [1386 3091]
3192 -- [2295  276]
3193 -- [2198  748]
3194 -- [1549 4338]
3195 -- [ 476 3347]
3196 -- [3207  932]
3197 -- [1011 3085]
3202 -- [ 369 3973]
3203 -- [1700 3187]
3205 -- [ 994 3519]
3209 -- [3858  398]
3214 -- [ 985 3150]
3215 -- [2880  402]
3216 -- [1407 4311]
3217 -- [4459 1325]
3218 -- [3032  727]
3221 -- [ 891 1824]
3223 -- [1536 4046]
3231 -- [3698 1057]
3232 -- [2408  461]
3235 -- [1946 1184]
3237 -- [3615   10]
3243 -- [4161  179]
3245 -- [1321 2649]
3247 -- [3168  549]
3248 -- [1892 1626]
3251 -- [2737  917]
3254 -- [ 423 3349]
3259 -- [3696  453]
3260 -- [2235 1665]
3264 -- [4586  365]
3265 -- [3376  948]
3266 -- [3507  859]
3267 -- [1975  183]
3268 -- [2896 1659]
3274 -- [4330  644]
3275 -- [ 406 3637]
3277 -- [1781 2262]
3279 -- [1353 3923]
3280 -- [1027 2739]
3281 -- [1078 2342]
3282 -- [2185  945]
3283 -- [ 416 4311]
3286 -- [ 980 2948]
3288 -- [2531  200]
3290 -- [ 315 4132]
3292 -- [ 615 3969]
3293 -- [3402  500]
3303 -- [ 228 3119]
3314 -- [1508 2257]
3315 -- [1813 1215]
3324 -- [ 900 4204]
3325 -- [4445 1363]
3328 -- [3624 1400]
3331 -- [1265 4503]
3332 -- [ 950 1892]
3333 -- [3381 1287]
3334 -- [4525  598]
3336 -- [2379  959]
3341 -- [4164  972]
3343 -- [1012 2004]
3345 -- [4136  179]
3348 -- [2024   33]
3355 -- [ 504 1823]
3357 -- [ 841 2987]
3358 -- [2479 1659]
3360 -- [3149 1175]
3363 -- [3218  364]
3364 -- [1053 4144]
3365 -- [ 590 3421]
3370 -- [1916  199]
3371 -- [ 660 4153]
3372 -- [1914  158]
3375 -- [1761 2426]
3377 -- [1753 2310]
3379 -- [2638 1100]
3380 -- [2756  459]
3382 -- [3585    5]
3386 -- [3802  229]
3387 -- [3835  518]
3391 -- [  10 3480]
3392 -- [ 434 4242]
3393 -- [  50 2062]
3395 -- [2922  863]
3396 -- [2005   46]
3397 -- [4419 1463]
3401 -- [4580 1127]
3402 -- [4316  378]
3403 -- [2832 1768]
3405 -- [ 185 1916]
3407 -- [3803 1098]
3409 -- [4223  228]
3410 -- [4264  651]
3412 -- [ 367 2466]
3413 -- [1135 3498]
3414 -- [1145 2169]
3415 -- [ 871 2103]
3419 -- [4579 1599]
3423 -- [4162 1454]
3426 -- [3353  856]
3427 -- [1145 3059]
3428 -- [ 392 2709]
3435 -- [1562 3951]
3436 -- [1798 2339]
3438 -- [ 704 3356]
3443 -- [3826 1059]
3445 -- [3798 1138]
3453 -- [2751 1403]
3458 -- [3571  263]
3462 -- [3846  536]
3464 -- [ 887 4243]
3466 -- [3275  167]
3468 -- [1284 3192]
3469 -- [ 146 3392]
3471 -- [3584  683]
3478 -- [1913  901]
3479 -- [2018  361]
3482 -- [2316 1097]
3483 -- [4214  650]
3487 -- [2417 1102]
3490 -- [1073 2142]
3492 -- [4335  144]
3493 -- [2595  690]
3495 -- [ 444 4311]
3503 -- [1104 4207]
3504 -- [ 578 4072]
3505 -- [2329 1197]
3508 -- [4567 1201]
3510 -- [ 795 4458]
3511 -- [ 971 2906]
3513 -- [1154 3919]
3514 -- [4158  651]
3515 -- [1665 3428]
3517 -- [1809 3251]
3518 -- [ 893 2483]
3521 -- [1892  188]
3522 -- [2218 1786]
3524 -- [ 616 2906]
3526 -- [  94 3133]
3527 -- [ 246 4519]
3529 -- [ 689 3561]
3535 -- [ 549 3992]
3537 -- [3042 1620]
3538 -- [3008 1214]
3541 -- [4198 1249]
3544 -- [1459 2657]
3545 -- [3768  749]
3547 -- [3255  828]
3548 -- [3992  748]
3549 -- [1864 1283]
3551 -- [1602 3490]
3552 -- [3870 1768]
3553 -- [ 725 4109]
3557 -- [2842   53]
3560 -- [4165  852]
3561 -- [ 736 2930]
3564 -- [3909 1063]
3579 -- [2980  210]
3580 -- [2266   35]
3582 -- [2056  396]
3584 -- [1629 3583]
3586 -- [ 589 2214]
3587 -- [ 128 2693]
3588 -- [ 693 2503]
3589 -- [1449 3296]
3591 -- [1046 2048]
3593 -- [ 268 3647]
3596 -- [  28 3150]
3602 -- [ 968 4316]
3604 -- [1993  893]
3605 -- [2234  549]
3606 -- [1899  889]
3609 -- [3899 1535]
3610 -- [3372  557]
3616 -- [ 109 3081]
3617 -- [2803 1373]
3620 -- [ 775 3180]
3622 -- [3926  187]
3623 -- [1902  294]
3624 -- [3443 1183]
3625 -- [1294 3609]
3627 -- [3144  777]
3628 -- [2577  969]
3629 -- [2370  337]
3630 -- [3530 1784]
3632 -- [1325 4309]
3636 -- [2915 1802]
3637 -- [ 775 4044]
3640 -- [3906  552]
3645 -- [2194 1126]
3646 -- [1449 3873]
3648 -- [1906  313]
3659 -- [1893 1582]
3667 -- [1206 2883]
3668 -- [4455  718]
3669 -- [2310 1754]
3670 -- [ 831 2261]
3672 -- [ 589 3432]
3675 -- [ 847 2404]
3678 -- [2962  838]
3681 -- [3831 1603]
3683 -- [ 617 3991]
3684 -- [ 414 3914]
3686 -- [3324  921]
3687 -- [ 543 2719]
3693 -- [2610 1104]
3695 -- [ 217 2057]
3698 -- [2300  901]
3699 -- [ 539 2591]
3700 -- [2114  394]
3702 -- [ 920 3971]
3705 -- [3023 1051]
3706 -- [3063 1508]
3709 -- [ 322 2538]
3712 -- [3798 1197]
3713 -- [2718  858]
3714 -- [4478 1615]
3720 -- [2755 1154]
3723 -- [3382  568]
3724 -- [1665 3456]
3728 -- [2810  390]
3729 -- [1581 1977]
3732 -- [ 196 4282]
3741 -- [ 407 4330]
3742 -- [4427 1567]
3744 -- [2464  411]
3746 -- [1274 3649]
3749 -- [3102  245]
3750 -- [3729 1500]
3751 -- [  60 2634]
3752 -- [2070  149]
3754 -- [3617  644]
3755 -- [1170 4016]
3761 -- [1407 4403]
3762 -- [3802 1600]
3765 -- [3562  193]
3770 -- [1871 1694]
3774 -- [4550  287]
3775 -- [2091 1555]
3776 -- [3289  354]
3778 -- [1788 4175]
3779 -- [2268 1260]
3783 -- [3924  923]
7 -time: 0.02052 -dim: (11172, 2)
8 -time: 0.00012 -dim: (7, 57)
9 -time: 3.92342 -dim: (1835400, 3)
10 -time: 5.34198 -dim: (1730141, 3)
11_12 -time: 0.18519 -dim: [110424, 2]
13 -time: 0.07255 -dim: (36808, 4)
14_15 -time: 0.03259 -dim: [798, 2]
16 -time: 0.00002 -dim: (0, 2)
17_18 -time: 0.35197 -dim: [73616, 3]
19 -time: 0.00008 -dim: (1, 1)
20 -time: 0.22105 -dim: (0, 4601)
21 -time: 0.00077 -dim: (1, 4601)
22 -time: 0.00007 -dim: (3785, 3)
23 -time: 0.00004 -dim: (3785, 3)
24 -time: 0.00004 -dim: (0, 5)
25 -time: 0.00006 -dim: (4266, 3)
26 -time: 0.00005 -dim: (4266, 3)
smtPr 22-26 -time: 0.02445 -dim: nan
slvr_header -time: 2.22591 -dim: nan
*solver* -time: 900.08651 -dim: nan
res_read -time: 0.09763 -dim: nan
-- SUM CL TIME: 10.17497          |  SUM other TIME: 902.41005          |  SUM TIME: 912.58502
