num branch_node: 7
num leaf_node: 8
num feature: 57
tree_depth: 3
num label: 2
nDC: 2432

***variables
a: 1 - 399 -> 399
s: 400 - 32606 -> 32207
z: 32607 - 69414 -> 36808
g: 69415 - 69430 -> 16
x: 69431 - 78632 -> 9202
ml: 78633 - 80344 -> 1712
cl: 80345 - 81852 -> 1508

variables***
[debug] --> CL ML ratio 5
the cl header --> p wcnf 81852 3808028 9253

timeout 900s ~/SAT_Project/loandra-master/loandra_static -pmreslin-cglim=30 -weight-strategy=1 -print-model -verbosity=1 ./solutions/spam_0.1_mc0.7_s2352_r5/phase_1_clauses_final >./solutions/spam_0.1_mc0.7_s2352_r5/phase_1_loandra_res

Start to read loandra res
*loandra status: SATISFIABLE
-ml sat and violated: 1146 | 566  | total #ml: 1712 | -violated weight: 566
3 -- [4429 3978]
8 -- [3278 1942]
9 -- [960 393]
12 -- [2477 2271]
18 -- [1809  255]
20 -- [2478 2041]
23 -- [154 247]
24 -- [3206 3986]
25 -- [  58 1297]
36 -- [2110 2490]
42 -- [1786 1125]
50 -- [ 814 1654]
53 -- [3785 3696]
54 -- [3241 2582]
55 -- [2628 2793]
56 -- [3395 2633]
59 -- [842 867]
62 -- [4121 3505]
63 -- [2124 2621]
65 -- [4372 3299]
67 -- [4518 3351]
71 -- [4242 3175]
72 -- [3064 3685]
76 -- [4198 3814]
79 -- [645 685]
81 -- [1052 1750]
83 -- [1938 2938]
85 -- [3922 2595]
87 -- [4529 4092]
90 -- [619 407]
91 -- [251 270]
92 -- [2899 3166]
101 -- [433 592]
103 -- [4067 4375]
104 -- [3164 4271]
107 -- [1046  967]
109 -- [1230  305]
118 -- [ 418 1314]
119 -- [736  54]
124 -- [138 199]
125 -- [1585  551]
126 -- [1574 1581]
131 -- [2556 2561]
134 -- [ 490 1020]
138 -- [3220 2144]
142 -- [2137 4562]
144 -- [3761 2780]
150 -- [3291 4355]
153 -- [4028 4551]
156 -- [3108 2135]
159 -- [1732  802]
162 -- [ 549 1040]
165 -- [2016 4514]
169 -- [ 607 1405]
173 -- [2095 3622]
176 -- [3633 2071]
177 -- [1760  233]
179 -- [3142 2447]
184 -- [  67 1748]
186 -- [2087 1927]
187 -- [3050 4215]
189 -- [3642 2326]
190 -- [505 346]
191 -- [3489 4489]
192 -- [ 371 1558]
194 -- [1082  756]
195 -- [3872 4420]
199 -- [3916 2594]
201 -- [  57 1025]
202 -- [742 193]
206 -- [ 389 1410]
210 -- [1505 1323]
216 -- [3402 2184]
217 -- [1776   26]
218 -- [3181 2228]
221 -- [ 391 1704]
224 -- [2760 3701]
226 -- [4568 4009]
229 -- [ 516 1017]
233 -- [403  26]
237 -- [4388 4025]
241 -- [2909 3410]
244 -- [4288 2631]
246 -- [3430 4519]
249 -- [4467 4038]
255 -- [2291 3995]
257 -- [3307 4426]
259 -- [544 620]
261 -- [3356 2256]
262 -- [ 463 1168]
269 -- [2735 2386]
270 -- [1399 1317]
273 -- [723 646]
275 -- [2838 2416]
280 -- [4268 3982]
281 -- [1476  894]
282 -- [3368 4112]
283 -- [2783 3596]
284 -- [2680 2838]
287 -- [2834 3748]
290 -- [ 133 1094]
300 -- [ 650 1559]
303 -- [552 269]
305 -- [1299 1224]
307 -- [4338 4079]
315 -- [1559 1561]
320 -- [2528 1872]
321 -- [1791 1626]
328 -- [3424 3065]
329 -- [3017 1940]
330 -- [1640 1578]
331 -- [2664 2232]
333 -- [1555 1727]
336 -- [873 588]
340 -- [3241 4010]
342 -- [1526    8]
345 -- [4485 4072]
349 -- [781 429]
351 -- [1048 1387]
352 -- [ 399 1788]
354 -- [4565 2725]
355 -- [3923 4128]
357 -- [2426 2475]
363 -- [3268 3679]
364 -- [2581 3108]
367 -- [1967 4465]
370 -- [2189 3299]
371 -- [654   6]
374 -- [3187 4245]
381 -- [ 852 1421]
383 -- [ 182 1108]
384 -- [1467 1735]
386 -- [1351  993]
396 -- [3208 3721]
397 -- [ 49 750]
402 -- [3408 1886]
406 -- [3293 4061]
409 -- [1338 1604]
410 -- [ 987 1497]
411 -- [ 110 1608]
412 -- [3108 3191]
416 -- [1390  759]
423 -- [3014 4502]
428 -- [4525 2248]
430 -- [454 792]
431 -- [1329  710]
433 -- [1138 1563]
436 -- [1213 1178]
437 -- [ 324 1759]
438 -- [2628 2020]
439 -- [1803 1721]
445 -- [1175 1307]
449 -- [1159  157]
450 -- [ 423 1543]
451 -- [2323 2141]
453 -- [2370 3864]
455 -- [4348 4198]
457 -- [2064 2534]
459 -- [2428 2566]
460 -- [2833 2711]
462 -- [ 299 1467]
464 -- [ 373 1594]
468 -- [ 412 1205]
469 -- [2735 3538]
470 -- [ 480 1178]
472 -- [3638 2740]
473 -- [1914 2042]
474 -- [2579 2774]
475 -- [2203 3673]
477 -- [2417 2852]
478 -- [4277 4545]
479 -- [1722  502]
482 -- [1623  178]
485 -- [ 68 227]
486 -- [3881 2420]
489 -- [1469  390]
493 -- [4118 2403]
495 -- [2542 4331]
496 -- [2352 4355]
497 -- [2492 3706]
498 -- [4463 3986]
500 -- [ 943 1781]
503 -- [3733 1927]
505 -- [2465 2841]
506 -- [ 119 1273]
513 -- [1745 1685]
519 -- [ 789 1105]
525 -- [852 543]
528 -- [ 206 1223]
533 -- [531 916]
541 -- [403 620]
544 -- [1051  874]
552 -- [829 358]
554 -- [4012 3696]
556 -- [4441 3540]
557 -- [3943 2912]
558 -- [3698 4405]
559 -- [ 489 1049]
560 -- [3278 2308]
561 -- [931 805]
565 -- [4280 2708]
570 -- [388 731]
573 -- [4553 3273]
580 -- [2840 4232]
583 -- [1425 1677]
584 -- [2627 4533]
585 -- [ 704 1442]
589 -- [3788 4514]
599 -- [2305 4470]
605 -- [1531 1404]
606 -- [ 914 1443]
608 -- [4163 3358]
612 -- [2427 3416]
613 -- [1900 3241]
618 -- [1469 1284]
624 -- [241 781]
628 -- [ 719 1545]
630 -- [4522 2146]
634 -- [1488 1005]
639 -- [ 833 1265]
641 -- [ 634 1687]
644 -- [1734 1716]
646 -- [3957 2613]
647 -- [2124 3523]
652 -- [3053 4590]
653 -- [2163 2588]
654 -- [ 245 1752]
658 -- [2063 3344]
659 -- [2244 2253]
661 -- [2533 1933]
668 -- [1154  935]
669 -- [3974 3235]
674 -- [4293 2456]
679 -- [2149 3301]
680 -- [2540 4411]
685 -- [699 271]
687 -- [1873 3408]
692 -- [3765 4259]
694 -- [3198 3917]
696 -- [2412 2865]
699 -- [3452 1979]
701 -- [2267 3470]
711 -- [1599 1110]
717 -- [3765 3829]
718 -- [3418 2451]
721 -- [ 405 1191]
722 -- [1108  292]
723 -- [2071 3339]
724 -- [4265 2797]
733 -- [1789 1413]
736 -- [4221 4054]
738 -- [3848 3405]
740 -- [1162 1515]
741 -- [  17 1216]
746 -- [4241 1846]
750 -- [982 623]
752 -- [1485 1187]
755 -- [4394 3125]
757 -- [3983 4026]
763 -- [   9 1121]
764 -- [4254 2429]
768 -- [595 674]
769 -- [ 660 1430]
770 -- [ 703 1290]
771 -- [4489 2027]
776 -- [4163 4065]
780 -- [ 455 1435]
782 -- [1969 3510]
786 -- [2575 4344]
787 -- [344 186]
798 -- [2357 1853]
799 -- [3780 4432]
802 -- [3409 3118]
803 -- [ 597 1220]
805 -- [2243 4028]
811 -- [2134 4102]
815 -- [4365 4318]
816 -- [1591 1219]
822 -- [3024 2317]
833 -- [2770 4004]
834 -- [1415 1512]
839 -- [ 488 1461]
842 -- [4590 2424]
846 -- [2241 2653]
850 -- [3738 4346]
852 -- [4465 3569]
856 -- [3273 2606]
857 -- [4028 2405]
859 -- [2459 1981]
860 -- [2673 4069]
861 -- [2886 2672]
865 -- [1365 1783]
873 -- [1377 1062]
874 -- [3475 4462]
879 -- [4462 2662]
880 -- [2155 1927]
887 -- [3273 2343]
890 -- [2578 4561]
892 -- [895  48]
894 -- [3960 3505]
896 -- [1919 4534]
899 -- [ 16 644]
900 -- [1523  605]
906 -- [1375  763]
907 -- [2168 4356]
908 -- [2200 1936]
911 -- [3174 4502]
913 -- [3120 2552]
914 -- [1998 4139]
921 -- [4253 3277]
923 -- [2510 3012]
924 -- [1245  550]
928 -- [2740 2123]
929 -- [628 860]
931 -- [4169 4286]
932 -- [1658  168]
933 -- [184 628]
942 -- [1167  326]
945 -- [3575 2526]
949 -- [ 104 1549]
951 -- [401 319]
955 -- [146  21]
959 -- [2708 1860]
961 -- [ 967 1172]
963 -- [1314  711]
968 -- [1412 1376]
974 -- [3814 3986]
980 -- [1455 1254]
983 -- [2315 3405]
984 -- [211 270]
987 -- [1614  377]
989 -- [3294 3389]
991 -- [3941 2151]
993 -- [1511  540]
999 -- [3382 4072]
1000 -- [2474 2770]
1001 -- [3267 2993]
1006 -- [ 852 1682]
1011 -- [987 812]
1017 -- [2580 4056]
1028 -- [2954 4392]
1031 -- [3369 4577]
1032 -- [1192  556]
1036 -- [1305 1716]
1037 -- [2175 4357]
1038 -- [4002 4597]
1039 -- [2307 4241]
1043 -- [2305 3552]
1052 -- [3368 4326]
1053 -- [4069 3665]
1054 -- [2186 2845]
1057 -- [ 325 1673]
1059 -- [400 558]
1066 -- [ 35 716]
1068 -- [3698 3863]
1070 -- [548  28]
1072 -- [4055 2523]
1078 -- [ 254 1058]
1082 -- [3879 2392]
1083 -- [3440 3252]
1085 -- [2177 2250]
1086 -- [3392 4134]
1087 -- [2431 3323]
1091 -- [1182 1205]
1094 -- [1514  540]
1095 -- [1508  732]
1097 -- [3892 2966]
1098 -- [2276 2218]
1102 -- [  87 1723]
1109 -- [3298 2400]
1120 -- [2103 4529]
1126 -- [4104 2917]
1133 -- [3227 4233]
1134 -- [ 357 1289]
1136 -- [4369 2023]
1137 -- [2347 3180]
1141 -- [4299 4095]
1143 -- [2511 2611]
1146 -- [1233  884]
1153 -- [1402 1236]
1155 -- [3501 2464]
1156 -- [620 859]
1157 -- [2829 3800]
1167 -- [3906 3804]
1174 -- [1352  904]
1175 -- [2841 1813]
1176 -- [3139 3788]
1178 -- [200  36]
1184 -- [1531  639]
1186 -- [1721  576]
1194 -- [4528 2866]
1195 -- [158 647]
1196 -- [ 353 1629]
1198 -- [2427 3559]
1199 -- [4231 2899]
1207 -- [3214 4048]
1208 -- [1382  959]
1218 -- [3022 3594]
1225 -- [ 536 1383]
1232 -- [1515  991]
1233 -- [3671 2545]
1234 -- [3365 3904]
1236 -- [2443 4555]
1244 -- [1677  115]
1245 -- [2085 2096]
1249 -- [198 916]
1252 -- [ 506 1756]
1254 -- [3024 2601]
1256 -- [410 516]
1261 -- [2297 1962]
1262 -- [969 310]
1263 -- [128   7]
1266 -- [2029 2735]
1271 -- [1605 1645]
1278 -- [482 179]
1280 -- [4295 1933]
1283 -- [187 207]
1286 -- [4352 4171]
1288 -- [2141 4259]
1298 -- [ 536 1243]
1307 -- [2714 2058]
1310 -- [3809 4051]
1311 -- [991 979]
1313 -- [ 20 226]
1317 -- [2365 2029]
1318 -- [1129 1457]
1320 -- [4319 3242]
1321 -- [2004 4030]
1323 -- [4371 2713]
1324 -- [2067 2744]
1326 -- [2253 1990]
1327 -- [3251 1940]
1331 -- [2218 4300]
1334 -- [1003   78]
1335 -- [3761 2401]
1336 -- [4286 4275]
1340 -- [1773  897]
1345 -- [3152 2375]
1346 -- [1482 1102]
1347 -- [199 826]
1351 -- [570 847]
1354 -- [168 672]
1355 -- [1756  206]
1359 -- [3962 4353]
1362 -- [2466 2478]
1363 -- [3835 3108]
1368 -- [3644 4563]
1370 -- [2456 4147]
1378 -- [535 125]
1380 -- [ 317 1446]
1381 -- [4394 2505]
1384 -- [3289 3048]
1385 -- [3419 4288]
1386 -- [38 92]
1395 -- [2573 3258]
1396 -- [3388 2208]
1397 -- [4198 4428]
1401 -- [2424 3832]
1405 -- [358 159]
1406 -- [2829 4573]
1417 -- [1676  618]
1418 -- [2054 3570]
1420 -- [1276  805]
1422 -- [2567 3557]
1423 -- [4408 2476]
1433 -- [3022 2670]
1434 -- [4370 3991]
1435 -- [277 934]
1437 -- [1061 1120]
1447 -- [4360 3351]
1450 -- [ 217 1591]
1452 -- [ 215 1453]
1453 -- [2412 2160]
1454 -- [666 465]
1465 -- [4111 4386]
1466 -- [ 776 1058]
1467 -- [2979 2271]
1469 -- [329 297]
1474 -- [4284 2456]
1478 -- [1050  351]
1480 -- [2132 4250]
1481 -- [500 519]
1484 -- [2594 3196]
1490 -- [2934 4239]
1491 -- [283 214]
1493 -- [2615 2539]
1494 -- [578 640]
1501 -- [934 258]
1502 -- [ 539 1194]
1503 -- [3508 4597]
1504 -- [2299 2495]
1508 -- [3554 1937]
1516 -- [1565  634]
1517 -- [4192 4502]
1518 -- [3788 2025]
1519 -- [3040 2266]
1523 -- [3795 2831]
1525 -- [2876 3400]
1527 -- [2555 2559]
1528 -- [1529  535]
1535 -- [970 645]
1539 -- [2436 4038]
1541 -- [2679 4196]
1547 -- [1814 2581]
1549 -- [3353 4389]
1550 -- [1080  478]
1559 -- [4317 3525]
1561 -- [2462 2244]
1562 -- [293 856]
1563 -- [294 301]
1565 -- [3654 4328]
1566 -- [3277 1893]
1568 -- [3795 1882]
1573 -- [2528 2622]
1574 -- [303 535]
1575 -- [3828 2144]
1577 -- [2107 2241]
1580 -- [1885 4133]
1581 -- [1803 1318]
1584 -- [4080 3126]
1588 -- [4581 4585]
1589 -- [2527 3105]
1594 -- [2579 3606]
1596 -- [2687 4067]
1597 -- [665 980]
1598 -- [3698 3714]
1599 -- [1811 1624]
1608 -- [746  93]
1609 -- [1245  106]
1613 -- [2058 3176]
1614 -- [1933 1945]
1619 -- [2555 2378]
1622 -- [611 104]
1623 -- [ 2 37]
1624 -- [1442  502]
1627 -- [3152 3966]
1633 -- [  38 1250]
1635 -- [3390 3764]
1636 -- [4538 2834]
1637 -- [4431 4218]
1641 -- [4345 2530]
1651 -- [ 559 1490]
1653 -- [4377 3372]
1657 -- [2849 2702]
1658 -- [2528 2583]
1659 -- [3506 4038]
1660 -- [3240 2511]
1661 -- [1111   27]
1663 -- [286  37]
1665 -- [ 145 1653]
1666 -- [ 32 323]
1667 -- [ 140 1784]
1668 -- [364 704]
1672 -- [2662 2143]
1674 -- [1266   37]
1679 -- [477 879]
1681 -- [2802 3949]
1683 -- [3118 3787]
1691 -- [2481 3400]
1694 -- [2252 3036]
1696 -- [1513 1472]
1697 -- [3278 3821]
1700 -- [2814 4328]
1706 -- [421 844]
1710 -- [476  88]
1711 -- [1047  877]
-cl sat and violated: 906 | 602  | total #cl: 1508 | -violated weight: 3010
2 -- [1687 3645]
7 -- [4236 1498]
8 -- [1280 3646]
9 -- [2161 1323]
11 -- [2249  616]
15 -- [2674 1498]
18 -- [1314 2569]
20 -- [2904  558]
21 -- [2661  850]
23 -- [1964  739]
25 -- [3663  593]
29 -- [ 808 3138]
38 -- [ 388 4306]
42 -- [ 582 4051]
44 -- [1050 2643]
45 -- [ 351 2571]
47 -- [3631 1201]
48 -- [1267 2860]
49 -- [1126 3589]
53 -- [2103  853]
71 -- [2147  588]
73 -- [1617 4457]
74 -- [4419  962]
75 -- [2444  239]
76 -- [3458 1418]
80 -- [4510 1201]
82 -- [2962 1808]
83 -- [2049 1039]
86 -- [1266 2805]
90 -- [ 210 2474]
92 -- [4223 1443]
93 -- [1711 4374]
98 -- [2703 1645]
101 -- [ 892 3060]
103 -- [4540 1623]
105 -- [4279  376]
109 -- [3135 1436]
111 -- [1976  774]
113 -- [2931 1790]
114 -- [ 139 3134]
115 -- [3514  794]
119 -- [4056 1709]
120 -- [1866  919]
121 -- [ 354 4450]
122 -- [ 530 2495]
124 -- [1525 2921]
128 -- [4190  324]
132 -- [4281  853]
134 -- [1855  492]
136 -- [2658  778]
140 -- [3906 1548]
141 -- [ 530 3247]
146 -- [1553 3192]
149 -- [2194 1711]
152 -- [ 389 2902]
154 -- [1207 2739]
156 -- [4576 1517]
160 -- [3774 1220]
161 -- [1000 2085]
165 -- [ 443 2415]
167 -- [2018  206]
171 -- [1513 2987]
173 -- [4411  386]
175 -- [  31 3192]
176 -- [ 948 2381]
178 -- [ 399 2387]
179 -- [2974 1096]
183 -- [ 384 2260]
185 -- [ 368 1933]
187 -- [ 408 3523]
189 -- [2651  500]
194 -- [2847 1669]
195 -- [2634 1675]
199 -- [1624 3577]
200 -- [ 644 4565]
201 -- [3164   69]
206 -- [ 868 3292]
207 -- [2224 1017]
208 -- [1280 4186]
209 -- [2419 1443]
210 -- [1887 1700]
211 -- [1925  675]
221 -- [1462 2159]
227 -- [1723 3319]
233 -- [ 469 2327]
234 -- [2972  157]
236 -- [1485 3015]
239 -- [ 675 2374]
241 -- [3481  722]
244 -- [3184  187]
245 -- [3052  391]
249 -- [ 448 3163]
250 -- [ 778 3217]
251 -- [   6 3311]
254 -- [ 269 3148]
257 -- [4451 1037]
258 -- [4486 1730]
270 -- [1589 3420]
271 -- [ 337 1967]
273 -- [2654 1360]
280 -- [3052  408]
282 -- [3892  216]
286 -- [4410 1553]
287 -- [ 852 2109]
293 -- [ 570 3592]
294 -- [1225 2532]
295 -- [1506 4225]
296 -- [ 401 2580]
301 -- [3597  860]
304 -- [3650 1131]
305 -- [3588  509]
309 -- [ 737 3413]
310 -- [2189   43]
312 -- [3031  360]
313 -- [1086 2326]
317 -- [1713 3968]
319 -- [3136  893]
322 -- [ 180 3526]
323 -- [3499  773]
324 -- [4361 1256]
327 -- [3202 1419]
328 -- [ 475 3732]
330 -- [2661  728]
333 -- [4343 1460]
334 -- [3138  547]
335 -- [ 953 4517]
347 -- [ 964 4338]
348 -- [1649 4596]
350 -- [ 926 3018]
351 -- [2809 1772]
354 -- [3715 1037]
355 -- [1136 4323]
357 -- [1514 3133]
358 -- [2948  974]
361 -- [3433   31]
362 -- [4199 1230]
363 -- [2672  201]
364 -- [3847 1241]
370 -- [1326 2417]
373 -- [4004  807]
374 -- [1999  250]
379 -- [3691  815]
381 -- [ 668 1855]
389 -- [3615  916]
391 -- [ 159 4371]
392 -- [1025 3888]
394 -- [2291 1773]
395 -- [2824 1032]
396 -- [  41 3829]
397 -- [2166 1185]
398 -- [4323 1409]
402 -- [3583 1711]
404 -- [3220 1269]
405 -- [1717 2441]
406 -- [1800 2463]
407 -- [3588 1689]
408 -- [2143  109]
411 -- [3469 1432]
412 -- [1044 3909]
414 -- [4167  571]
418 -- [ 923 3005]
421 -- [3141 1280]
422 -- [ 255 2041]
423 -- [3788 1504]
430 -- [3805 1614]
432 -- [3926  974]
433 -- [ 579 3775]
435 -- [ 242 2459]
437 -- [ 478 4550]
439 -- [ 773 3061]
440 -- [1883  176]
442 -- [3272  408]
445 -- [1604 3548]
455 -- [4005 1373]
461 -- [1661 3476]
462 -- [1433 4292]
464 -- [   2 2677]
468 -- [ 295 3890]
469 -- [2061 1323]
472 -- [3984 1186]
473 -- [   0 3644]
475 -- [ 407 4286]
477 -- [2763 1640]
479 -- [3036  231]
481 -- [2516   66]
484 -- [2156  546]
486 -- [3496 1762]
488 -- [3757  159]
492 -- [ 371 3329]
494 -- [1351 4511]
495 -- [3201  674]
496 -- [2550  491]
497 -- [1518 3731]
498 -- [3234  619]
499 -- [3118  648]
500 -- [4496  535]
503 -- [3405 1123]
504 -- [ 423 2781]
506 -- [1931 1759]
511 -- [1517 2991]
515 -- [4218 1775]
517 -- [3016  545]
518 -- [ 204 3899]
520 -- [3419  511]
522 -- [2170  736]
523 -- [1586 3989]
524 -- [2833  487]
525 -- [ 977 4220]
527 -- [3883  444]
528 -- [   0 2212]
532 -- [1585 3938]
533 -- [2110 1433]
545 -- [  17 3116]
546 -- [ 270 2548]
548 -- [  81 3435]
549 -- [3162  778]
552 -- [ 926 2636]
553 -- [3383   60]
554 -- [ 308 3429]
555 -- [4208 1205]
556 -- [1806 3543]
559 -- [2189 1506]
560 -- [3716  269]
562 -- [ 330 3120]
568 -- [2845  381]
575 -- [1806 3929]
577 -- [1422 2173]
578 -- [2589 1723]
582 -- [ 785 3930]
584 -- [2371  778]
590 -- [2507 1567]
592 -- [ 286 1976]
593 -- [ 982 3449]
594 -- [   5 3216]
596 -- [ 964 3328]
597 -- [1266 2906]
601 -- [ 567 2921]
602 -- [2217 1110]
617 -- [3994  536]
620 -- [3713 1174]
626 -- [3745 1122]
630 -- [2213  570]
631 -- [2815 1675]
632 -- [3337  802]
636 -- [3028  817]
637 -- [ 192 2480]
639 -- [1582 3024]
646 -- [3004  333]
648 -- [2783  171]
651 -- [1396 2655]
652 -- [1925  748]
653 -- [3320 1671]
654 -- [ 826 2673]
655 -- [1757 3872]
656 -- [1106 4454]
659 -- [2180 1470]
660 -- [3295 1547]
661 -- [ 778 1991]
663 -- [2491  677]
665 -- [ 485 4140]
667 -- [4550  661]
668 -- [1357 2259]
669 -- [4055  464]
671 -- [2491  568]
672 -- [2788  585]
674 -- [ 396 4545]
675 -- [1262 2426]
676 -- [1972 1663]
678 -- [3704  751]
679 -- [1705 4547]
680 -- [2026 1524]
681 -- [3345 1334]
686 -- [ 762 4079]
689 -- [4532  540]
693 -- [1422 3561]
694 -- [1616 2840]
696 -- [1373 2118]
700 -- [ 857 2833]
701 -- [1486 3967]
706 -- [1542 2826]
707 -- [1456 4536]
710 -- [ 614 4133]
715 -- [ 334 2563]
717 -- [ 358 4515]
725 -- [1606 2547]
726 -- [ 618 3031]
727 -- [4183  546]
732 -- [2175 1483]
734 -- [1517 3840]
737 -- [ 812 2527]
742 -- [1436 3707]
744 -- [3558  672]
747 -- [ 455 2703]
755 -- [4122 1268]
760 -- [3602 1285]
762 -- [ 766 1968]
766 -- [ 107 3979]
767 -- [1430 4265]
768 -- [4236  153]
770 -- [ 627 4245]
773 -- [ 526 3238]
774 -- [3611 1424]
776 -- [ 299 3794]
778 -- [3416  994]
779 -- [1422 4094]
780 -- [2299 1464]
782 -- [3083  448]
787 -- [1237 4269]
788 -- [ 964 3269]
793 -- [1560 3241]
794 -- [1379 4409]
795 -- [ 395 3754]
796 -- [1768 2637]
798 -- [2738  438]
799 -- [1248 3557]
801 -- [3126 1658]
805 -- [2171 1203]
808 -- [ 164 2049]
813 -- [3796  343]
815 -- [1432 2631]
818 -- [4027 1351]
820 -- [ 500 4407]
822 -- [3919 1393]
823 -- [3236  503]
829 -- [4152 1494]
836 -- [3166  957]
837 -- [3984 1234]
838 -- [ 926 1857]
840 -- [3833   41]
843 -- [1708 2542]
845 -- [ 602 3502]
846 -- [ 461 4165]
847 -- [4280  570]
849 -- [ 286 1977]
853 -- [ 650 3710]
854 -- [1411 2416]
857 -- [3774 1730]
858 -- [4312  571]
860 -- [ 700 1940]
861 -- [3388  906]
862 -- [1257 3463]
865 -- [1051 3306]
866 -- [1533 3303]
867 -- [ 232 3554]
868 -- [  60 2284]
874 -- [ 471 3132]
875 -- [1600 4437]
877 -- [1206 3066]
880 -- [4234  214]
881 -- [4551  867]
884 -- [ 860 3618]
887 -- [2642  325]
888 -- [2500  533]
889 -- [1333 3332]
891 -- [3699  269]
900 -- [1557 2669]
905 -- [2328  612]
907 -- [ 121 3430]
908 -- [ 296 3765]
909 -- [2773  214]
911 -- [4397 1759]
914 -- [ 800 2783]
915 -- [ 544 1824]
922 -- [1388 2947]
923 -- [ 440 2302]
928 -- [ 993 2951]
931 -- [ 132 3554]
938 -- [1526 2634]
942 -- [ 906 3213]
943 -- [3074 1550]
944 -- [3893  399]
945 -- [1973  621]
946 -- [4002  138]
948 -- [ 136 3043]
950 -- [1037 2421]
951 -- [  98 3911]
952 -- [ 486 2496]
953 -- [ 140 4145]
955 -- [2536  567]
958 -- [ 997 3512]
960 -- [3118  268]
961 -- [ 576 3408]
963 -- [2190  426]
966 -- [1770 4018]
970 -- [4163  569]
971 -- [ 466 2362]
974 -- [2309  636]
976 -- [1408 2259]
981 -- [4562 1559]
982 -- [1986  345]
983 -- [1695 3787]
986 -- [ 965 3052]
990 -- [4143 1453]
991 -- [2802  918]
992 -- [1435 4357]
994 -- [1208 2196]
996 -- [ 850 3222]
998 -- [4269   93]
999 -- [ 174 2713]
1002 -- [4213  252]
1003 -- [ 892 4548]
1009 -- [2580  706]
1011 -- [1432 2837]
1013 -- [1865  481]
1014 -- [ 210 3623]
1017 -- [ 894 1847]
1022 -- [  78 1929]
1023 -- [4051 1169]
1025 -- [2551  935]
1028 -- [1048 4254]
1030 -- [1735 2561]
1033 -- [1417 2575]
1034 -- [ 378 3402]
1036 -- [4499  189]
1040 -- [2137  228]
1041 -- [ 134 2275]
1043 -- [  33 2551]
1045 -- [3276  567]
1048 -- [2687  312]
1050 -- [ 683 3664]
1058 -- [ 276 4576]
1060 -- [ 545 3213]
1066 -- [1623 3876]
1067 -- [3631 1488]
1071 -- [ 714 3268]
1072 -- [ 889 2263]
1074 -- [3202  792]
1075 -- [1695 3538]
1076 -- [2215  992]
1078 -- [ 401 4242]
1083 -- [ 744 3404]
1085 -- [1636 4092]
1086 -- [4348 1723]
1089 -- [3214  125]
1093 -- [3140 1671]
1094 -- [ 594 4474]
1098 -- [ 827 4169]
1100 -- [ 802 2816]
1101 -- [ 498 2490]
1103 -- [ 852 3879]
1105 -- [ 464 4476]
1106 -- [ 338 4352]
1111 -- [   3 2667]
1112 -- [1498 4126]
1113 -- [ 675 3177]
1116 -- [3850  148]
1119 -- [ 464 2817]
1122 -- [1855  605]
1125 -- [ 506 3951]
1126 -- [1799 2130]
1127 -- [1082 1852]
1128 -- [4597  452]
1130 -- [3662 1478]
1134 -- [ 849 2242]
1136 -- [ 226 2829]
1140 -- [4435 1734]
1146 -- [1592 2783]
1149 -- [ 674 2907]
1150 -- [1156 3777]
1151 -- [2304  572]
1153 -- [1011 2299]
1154 -- [2965 1804]
1159 -- [ 615 3997]
1160 -- [ 758 4250]
1161 -- [1336 2807]
1162 -- [2679   20]
1163 -- [3674 1233]
1164 -- [2397  382]
1168 -- [3183 1132]
1172 -- [ 146 4387]
1176 -- [3026 1443]
1178 -- [ 793 4134]
1183 -- [ 875 2786]
1184 -- [2187  994]
1186 -- [2810  774]
1188 -- [4070  443]
1194 -- [3819 1655]
1198 -- [ 965 2982]
1200 -- [1412 3744]
1201 -- [ 655 4184]
1204 -- [2027  475]
1205 -- [ 867 2935]
1206 -- [1771 3845]
1211 -- [2179   79]
1217 -- [3061 1736]
1220 -- [4454  484]
1221 -- [1624 2073]
1223 -- [2017    4]
1224 -- [1411 2502]
1225 -- [4383    0]
1229 -- [1368 2797]
1235 -- [1668 3429]
1240 -- [3783 1186]
1242 -- [3267 1506]
1245 -- [4140 1628]
1247 -- [ 720 4340]
1250 -- [ 391 3074]
1252 -- [2854 1389]
1253 -- [2168  177]
1255 -- [1624 2001]
1259 -- [1490 2728]
1260 -- [2296  383]
1264 -- [ 641 2725]
1266 -- [3224 1651]
1267 -- [2270 1565]
1270 -- [1016 3843]
1276 -- [3239  236]
1280 -- [ 265 3789]
1282 -- [3972 1597]
1286 -- [  28 3066]
1289 -- [ 830 4412]
1290 -- [1665 3881]
1296 -- [3678 1429]
1298 -- [3801  384]
1299 -- [4530  121]
1300 -- [ 166 2622]
1302 -- [2672   57]
1305 -- [3969 1490]
1307 -- [1044 2745]
1308 -- [ 150 2141]
1309 -- [ 324 4248]
1311 -- [3064 1375]
1312 -- [3315 1107]
1314 -- [ 751 3642]
1317 -- [2298  195]
1319 -- [1382 3621]
1320 -- [2474  351]
1328 -- [ 844 4327]
1330 -- [ 449 3679]
1332 -- [3778  102]
1333 -- [ 432 4300]
1335 -- [ 958 3393]
1340 -- [ 751 2706]
1341 -- [2574 1194]
1342 -- [1273 2506]
1346 -- [1371 2068]
1347 -- [ 620 4398]
1349 -- [ 135 3523]
1350 -- [3603  666]
1351 -- [ 195 3578]
1356 -- [2030 1201]
1359 -- [ 778 2100]
1360 -- [ 194 2838]
1361 -- [4594  139]
1362 -- [4372  625]
1363 -- [1553 3622]
1364 -- [1694 3445]
1372 -- [1100 3626]
1375 -- [3918  436]
1378 -- [3714  120]
1390 -- [4447  463]
1393 -- [3905 1373]
1395 -- [4036 1685]
1397 -- [4133 1392]
1398 -- [1032 2642]
1400 -- [1287 2964]
1401 -- [1071 2542]
1402 -- [3225  156]
1411 -- [1038 2443]
1413 -- [4303  305]
1415 -- [1351 2928]
1417 -- [ 147 2060]
1418 -- [1352 4528]
1420 -- [1865  858]
1423 -- [3849  560]
1426 -- [2918 1224]
1427 -- [1668 4136]
1428 -- [3908  982]
1431 -- [1669 3742]
1433 -- [4105  233]
1434 -- [2918   65]
1437 -- [ 521 3529]
1438 -- [2507 1711]
1441 -- [2196 1301]
1442 -- [3714  136]
1444 -- [3306 1804]
1446 -- [1617 3574]
1450 -- [2478 1319]
1451 -- [ 793 2433]
1454 -- [1317 2861]
1457 -- [4135  337]
1458 -- [4317  449]
1460 -- [3816 1663]
1462 -- [1089 4263]
1466 -- [2213 1584]
1468 -- [1553 2322]
1471 -- [  18 2308]
1473 -- [2976 1429]
1474 -- [1869  228]
1475 -- [1951  705]
1479 -- [2580  300]
1481 -- [3908 1749]
1483 -- [3908  618]
1484 -- [ 601 2257]
1486 -- [3219 1623]
1489 -- [1466 1864]
1491 -- [4597 1091]
1493 -- [3143  739]
1494 -- [1917  145]
1500 -- [2574  843]
1501 -- [3539 1305]
1507 -- [1577 2904]
7 -time: 0.02234 -dim: (11172, 2)
8 -time: 0.00014 -dim: (7, 57)
9 -time: 4.12924 -dim: (1835400, 3)
10 -time: 5.89751 -dim: (1730141, 3)
11_12 -time: 0.20146 -dim: [110424, 2]
13 -time: 0.08175 -dim: (36808, 4)
14_15 -time: 0.03552 -dim: [798, 2]
16 -time: 0.00002 -dim: (0, 2)
17_18 -time: 0.39751 -dim: [73616, 3]
19 -time: 0.00011 -dim: (1, 1)
20 -time: 0.24319 -dim: (0, 4601)
21 -time: 0.00085 -dim: (1, 4601)
22 -time: 0.00005 -dim: (1508, 3)
23 -time: 0.00002 -dim: (1508, 3)
24 -time: 0.00003 -dim: (0, 5)
25 -time: 0.00005 -dim: (1712, 3)
26 -time: 0.00003 -dim: (1712, 3)
smtPr 22-26 -time: 0.01091 -dim: nan
slvr_header -time: 1.89976 -dim: nan
*solver* -time: 900.06706 -dim: nan
res_read -time: 0.05195 -dim: nan
-- SUM CL TIME: 11.02073          |  SUM other TIME: 902.01877          |  SUM TIME: 913.03950
