num branch_node: 7
num leaf_node: 8
num feature: 57
tree_depth: 3
num label: 2
nDC: 2432

***variables
a: 1 - 399 -> 399
s: 400 - 32606 -> 32207
z: 32607 - 69414 -> 36808
g: 69415 - 69430 -> 16
x: 69431 - 78632 -> 9202
ml: 78633 - 81028 -> 2396
cl: 81029 - 83233 -> 2205

variables***
[debug] --> CL ML ratio 1
the cl header --> p wcnf 83233 3812171 4602

timeout 900s ~/SAT_Project/loandra-master/loandra_static -pmreslin-cglim=30 -weight-strategy=1 -print-model -verbosity=1 ./solutions/spam_0.1_mc1.0_s1732_r1/phase_1_clauses_final >./solutions/spam_0.1_mc1.0_s1732_r1/phase_1_loandra_res

Start to read loandra res
*loandra status: SATISFIABLE
-ml sat and violated: 2138 | 258  | total #ml: 2396 | -violated weight: 258
39 -- [ 91 348]
49 -- [911 455]
59 -- [4430 2544]
68 -- [610 599]
77 -- [ 121 1463]
102 -- [ 985 1735]
113 -- [1812  359]
117 -- [668 133]
137 -- [4267 2695]
138 -- [3758 3318]
151 -- [973 796]
152 -- [ 724 1180]
186 -- [3260 3086]
191 -- [3582 4275]
207 -- [433 467]
211 -- [2028 3750]
214 -- [1168 1547]
222 -- [146 147]
238 -- [ 513 1580]
239 -- [  57 1812]
240 -- [1334  224]
243 -- [964 382]
252 -- [1061  729]
283 -- [1375 1629]
287 -- [632 990]
293 -- [4517 2686]
299 -- [4436 3837]
301 -- [2824 3701]
310 -- [1454 1620]
317 -- [ 375 1733]
342 -- [668 252]
343 -- [2694 3527]
347 -- [1708  983]
372 -- [623 181]
381 -- [ 195 1112]
390 -- [1662 1752]
393 -- [1670 1272]
396 -- [ 275 1718]
400 -- [1182  911]
410 -- [ 571 1143]
413 -- [1268 1618]
417 -- [ 787 1362]
418 -- [ 99 851]
425 -- [1139  136]
437 -- [1905 4001]
438 -- [ 995 1142]
442 -- [989 804]
479 -- [1211  253]
480 -- [1474 1692]
489 -- [1608 1052]
491 -- [2708 1998]
507 -- [3881 4430]
518 -- [1702  303]
525 -- [2093 4289]
527 -- [1240 1302]
533 -- [722  34]
538 -- [2480 2911]
540 -- [ 91 441]
546 -- [1573 1052]
565 -- [4517 4124]
567 -- [4367 3904]
572 -- [ 544 1691]
582 -- [4049 2986]
588 -- [3750 4164]
596 -- [472 894]
600 -- [804 393]
602 -- [ 614 1182]
603 -- [2539 2277]
615 -- [3006 2970]
627 -- [2145 2122]
636 -- [1653 1747]
644 -- [4390 3210]
649 -- [3371 2681]
658 -- [376 330]
667 -- [4289 2192]
673 -- [1679  538]
687 -- [2715 1971]
688 -- [1130  208]
690 -- [4436 1849]
694 -- [101 823]
704 -- [2547 3006]
712 -- [1318 1385]
725 -- [1230  952]
740 -- [ 93 587]
743 -- [1346   13]
746 -- [827 254]
783 -- [1639 1349]
787 -- [1781 1200]
792 -- [ 524 1190]
810 -- [1210  981]
811 -- [ 313 1746]
813 -- [1161   39]
830 -- [2330 3257]
832 -- [3463 3071]
833 -- [1644 1479]
837 -- [2838 4430]
838 -- [2360 2706]
840 -- [ 647 1064]
843 -- [1467 1778]
862 -- [3453 4293]
877 -- [1404 1735]
885 -- [3032 4147]
904 -- [1516  831]
905 -- [609 784]
912 -- [1977 2539]
914 -- [4519 2162]
938 -- [ 366 1505]
946 -- [1503 1313]
971 -- [216 775]
987 -- [513 169]
992 -- [2333 3867]
996 -- [4443 3401]
1008 -- [  33 1417]
1021 -- [1662  916]
1030 -- [1417  251]
1038 -- [ 695 1528]
1042 -- [1648  668]
1045 -- [ 117 1571]
1060 -- [1520 1143]
1065 -- [324 227]
1082 -- [1732 1154]
1108 -- [2703 4443]
1109 -- [1539  568]
1126 -- [4597 4519]
1139 -- [4350 4267]
1142 -- [ 480 1354]
1173 -- [3069 2894]
1184 -- [1033  598]
1190 -- [2170 2855]
1200 -- [2820 4430]
1215 -- [2988 3904]
1218 -- [1620  501]
1227 -- [4227 3453]
1240 -- [210 349]
1249 -- [1022  690]
1273 -- [1814 2006]
1282 -- [ 382 1493]
1288 -- [4266 4094]
1300 -- [ 717 1721]
1304 -- [204 414]
1312 -- [837 500]
1322 -- [ 531 1360]
1323 -- [529  74]
1338 -- [2337 4519]
1342 -- [1651 1411]
1375 -- [ 521 1013]
1408 -- [   2 1251]
1409 -- [4349 4266]
1416 -- [839  90]
1422 -- [ 246 1782]
1423 -- [ 529 1071]
1433 -- [1343 1156]
1469 -- [1322  757]
1476 -- [1740  717]
1481 -- [2681 2949]
1487 -- [4267 4097]
1489 -- [1731 1523]
1502 -- [1428   88]
1504 -- [4147 2245]
1507 -- [419 316]
1521 -- [1240 1473]
1524 -- [4267 2814]
1525 -- [723 335]
1546 -- [ 560 1503]
1548 -- [1648   48]
1552 -- [1708  727]
1561 -- [1905 3404]
1567 -- [1590  600]
1588 -- [4301 4289]
1590 -- [ 471 1121]
1596 -- [930 758]
1597 -- [955 650]
1603 -- [1240   45]
1606 -- [2117 2524]
1608 -- [996 726]
1612 -- [211 686]
1638 -- [4020 4267]
1650 -- [2521 2873]
1651 -- [835 816]
1659 -- [3284 2170]
1667 -- [1452 1064]
1673 -- [4360 3874]
1683 -- [1448 1510]
1686 -- [4550 4269]
1690 -- [1506 1302]
1692 -- [ 976 1673]
1699 -- [263 380]
1734 -- [3495 2638]
1737 -- [1323 1776]
1739 -- [120 743]
1748 -- [1417  340]
1749 -- [1416  871]
1753 -- [2681 2283]
1754 -- [2659 4430]
1759 -- [345  92]
1786 -- [2983 3324]
1808 -- [ 20 614]
1824 -- [1428 1187]
1843 -- [3637 3536]
1850 -- [2954 2333]
1869 -- [2432 3453]
1870 -- [911 365]
1878 -- [1202   19]
1883 -- [ 762 1769]
1894 -- [1605 1778]
1896 -- [4432 4481]
1902 -- [1683   79]
1903 -- [1033 1811]
1910 -- [ 731 1032]
1918 -- [527 216]
1922 -- [846 488]
1928 -- [2767 3281]
1929 -- [ 991 1103]
1936 -- [ 17 569]
1940 -- [380 329]
1941 -- [1415  857]
1947 -- [1015  464]
1952 -- [4266 1951]
1958 -- [1712 1584]
1977 -- [ 333 1057]
1987 -- [2634 2008]
1988 -- [1423  618]
1991 -- [ 997 1713]
1996 -- [ 406 1549]
2002 -- [3609 3260]
2008 -- [ 218 1655]
2037 -- [2334 2387]
2047 -- [ 246 1105]
2050 -- [4208 2334]
2060 -- [1760 1417]
2067 -- [1673 1798]
2084 -- [1159 1708]
2099 -- [1627   73]
2124 -- [2686 3750]
2127 -- [ 872 1161]
2144 -- [1709   93]
2147 -- [516 677]
2148 -- [2542 4018]
2154 -- [ 996 1781]
2159 -- [1653   14]
2160 -- [ 911 1699]
2186 -- [ 787 1311]
2202 -- [4269 3641]
2230 -- [1231 1691]
2241 -- [2542 2308]
2252 -- [1371 1718]
2262 -- [500 857]
2267 -- [659 707]
2268 -- [710  26]
2277 -- [2782 3260]
2284 -- [2161 4432]
2285 -- [ 742 1447]
2293 -- [1474  842]
2295 -- [4266 4514]
2298 -- [2170 3193]
2319 -- [3285 2830]
2332 -- [2122 1870]
2361 -- [1810 1335]
-cl sat and violated: 370 | 1835  | total #cl: 2205 | -violated weight: 1835
0 -- [2186  862]
1 -- [2982 1304]
2 -- [ 732 2895]
3 -- [1490 3094]
4 -- [ 117 3536]
5 -- [4405 1775]
6 -- [3757  763]
7 -- [2293  475]
8 -- [3541  831]
9 -- [ 977 3418]
10 -- [1098 2342]
11 -- [2255 1192]
12 -- [2003   70]
13 -- [3414  842]
14 -- [1175 3585]
16 -- [ 303 3767]
17 -- [3265 1070]
18 -- [1625 3289]
19 -- [ 882 2595]
22 -- [1798 3875]
23 -- [3500 1411]
24 -- [1038 1824]
25 -- [ 946 3336]
26 -- [ 777 4438]
27 -- [3848  396]
29 -- [ 275 3538]
30 -- [2171 1622]
32 -- [3564  490]
33 -- [  61 2100]
34 -- [1990 1542]
35 -- [2535  620]
36 -- [ 990 3746]
37 -- [3826 1501]
38 -- [ 798 2621]
39 -- [ 732 2275]
40 -- [3537  234]
41 -- [1056 2202]
42 -- [ 627 2496]
43 -- [3213  139]
44 -- [2346  201]
45 -- [2721 1424]
46 -- [ 643 2597]
47 -- [3235  204]
48 -- [ 262 2743]
49 -- [3958  562]
50 -- [2521 1167]
51 -- [3209 1343]
52 -- [4229  849]
53 -- [ 606 3161]
55 -- [4090  949]
56 -- [3396 1665]
57 -- [1053 2223]
58 -- [3034 1790]
59 -- [3505 1362]
61 -- [3057 1563]
62 -- [3495 1415]
63 -- [2291 1462]
64 -- [ 395 3110]
65 -- [2182 1526]
66 -- [2479  780]
67 -- [3953   41]
68 -- [ 913 4281]
69 -- [ 604 4569]
70 -- [ 297 2118]
71 -- [2081  262]
72 -- [1439 4581]
73 -- [2786  352]
74 -- [2852  531]
76 -- [1328 3596]
77 -- [2027   22]
78 -- [2103  979]
81 -- [ 856 2181]
83 -- [3193  422]
84 -- [ 961 3110]
85 -- [3522 1282]
86 -- [ 532 2897]
87 -- [3376 1615]
89 -- [ 702 4416]
90 -- [4593 1252]
91 -- [2732  445]
92 -- [3221 1508]
93 -- [1701 3003]
94 -- [ 956 3694]
95 -- [3042  801]
96 -- [1124 3104]
98 -- [1869  183]
99 -- [3949  258]
101 -- [1561 2106]
102 -- [ 892 2668]
103 -- [1859 1462]
104 -- [4202 1715]
105 -- [3457  111]
109 -- [3987 1224]
111 -- [4209 1281]
112 -- [3648 1459]
113 -- [1863  296]
114 -- [1240 3190]
115 -- [2269  232]
116 -- [1979 1343]
117 -- [ 667 3462]
120 -- [ 747 3637]
121 -- [1278 2480]
122 -- [ 940 4511]
123 -- [ 863 3859]
124 -- [3859  198]
125 -- [3604 1041]
126 -- [ 922 3968]
127 -- [3764  240]
128 -- [1102 2255]
129 -- [1362 4143]
130 -- [1553 1860]
131 -- [4382  498]
134 -- [ 984 2432]
135 -- [1059 4485]
138 -- [4375 1457]
139 -- [2785 1611]
141 -- [ 676 4378]
142 -- [ 272 3831]
143 -- [1575 1973]
144 -- [ 172 4227]
145 -- [3960  567]
146 -- [1988  977]
147 -- [4524  819]
149 -- [3297 1210]
150 -- [1862 1700]
151 -- [4531  305]
152 -- [2533  303]
154 -- [1722 4427]
156 -- [3559  453]
157 -- [1588 2293]
158 -- [1754 2868]
159 -- [ 555 3475]
160 -- [3539  164]
162 -- [ 365 4008]
163 -- [4352 1768]
164 -- [1072 1859]
165 -- [1609 4312]
166 -- [1587 3169]
167 -- [1199 4135]
169 -- [1950  615]
170 -- [1264 4388]
171 -- [3574 1459]
172 -- [1773 3057]
173 -- [3067  408]
174 -- [4293 1494]
175 -- [4485  694]
177 -- [3647  168]
178 -- [2439  605]
179 -- [1035 4044]
180 -- [1251 2384]
182 -- [  25 2248]
183 -- [ 449 3008]
184 -- [1794 4281]
185 -- [3319  334]
187 -- [ 334 2876]
188 -- [1037 4487]
189 -- [4187  708]
190 -- [4131 1412]
191 -- [ 334 3520]
192 -- [  69 1930]
193 -- [4152 1297]
194 -- [2574 1584]
195 -- [ 320 2760]
198 -- [2478  693]
199 -- [1706 4310]
200 -- [3802 1035]
201 -- [3214 1090]
203 -- [1399 3602]
204 -- [3555  990]
205 -- [2415 1487]
206 -- [ 813 2453]
207 -- [ 814 3805]
208 -- [1187 3294]
209 -- [1700 3252]
213 -- [4593  519]
214 -- [3046 1323]
215 -- [1151 4422]
216 -- [2671 1243]
217 -- [ 323 3913]
219 -- [1896   55]
220 -- [2328  310]
222 -- [1378 4101]
223 -- [2431  905]
224 -- [3511  543]
225 -- [2102 1572]
227 -- [2989 1175]
229 -- [ 309 3543]
230 -- [3290  183]
231 -- [ 486 3962]
233 -- [ 493 3658]
234 -- [  74 2128]
235 -- [4357  906]
236 -- [4211 1794]
237 -- [2722 1024]
238 -- [  37 4290]
240 -- [1459 2023]
241 -- [4202  222]
242 -- [2060 1398]
243 -- [3745 1343]
244 -- [1140 2677]
245 -- [1157 3545]
246 -- [3491 1221]
247 -- [3235 1788]
248 -- [2484 1546]
249 -- [3154  872]
250 -- [  41 3407]
251 -- [3551  507]
252 -- [3967  476]
253 -- [1754 2625]
254 -- [   8 4242]
255 -- [3940  580]
256 -- [ 525 3168]
257 -- [2480 1363]
260 -- [4135  202]
261 -- [4466  575]
262 -- [ 299 3775]
263 -- [ 563 2362]
264 -- [3542  776]
265 -- [1211 3439]
266 -- [2092  683]
267 -- [2057  101]
269 -- [4337 1572]
270 -- [1563 2441]
271 -- [2306  204]
272 -- [2086   15]
273 -- [ 166 2872]
274 -- [4511  965]
275 -- [2320  342]
276 -- [3698  175]
277 -- [ 323 3441]
278 -- [1359 4515]
279 -- [ 815 2812]
280 -- [1745 3662]
281 -- [2615 1142]
282 -- [1625 3972]
283 -- [ 272 4526]
284 -- [3648  187]
285 -- [3613  868]
286 -- [4561   29]
287 -- [2069   63]
288 -- [1169 3461]
289 -- [ 983 3275]
290 -- [2633  436]
291 -- [1463 4155]
292 -- [2874  660]
293 -- [3323 1585]
294 -- [1968 1373]
295 -- [2800  306]
296 -- [2566   34]
297 -- [ 237 2593]
298 -- [3849  209]
299 -- [3438  617]
300 -- [3395 1701]
301 -- [1169 3992]
302 -- [4503  328]
303 -- [2521 1667]
304 -- [ 459 3022]
306 -- [2094 1746]
307 -- [4312 1005]
308 -- [2892  970]
309 -- [4466  658]
310 -- [3386 1016]
311 -- [1066 3261]
312 -- [ 426 2576]
313 -- [3920 1096]
314 -- [ 337 2865]
315 -- [2112 1685]
317 -- [4245  266]
318 -- [   8 3996]
320 -- [1478 1873]
321 -- [ 204 3376]
322 -- [2572 1694]
324 -- [1049 2862]
325 -- [ 399 4189]
327 -- [2291  736]
328 -- [3226 1398]
329 -- [4130 1666]
330 -- [4314  348]
331 -- [ 931 3011]
332 -- [3432  340]
333 -- [1019 2047]
334 -- [ 736 4215]
335 -- [1037 2761]
336 -- [ 505 2281]
338 -- [3466 1666]
339 -- [  61 3743]
340 -- [ 533 3337]
341 -- [1441 2553]
342 -- [2565 1623]
343 -- [ 349 2276]
344 -- [1451 4370]
345 -- [1590 2625]
346 -- [2305 1282]
347 -- [4568  845]
348 -- [1010 4279]
349 -- [ 903 1818]
350 -- [2023  590]
351 -- [1277 3684]
352 -- [1831  866]
353 -- [ 107 2021]
354 -- [4206  605]
355 -- [1150 2983]
356 -- [4284 1590]
357 -- [3122   72]
359 -- [1445 3577]
360 -- [1071 3153]
361 -- [1204 4160]
362 -- [3329 1275]
363 -- [ 649 3910]
364 -- [1250 2041]
365 -- [4339  573]
366 -- [ 672 3783]
367 -- [ 315 3475]
370 -- [2011 1419]
371 -- [4006  616]
372 -- [3704 1113]
373 -- [ 189 2168]
374 -- [1418 3848]
376 -- [ 148 2103]
377 -- [2434   89]
380 -- [ 902 4510]
382 -- [3498 1792]
383 -- [ 563 3549]
384 -- [1407 4538]
385 -- [1782 3995]
386 -- [3596  907]
388 -- [2453  590]
390 -- [1260 2596]
391 -- [1657 2649]
393 -- [3925 1375]
394 -- [1774 1922]
396 -- [4329  976]
399 -- [3722  483]
400 -- [2218  272]
401 -- [ 250 4146]
402 -- [1381 1866]
403 -- [1391 3069]
404 -- [ 155 2670]
405 -- [1443 4572]
406 -- [4127 1799]
407 -- [2059 1802]
408 -- [3798    7]
410 -- [3832  806]
411 -- [ 143 2303]
412 -- [1503 3887]
413 -- [3813 1452]
414 -- [4474  314]
415 -- [ 396 3599]
416 -- [2747  939]
417 -- [2462  552]
418 -- [ 785 2980]
419 -- [2477  455]
421 -- [ 681 3284]
422 -- [3069 1055]
423 -- [ 564 2061]
424 -- [ 553 2287]
427 -- [2419   31]
429 -- [3669   34]
430 -- [3005   67]
431 -- [1454 1959]
432 -- [4409 1785]
433 -- [2298 1347]
434 -- [1697 2499]
435 -- [1006 2090]
436 -- [2925   84]
437 -- [ 843 3429]
438 -- [1457 4589]
440 -- [4068 1101]
441 -- [3567  956]
442 -- [3476 1259]
443 -- [2550 1399]
444 -- [1749 1855]
445 -- [3184 1562]
446 -- [1873   76]
448 -- [1611 4330]
449 -- [4404 1040]
451 -- [4531 1668]
454 -- [2056 1805]
455 -- [ 269 3720]
456 -- [3590 1547]
457 -- [ 752 2285]
458 -- [ 373 1869]
459 -- [3955 1054]
461 -- [1727 2610]
462 -- [2409  711]
463 -- [1716 3999]
464 -- [ 919 2769]
465 -- [4250   68]
466 -- [ 587 3134]
467 -- [3808  676]
468 -- [1028 3626]
469 -- [2238 1449]
470 -- [1571 2776]
473 -- [ 574 4359]
474 -- [ 592 4500]
475 -- [3560  444]
476 -- [2512  893]
477 -- [ 337 2535]
478 -- [1654 3151]
479 -- [1283 3964]
480 -- [4422  432]
481 -- [3975 1146]
482 -- [3432  182]
484 -- [1164 3670]
485 -- [3603 1697]
486 -- [2750  548]
487 -- [3720  156]
489 -- [ 962 1988]
490 -- [ 791 4470]
492 -- [4552 1637]
493 -- [3678  958]
494 -- [4247  860]
495 -- [ 791 4378]
496 -- [ 296 4477]
497 -- [1270 2632]
498 -- [2698 1703]
499 -- [3556  458]
500 -- [2746 1711]
501 -- [  26 3358]
502 -- [ 692 3220]
504 -- [  43 4367]
505 -- [ 101 2038]
506 -- [1695 2421]
508 -- [ 590 4374]
509 -- [  18 3135]
510 -- [1715 3956]
511 -- [ 269 2793]
514 -- [3751  193]
516 -- [ 300 2545]
517 -- [1090 1913]
518 -- [ 579 3041]
519 -- [3237 1369]
520 -- [4173  758]
524 -- [ 512 2706]
525 -- [ 311 2656]
526 -- [ 148 4178]
527 -- [1437 4404]
528 -- [2243   84]
529 -- [ 136 2737]
530 -- [2476  173]
531 -- [ 188 3464]
532 -- [2900 1563]
533 -- [ 587 3332]
534 -- [3551 1760]
535 -- [1184 3754]
536 -- [  13 3118]
537 -- [1006 2128]
538 -- [1761 4478]
539 -- [1968  360]
540 -- [4251 1012]
542 -- [ 751 1841]
543 -- [2247 1745]
544 -- [2196 1118]
545 -- [2284 1011]
547 -- [1387 2965]
548 -- [3963 1420]
549 -- [1530 2875]
550 -- [ 602 2547]
551 -- [3033  360]
552 -- [1293 2054]
554 -- [1674 3010]
555 -- [3673  465]
556 -- [ 222 2698]
557 -- [1621 4064]
558 -- [1866 1011]
559 -- [3572  101]
562 -- [1135 2077]
563 -- [ 385 2223]
564 -- [ 630 2148]
565 -- [3002 1707]
566 -- [2695 1765]
567 -- [1640 2231]
568 -- [4270  826]
569 -- [2541  685]
570 -- [2883 1233]
571 -- [1457 3916]
572 -- [4586  196]
574 -- [ 357 3072]
575 -- [ 684 4387]
576 -- [1150 4405]
577 -- [4347  868]
578 -- [ 296 3052]
579 -- [4393  225]
580 -- [ 500 1972]
581 -- [ 441 4149]
582 -- [1754 4180]
583 -- [1698 3864]
584 -- [ 402 2196]
585 -- [3590 1144]
586 -- [ 528 4115]
587 -- [2074  226]
588 -- [1113 1870]
589 -- [1881  553]
590 -- [3857  712]
591 -- [ 793 2808]
592 -- [ 790 2878]
593 -- [2045  754]
594 -- [3163  662]
595 -- [ 404 3973]
596 -- [2965 1754]
598 -- [2136 1493]
599 -- [ 833 3472]
600 -- [3654 1794]
601 -- [1970 1151]
602 -- [3996  331]
603 -- [1219 3755]
604 -- [2004  128]
605 -- [2431 1668]
606 -- [1298 1987]
607 -- [3728  836]
608 -- [1745 2674]
609 -- [2365  168]
610 -- [3585  901]
611 -- [ 575 4283]
612 -- [4437 1148]
614 -- [ 258 2596]
615 -- [1513 4168]
616 -- [3613  517]
617 -- [3669   20]
618 -- [ 199 2242]
619 -- [3685 1781]
622 -- [1279 3032]
623 -- [3745  855]
624 -- [3452  876]
625 -- [ 359 2521]
626 -- [1436 2492]
627 -- [1225 2000]
628 -- [2280 1407]
630 -- [ 854 1866]
631 -- [2343  343]
632 -- [ 255 2085]
633 -- [ 975 1972]
635 -- [1450 3203]
637 -- [3057  864]
638 -- [2597 1186]
639 -- [ 685 3670]
640 -- [2256  169]
641 -- [1777 3181]
642 -- [1880 1459]
644 -- [ 393 2311]
645 -- [ 465 2252]
647 -- [1783 3087]
648 -- [ 990 2969]
650 -- [  51 3310]
651 -- [ 444 1987]
652 -- [4075  331]
653 -- [ 819 2070]
654 -- [1768 3092]
655 -- [3047  197]
656 -- [2726 1181]
657 -- [1352 3974]
658 -- [ 725 3990]
659 -- [ 235 1918]
660 -- [3175  228]
661 -- [1560 2577]
662 -- [2894  170]
663 -- [ 228 3268]
664 -- [3286 1254]
665 -- [4337  334]
666 -- [3410 1375]
668 -- [1110 3051]
669 -- [1016 3898]
670 -- [1408 4336]
671 -- [3408  163]
673 -- [1517 4231]
674 -- [ 591 1936]
675 -- [2189  153]
676 -- [1386 3243]
677 -- [4342 1002]
680 -- [1562 4491]
681 -- [3013 1789]
682 -- [1694 2224]
683 -- [ 264 3387]
684 -- [ 457 2970]
685 -- [1087 4192]
686 -- [3433  854]
689 -- [4149  759]
690 -- [ 522 2194]
692 -- [2336  104]
693 -- [2340  689]
694 -- [2590 1099]
695 -- [  59 2560]
696 -- [4000   17]
697 -- [3930 1358]
698 -- [1582 4392]
699 -- [ 630 3367]
700 -- [3842 1126]
702 -- [2546  559]
703 -- [ 465 4130]
704 -- [ 983 3501]
705 -- [ 472 3509]
706 -- [4297 1412]
708 -- [2036 1115]
709 -- [2510  356]
711 -- [3018 1031]
712 -- [3002 1289]
713 -- [2891  854]
714 -- [ 962 2440]
715 -- [1088 2519]
716 -- [3605 1644]
717 -- [ 583 2114]
719 -- [4373 1460]
720 -- [ 188 2419]
721 -- [2225 1396]
722 -- [ 103 2306]
723 -- [3070  638]
724 -- [4474  863]
725 -- [ 857 2734]
726 -- [4347  505]
727 -- [3407 1589]
728 -- [ 362 3180]
729 -- [2972  434]
732 -- [ 471 4414]
733 -- [1217 2760]
734 -- [2798  975]
735 -- [2860  964]
738 -- [ 815 3231]
739 -- [ 862 1896]
740 -- [ 545 4000]
741 -- [ 474 3227]
742 -- [ 169 3208]
744 -- [2250 1514]
745 -- [3235 1701]
746 -- [4234  492]
747 -- [3974  921]
748 -- [ 443 2160]
749 -- [3141 1797]
751 -- [3677  917]
752 -- [2225  895]
753 -- [ 593 2688]
754 -- [1823 1800]
755 -- [2662 1804]
756 -- [3515 1258]
759 -- [2674  388]
760 -- [1125 3356]
761 -- [  25 4586]
762 -- [3508 1524]
763 -- [2015  379]
764 -- [ 555 3708]
765 -- [2591  535]
767 -- [1803 2446]
768 -- [2355   29]
769 -- [2298  586]
770 -- [1492 3145]
771 -- [1078 3982]
772 -- [2836  110]
773 -- [4035 1697]
774 -- [2164 1293]
775 -- [2802  226]
776 -- [2513 1774]
777 -- [ 434 3452]
778 -- [1937   99]
779 -- [3001 1450]
781 -- [ 243 2009]
783 -- [3188  988]
784 -- [2525  124]
785 -- [1661 2442]
788 -- [1138 3496]
790 -- [ 940 4497]
791 -- [1336 1979]
792 -- [4233  208]
793 -- [1491 3788]
794 -- [1125 4593]
795 -- [3984  197]
796 -- [4384  911]
797 -- [ 890 3723]
798 -- [1382 3017]
799 -- [ 589 3772]
803 -- [3604  568]
806 -- [ 212 2832]
808 -- [ 214 3753]
810 -- [4201    3]
811 -- [4564 1720]
812 -- [ 281 2950]
813 -- [3434 1086]
814 -- [1515 1879]
815 -- [ 902 3950]
816 -- [3509 1779]
819 -- [3642 1583]
820 -- [1216 2674]
821 -- [3726  387]
822 -- [1255 3251]
823 -- [1747 2153]
824 -- [1384 3337]
825 -- [2319  619]
826 -- [2553  606]
827 -- [2879  715]
828 -- [4279  107]
829 -- [1087 2414]
830 -- [1778 4439]
831 -- [2448  954]
832 -- [4106 1774]
833 -- [4554  643]
834 -- [2675 1726]
835 -- [1271 3170]
836 -- [2852   89]
837 -- [2963  852]
838 -- [ 463 2225]
839 -- [2960   90]
841 -- [1390 4524]
842 -- [1548 2586]
844 -- [2348   10]
845 -- [ 464 3044]
846 -- [1080 3507]
847 -- [2741  898]
848 -- [2694  144]
849 -- [2097 1020]
850 -- [ 541 4482]
851 -- [1760 3363]
852 -- [1304 2418]
853 -- [3760  974]
854 -- [1545 4237]
855 -- [2055 1752]
857 -- [3404  749]
858 -- [1183 3592]
859 -- [3850   51]
860 -- [2114   62]
861 -- [4354  716]
862 -- [2946  767]
863 -- [1227 3494]
864 -- [ 864 2405]
866 -- [2548  336]
868 -- [ 143 4162]
870 -- [1255 2425]
871 -- [1918  574]
872 -- [ 526 2354]
873 -- [1022 4262]
875 -- [ 209 1903]
876 -- [2382 1537]
878 -- [4523  681]
879 -- [3208 1642]
880 -- [1891  626]
881 -- [2926  809]
882 -- [1301 2804]
883 -- [1560 2340]
884 -- [2553  169]
885 -- [1072 3876]
886 -- [1580 4576]
887 -- [3219  891]
888 -- [3154 1802]
889 -- [1825  915]
891 -- [2526  185]
892 -- [3395  535]
893 -- [1093 4373]
894 -- [ 348 2467]
895 -- [1341 4367]
896 -- [3679  315]
898 -- [1974 1163]
900 -- [ 374 2087]
902 -- [2260  846]
904 -- [2271  840]
905 -- [ 557 2777]
906 -- [ 336 3350]
909 -- [1944  305]
910 -- [1124 2969]
911 -- [1129 4145]
912 -- [4392 1415]
913 -- [ 830 4542]
914 -- [4556 1783]
915 -- [1023 2266]
916 -- [ 249 2149]
917 -- [4392    6]
918 -- [ 131 3725]
919 -- [2052 1526]
921 -- [1415 3948]
922 -- [ 487 2925]
923 -- [1504 4454]
924 -- [ 898 2402]
925 -- [ 328 3699]
926 -- [2340  656]
927 -- [4441 1567]
928 -- [2779  381]
929 -- [4067  290]
930 -- [ 258 3694]
931 -- [1201 4083]
932 -- [1097 4598]
933 -- [ 843 2736]
934 -- [ 738 4423]
936 -- [3846 1107]
937 -- [1689 4596]
938 -- [2064  954]
939 -- [ 726 3876]
940 -- [3992 1782]
941 -- [ 407 3743]
942 -- [3574   10]
943 -- [3698  972]
944 -- [2558 1797]
945 -- [3846  125]
946 -- [3336  249]
947 -- [ 548 2957]
950 -- [ 194 1966]
951 -- [ 520 2696]
952 -- [3637  189]
953 -- [3898  756]
954 -- [3554  954]
955 -- [ 309 2731]
957 -- [2226 1041]
958 -- [3856  966]
959 -- [2895  309]
961 -- [2739  764]
962 -- [3643  100]
963 -- [ 232 4415]
965 -- [1254 3913]
966 -- [3027   33]
967 -- [3348 1521]
968 -- [3381 1151]
969 -- [4504 1723]
970 -- [3310 1466]
971 -- [  46 4265]
972 -- [1323 2347]
973 -- [1456 2053]
974 -- [ 728 2139]
975 -- [2289  101]
976 -- [ 711 2512]
977 -- [1962  262]
978 -- [1903 1300]
979 -- [4209  970]
981 -- [ 140 3392]
982 -- [2617  348]
983 -- [3713 1250]
984 -- [ 463 2041]
985 -- [ 585 3625]
986 -- [3591  604]
987 -- [3472 1307]
988 -- [ 874 2301]
989 -- [3840  193]
990 -- [4553 1799]
991 -- [4203  626]
992 -- [ 905 3441]
993 -- [3851  657]
995 -- [  75 3053]
996 -- [1382 3919]
998 -- [3682   30]
999 -- [3812 1372]
1000 -- [1777 4421]
1001 -- [ 150 2053]
1002 -- [3693 1678]
1003 -- [4243  207]
1004 -- [1770 2561]
1005 -- [2328 1189]
1006 -- [1597 4543]
1009 -- [3289   52]
1011 -- [ 427 4274]
1012 -- [2699  479]
1013 -- [ 534 2316]
1016 -- [ 832 2622]
1017 -- [4045 1337]
1019 -- [2083  396]
1020 -- [3252  182]
1021 -- [ 133 3048]
1022 -- [ 441 3920]
1025 -- [1259 2019]
1026 -- [ 193 3562]
1027 -- [1056 2772]
1028 -- [4226 1223]
1029 -- [2236  332]
1030 -- [ 745 2143]
1032 -- [ 887 4504]
1033 -- [1320 2545]
1034 -- [3631 1050]
1035 -- [1514 3092]
1036 -- [1040 2823]
1038 -- [2783  745]
1039 -- [ 361 3573]
1042 -- [4554 1507]
1044 -- [1190 2804]
1045 -- [3542 1270]
1046 -- [2880 1775]
1047 -- [ 627 4207]
1048 -- [ 549 2380]
1049 -- [3426  369]
1050 -- [ 544 2364]
1051 -- [4046  907]
1052 -- [ 829 3134]
1053 -- [ 187 2861]
1054 -- [2011 1096]
1056 -- [3602  590]
1057 -- [2472  179]
1058 -- [3424 1289]
1059 -- [4204  184]
1060 -- [2285  130]
1061 -- [2769 1283]
1062 -- [1451 3498]
1064 -- [ 453 2271]
1065 -- [1890 1373]
1066 -- [ 223 3653]
1067 -- [3614 1586]
1068 -- [3654  391]
1069 -- [2021  262]
1070 -- [ 282 2293]
1071 -- [4450 1421]
1072 -- [ 853 2527]
1073 -- [ 281 2313]
1074 -- [1487 3126]
1075 -- [  39 2458]
1076 -- [1305 2438]
1077 -- [3761  481]
1078 -- [1968  281]
1080 -- [2890 1521]
1081 -- [2729  202]
1082 -- [2082  160]
1084 -- [2013 1026]
1085 -- [1222 4295]
1086 -- [1857  496]
1087 -- [1337 4355]
1088 -- [3419  118]
1089 -- [3505  859]
1090 -- [3818   59]
1091 -- [ 767 1955]
1092 -- [4544  616]
1093 -- [1687 3066]
1094 -- [ 664 3412]
1095 -- [1402 3283]
1096 -- [1206 3068]
1097 -- [2593  339]
1098 -- [1760 2700]
1099 -- [2222 1504]
1100 -- [ 542 1815]
1102 -- [1336 3130]
1103 -- [3377 1105]
1104 -- [2935 1798]
1105 -- [ 271 3658]
1106 -- [ 366 3679]
1107 -- [3278 1699]
1108 -- [  51 4006]
1110 -- [ 934 4146]
1111 -- [ 773 3299]
1113 -- [2314 1698]
1114 -- [1680 3927]
1115 -- [2434 1100]
1116 -- [1366 2923]
1117 -- [2718   82]
1118 -- [3476 1224]
1119 -- [3727    4]
1120 -- [2177  744]
1121 -- [3197 1556]
1122 -- [4207  882]
1123 -- [4291 1179]
1125 -- [1488 3648]
1126 -- [ 329 2999]
1127 -- [2311 1414]
1128 -- [1644 1815]
1131 -- [  36 3560]
1132 -- [  42 4555]
1133 -- [3411  280]
1134 -- [2860 1149]
1135 -- [2771 1469]
1136 -- [ 178 4114]
1139 -- [ 268 4399]
1141 -- [2162  697]
1142 -- [3225  465]
1143 -- [2722 1443]
1144 -- [2472  814]
1145 -- [2156  509]
1146 -- [1189 2566]
1148 -- [ 915 3739]
1149 -- [2697  326]
1150 -- [2411 1488]
1151 -- [2788  256]
1152 -- [3425  125]
1154 -- [4173   85]
1155 -- [3960 1249]
1156 -- [1094 3399]
1157 -- [ 309 3772]
1158 -- [2838  847]
1159 -- [4284  369]
1160 -- [3064  760]
1161 -- [2909  518]
1162 -- [3637 1553]
1163 -- [4462 1717]
1164 -- [ 656 3715]
1165 -- [1945  879]
1166 -- [1264 4172]
1167 -- [2565 1243]
1168 -- [1281 2168]
1169 -- [3998  133]
1170 -- [4337  363]
1171 -- [ 979 1818]
1172 -- [3026  645]
1173 -- [3440 1035]
1174 -- [1197 2284]
1175 -- [ 358 3739]
1176 -- [4091 1736]
1177 -- [ 596 3067]
1178 -- [3231 1730]
1179 -- [3680  514]
1181 -- [4211  136]
1183 -- [3420  770]
1185 -- [1298 4393]
1186 -- [ 734 2272]
1188 -- [2039  130]
1189 -- [1285 3166]
1190 -- [  31 3656]
1191 -- [1086 3391]
1192 -- [1118 2416]
1194 -- [ 764 2619]
1195 -- [4095 1251]
1196 -- [3539  443]
1197 -- [ 702 3397]
1198 -- [3134 1308]
1199 -- [3441  102]
1200 -- [1438 3571]
1202 -- [2598  973]
1203 -- [3813  278]
1204 -- [1717 2226]
1205 -- [3186  585]
1206 -- [1063 3677]
1207 -- [ 454 2968]
1208 -- [1550 3840]
1210 -- [3630 1775]
1213 -- [4382  512]
1214 -- [ 204 2323]
1215 -- [3445 1722]
1216 -- [ 476 2989]
1217 -- [1495 2958]
1218 -- [3480 1086]
1219 -- [3189   74]
1220 -- [1923 1570]
1221 -- [3208 1071]
1223 -- [ 916 3979]
1224 -- [2338 1072]
1225 -- [2063   55]
1226 -- [ 779 4093]
1227 -- [2559  873]
1228 -- [1792 2076]
1230 -- [2297 1050]
1231 -- [ 510 3005]
1232 -- [4293  415]
1235 -- [ 939 2998]
1236 -- [2062   63]
1237 -- [ 977 3395]
1238 -- [3422  459]
1239 -- [1966 1489]
1240 -- [3247 1384]
1241 -- [1201 3409]
1242 -- [1796 4268]
1243 -- [1618 2391]
1244 -- [3243 1652]
1245 -- [3816  461]
1246 -- [4587  926]
1247 -- [1396 3390]
1250 -- [1173 2577]
1252 -- [3781  657]
1256 -- [ 922 2948]
1257 -- [ 599 3358]
1258 -- [2241  581]
1259 -- [ 549 3077]
1260 -- [ 484 3450]
1261 -- [ 735 3001]
1267 -- [4056 1518]
1268 -- [3273  818]
1269 -- [3975  808]
1270 -- [3000 1053]
1272 -- [2310 1434]
1273 -- [ 466 3028]
1274 -- [2948  867]
1275 -- [ 111 3120]
1276 -- [   0 1822]
1277 -- [1747 4141]
1278 -- [ 749 2096]
1279 -- [3525  458]
1280 -- [2126 1757]
1281 -- [2310  491]
1282 -- [2771  729]
1283 -- [3371 1342]
1285 -- [3188  634]
1286 -- [1815 1372]
1287 -- [ 240 2474]
1288 -- [4023 1169]
1289 -- [2897  456]
1290 -- [ 692 4439]
1291 -- [3154  157]
1292 -- [1650 3967]
1293 -- [2339 1386]
1295 -- [3215  931]
1296 -- [3357  214]
1297 -- [1129 2385]
1298 -- [3840  135]
1299 -- [ 461 3986]
1300 -- [2851  450]
1301 -- [1770 2543]
1302 -- [4198 1554]
1303 -- [3447 1550]
1304 -- [3474 1497]
1305 -- [4423 1299]
1306 -- [1837 1028]
1307 -- [ 999 2971]
1309 -- [2732  578]
1310 -- [4326  203]
1311 -- [4218 1146]
1312 -- [1642 2164]
1313 -- [ 854 3521]
1314 -- [ 852 3818]
1315 -- [1661 4019]
1317 -- [ 702 3208]
1319 -- [1343 2768]
1322 -- [4062  555]
1323 -- [2740   74]
1325 -- [1903 1190]
1326 -- [3204 1066]
1328 -- [1572 3374]
1329 -- [3481  344]
1332 -- [2784 1400]
1333 -- [2570 1270]
1334 -- [1747 3787]
1335 -- [1149 2323]
1336 -- [1726 4214]
1337 -- [1918  486]
1338 -- [1058 3656]
1339 -- [ 363 3294]
1340 -- [4155  525]
1341 -- [ 446 3052]
1343 -- [3933  958]
1344 -- [ 729 3502]
1346 -- [4099 1148]
1347 -- [3984 1206]
1348 -- [3164  368]
1349 -- [2104  334]
1350 -- [2402 1217]
1352 -- [1695 4073]
1353 -- [2449  577]
1354 -- [1775 4387]
1355 -- [ 192 2633]
1356 -- [ 599 4283]
1357 -- [2471  473]
1358 -- [ 675 3138]
1359 -- [1317 4589]
1361 -- [3211  256]
1362 -- [4051 1594]
1363 -- [ 738 2620]
1364 -- [3626  439]
1365 -- [1728 4342]
1366 -- [1593 1906]
1367 -- [ 592 3566]
1368 -- [2832 1552]
1369 -- [1201 3577]
1370 -- [3147  768]
1372 -- [1207 2741]
1373 -- [ 361 3920]
1375 -- [4159 1251]
1376 -- [1681 2480]
1377 -- [ 146 4467]
1380 -- [3381  761]
1382 -- [1724 2478]
1383 -- [4381  797]
1384 -- [2150  718]
1386 -- [3816  598]
1387 -- [1126 4334]
1388 -- [1460 1825]
1389 -- [2389  913]
1391 -- [3563  538]
1392 -- [2221  390]
1393 -- [4531  348]
1395 -- [3511   89]
1396 -- [1550 3667]
1397 -- [1178 4481]
1398 -- [1227 3587]
1399 -- [ 589 3319]
1400 -- [3126 1677]
1401 -- [ 151 2089]
1402 -- [1948  356]
1403 -- [2724  286]
1405 -- [1177 2260]
1407 -- [3956  675]
1408 -- [ 954 3506]
1409 -- [ 399 2273]
1411 -- [2595   58]
1412 -- [ 399 2118]
1413 -- [2510  770]
1414 -- [3216 1338]
1415 -- [2285  783]
1416 -- [2995 1531]
1417 -- [ 123 3984]
1418 -- [1375 3096]
1419 -- [ 711 2680]
1420 -- [1596 3320]
1421 -- [3427  208]
1422 -- [1947  323]
1423 -- [4488  127]
1424 -- [1635 1976]
1425 -- [2563 1490]
1426 -- [2710 1786]
1428 -- [1984  114]
1429 -- [1217 1958]
1430 -- [2206 1352]
1431 -- [2521  773]
1432 -- [2273 1122]
1433 -- [ 132 3928]
1434 -- [ 701 3255]
1435 -- [4280  333]
1438 -- [2877 1527]
1441 -- [1048 2872]
1442 -- [1855  501]
1443 -- [4531 1719]
1444 -- [1066 2612]
1445 -- [1841 1041]
1447 -- [3748  378]
1448 -- [1341 4507]
1449 -- [1567 3753]
1450 -- [3288  115]
1452 -- [2824  664]
1453 -- [2886  111]
1454 -- [2214 1418]
1455 -- [2982  247]
1456 -- [3227  648]
1457 -- [1538 3422]
1458 -- [4439  400]
1460 -- [ 948 2010]
1462 -- [1103 2823]
1464 -- [ 625 3038]
1465 -- [1723 3758]
1466 -- [4048  541]
1467 -- [3486 1162]
1468 -- [2734 1735]
1470 -- [1507 4304]
1471 -- [ 572 3592]
1472 -- [ 917 2806]
1473 -- [ 928 3386]
1474 -- [ 977 3145]
1475 -- [2347  369]
1476 -- [2118 1726]
1477 -- [1748 3501]
1478 -- [2841 1506]
1479 -- [2559 1048]
1480 -- [ 730 3510]
1481 -- [2405  247]
1482 -- [ 345 1864]
1483 -- [2901  523]
1484 -- [2660  741]
1486 -- [3911   47]
1487 -- [ 764 4260]
1488 -- [3874 1204]
1489 -- [3778  656]
1490 -- [4170 1085]
1491 -- [1129 3356]
1492 -- [ 621 1946]
1494 -- [2691  924]
1495 -- [2033  474]
1496 -- [1966  206]
1497 -- [4323  226]
1499 -- [ 704 3586]
1500 -- [ 901 2926]
1501 -- [ 766 2565]
1503 -- [2622 1287]
1504 -- [1029 4251]
1505 -- [ 631 4515]
1506 -- [2475 1659]
1507 -- [1657 3816]
1508 -- [ 988 4244]
1509 -- [ 856 2356]
1511 -- [3969  108]
1512 -- [ 394 3745]
1513 -- [1610 2112]
1515 -- [2387  308]
1516 -- [ 576 4172]
1517 -- [2815 1341]
1518 -- [1232 3265]
1519 -- [ 999 3775]
1521 -- [1901  616]
1522 -- [3715  976]
1523 -- [4110  646]
1524 -- [4346  128]
1525 -- [ 472 3596]
1527 -- [  79 2918]
1528 -- [ 792 3018]
1529 -- [3335 1622]
1530 -- [2902  272]
1531 -- [ 766 2640]
1532 -- [2196 1011]
1533 -- [1234 4512]
1534 -- [1204 4014]
1535 -- [  72 2083]
1536 -- [4454  817]
1538 -- [1660 3595]
1540 -- [  25 2078]
1541 -- [1034 4376]
1542 -- [2729  154]
1543 -- [2685 1411]
1544 -- [4487  611]
1545 -- [  16 2843]
1547 -- [2261  322]
1548 -- [1432 4078]
1549 -- [ 627 2504]
1550 -- [3239  948]
1551 -- [2575 1045]
1553 -- [1242 3428]
1554 -- [3675 1377]
1555 -- [2988 1617]
1557 -- [1554 4359]
1558 -- [3898  235]
1559 -- [1623 2650]
1560 -- [3753  829]
1561 -- [2130 1525]
1562 -- [2445 1080]
1563 -- [4004  533]
1564 -- [3767  545]
1565 -- [3141 1630]
1566 -- [2004  393]
1567 -- [2846  907]
1569 -- [4435  156]
1570 -- [  10 3379]
1571 -- [2437 1321]
1572 -- [ 250 3279]
1574 -- [3993   62]
1576 -- [2626  486]
1577 -- [4056 1278]
1578 -- [4528 1267]
1579 -- [ 459 2139]
1580 -- [2980 1690]
1581 -- [1212 3596]
1582 -- [4484 1743]
1583 -- [ 655 2409]
1584 -- [1728 2235]
1585 -- [3054 1205]
1586 -- [3058  697]
1587 -- [3047  866]
1588 -- [1396 3674]
1589 -- [1103 3142]
1592 -- [4160   82]
1593 -- [ 189 2128]
1594 -- [2667  108]
1596 -- [2802   53]
1597 -- [1533 2558]
1598 -- [ 112 2788]
1599 -- [1504 2476]
1600 -- [4282 1344]
1601 -- [3186  938]
1602 -- [ 774 3243]
1603 -- [3421 1107]
1604 -- [3714 1038]
1605 -- [ 606 2786]
1606 -- [1182 2977]
1607 -- [ 853 2265]
1608 -- [ 672 2684]
1609 -- [3792  955]
1610 -- [1850  501]
1611 -- [ 728 3303]
1612 -- [3154  654]
1613 -- [1224 4280]
1614 -- [4221 1131]
1615 -- [1195 1895]
1616 -- [3557  547]
1619 -- [  36 3543]
1621 -- [3505  867]
1623 -- [1681 3391]
1624 -- [ 783 3840]
1625 -- [1091 4552]
1628 -- [1321 3729]
1629 -- [ 676 4008]
1633 -- [2963  267]
1634 -- [2377  603]
1635 -- [2635  768]
1636 -- [1315 3222]
1637 -- [3323  840]
1638 -- [1581 4087]
1639 -- [3410  958]
1640 -- [1880  123]
1641 -- [ 625 4226]
1642 -- [ 817 1920]
1644 -- [ 652 3950]
1645 -- [ 701 3582]
1646 -- [1041 1988]
1647 -- [4204  740]
1648 -- [3530  461]
1650 -- [2467  469]
1652 -- [ 943 3621]
1653 -- [3630 1193]
1654 -- [3901  161]
1656 -- [3595 1119]
1657 -- [ 689 4506]
1658 -- [4259  172]
1660 -- [1675 4428]
1661 -- [4239 1179]
1662 -- [ 583 3126]
1663 -- [1007 3457]
1664 -- [ 831 2753]
1665 -- [ 464 1866]
1666 -- [4400  704]
1667 -- [2162  792]
1668 -- [1765 3945]
1669 -- [1647 1959]
1670 -- [3535 1630]
1671 -- [4389  506]
1672 -- [ 949 3399]
1673 -- [1124 2089]
1674 -- [3228 1590]
1675 -- [2404 1007]
1677 -- [1183 2852]
1678 -- [1993 1721]
1679 -- [3874  636]
1680 -- [1588 4374]
1681 -- [ 490 4123]
1682 -- [1249 2779]
1683 -- [4130 1786]
1684 -- [3083 1113]
1685 -- [ 545 2591]
1687 -- [3263 1482]
1688 -- [4185  115]
1690 -- [1660 2983]
1691 -- [1508 1940]
1692 -- [ 750 3643]
1693 -- [  28 2745]
1694 -- [ 594 4279]
1695 -- [4479  708]
1696 -- [ 733 3546]
1697 -- [1581 4404]
1698 -- [1457 3875]
1699 -- [  36 2174]
1700 -- [3173   53]
1701 -- [1203 3080]
1702 -- [4599 1453]
1703 -- [ 481 1837]
1704 -- [ 574 1832]
1705 -- [ 604 2550]
1706 -- [1744 3422]
1707 -- [ 830 2230]
1708 -- [ 603 3063]
1710 -- [   7 3409]
1711 -- [4351 1155]
1712 -- [2827  261]
1713 -- [4378  979]
1714 -- [1355 1889]
1715 -- [2535 1193]
1716 -- [1248 2517]
1717 -- [3631  865]
1718 -- [2044 1501]
1719 -- [1666 3319]
1722 -- [4272 1770]
1723 -- [  80 2390]
1724 -- [1106 4224]
1725 -- [2138 1271]
1726 -- [1449 3077]
1727 -- [1192 3822]
1728 -- [3878 1065]
1730 -- [1788 4428]
1731 -- [ 926 4557]
1732 -- [3067  283]
1733 -- [2410 1616]
1734 -- [2177  685]
1736 -- [  62 2607]
1737 -- [3688 1145]
1738 -- [ 909 3229]
1739 -- [1106 2477]
1741 -- [   4 1871]
1742 -- [4480 1520]
1743 -- [4412  427]
1744 -- [1228 2139]
1745 -- [3226  487]
1746 -- [3431    5]
1748 -- [ 128 4444]
1749 -- [ 486 2613]
1750 -- [ 318 3221]
1751 -- [3226 1044]
1753 -- [1955  204]
1754 -- [1123 3652]
1755 -- [1787 3052]
1756 -- [1213 2058]
1757 -- [2877  784]
1758 -- [2418  501]
1759 -- [ 579 3663]
1760 -- [3571  666]
1761 -- [4010  215]
1762 -- [2683 1112]
1764 -- [ 809 2433]
1765 -- [1632 2648]
1766 -- [2473  305]
1767 -- [ 339 4502]
1770 -- [1526 4422]
1771 -- [2248 1556]
1772 -- [1437 3653]
1773 -- [2981 1454]
1774 -- [3516 1559]
1775 -- [2232 1148]
1776 -- [3992 1797]
1777 -- [3408 1241]
1778 -- [1158 2105]
1779 -- [4318 1386]
1780 -- [ 507 3554]
1781 -- [3038 1254]
1782 -- [ 152 2630]
1783 -- [ 862 4245]
1784 -- [1665 4084]
1785 -- [2237  737]
1786 -- [ 282 3907]
1787 -- [ 301 3116]
1789 -- [1699 3972]
1790 -- [4405 1419]
1791 -- [4276 1105]
1792 -- [4403  808]
1794 -- [1000 2185]
1795 -- [1249 2143]
1796 -- [2462 1540]
1797 -- [ 644 2930]
1798 -- [3767   38]
1799 -- [3273  416]
1800 -- [4358  172]
1801 -- [1006 4419]
1802 -- [2973  520]
1803 -- [3588  881]
1804 -- [ 214 4043]
1806 -- [1538 3462]
1807 -- [  57 2884]
1808 -- [ 926 2845]
1809 -- [2863 1624]
1810 -- [  31 4234]
1811 -- [3926  783]
1812 -- [3661   84]
1813 -- [  73 2687]
1814 -- [ 307 3009]
1815 -- [1443 2650]
1816 -- [3990  497]
1817 -- [ 383 4526]
1818 -- [1781 4171]
1819 -- [3410 1462]
1821 -- [1405 2278]
1822 -- [1677 2399]
1823 -- [2596 1547]
1824 -- [  85 2059]
1825 -- [ 774 3538]
1826 -- [4401 1359]
1828 -- [ 925 3008]
1829 -- [4330 1686]
1831 -- [2101   87]
1832 -- [2562 1155]
1833 -- [1892 1805]
1834 -- [3305 1180]
1835 -- [4117 1560]
1836 -- [2996 1211]
1837 -- [ 797 2642]
1838 -- [1365 4103]
1839 -- [3565 1738]
1840 -- [1108 3243]
1841 -- [1179 1949]
1842 -- [1850  694]
1844 -- [1104 2814]
1846 -- [1123 2641]
1847 -- [  36 2924]
1848 -- [1821  355]
1849 -- [1577 1871]
1850 -- [1585 3626]
1851 -- [1379 2625]
1852 -- [ 845 2977]
1853 -- [1160 3020]
1855 -- [2688 1039]
1856 -- [2560  106]
1857 -- [1794 3648]
1858 -- [3072  941]
1859 -- [3729  196]
1860 -- [2751 1355]
1861 -- [1987  228]
1862 -- [1783 3193]
1863 -- [1210 3081]
1865 -- [1925  384]
1866 -- [1149 1927]
1867 -- [2846  149]
1868 -- [1668 2554]
1871 -- [4049 1102]
1873 -- [2543 1175]
1874 -- [ 469 3542]
1877 -- [ 155 2979]
1878 -- [1092 3899]
1880 -- [1449 4418]
1881 -- [3478 1554]
1882 -- [ 299 3804]
1883 -- [ 501 3321]
1885 -- [1579 3297]
1886 -- [1990 1116]
1887 -- [2188   70]
1888 -- [1513 2594]
1889 -- [1375 3172]
1890 -- [1237 3903]
1891 -- [3377  681]
1892 -- [3727 1569]
1893 -- [3624 1316]
1894 -- [2213  963]
1895 -- [3259  492]
1896 -- [3877   20]
1897 -- [ 809 2594]
1898 -- [ 385 4201]
1899 -- [1154 1991]
1900 -- [2365  351]
1901 -- [3392  296]
1902 -- [ 626 4244]
1904 -- [4357  970]
1905 -- [ 282 3471]
1906 -- [ 797 3151]
1907 -- [3127  505]
1908 -- [1830  617]
1909 -- [1520 2629]
1910 -- [1378 2199]
1913 -- [1305 4272]
1914 -- [2802    7]
1915 -- [3082  363]
1916 -- [3414 1115]
1917 -- [4520 1485]
1918 -- [1525 2944]
1919 -- [ 427 3774]
1920 -- [4150 1006]
1921 -- [3345 1278]
1923 -- [3051  658]
1924 -- [ 933 2928]
1925 -- [3489 1206]
1926 -- [2290 1243]
1927 -- [3498  287]
1928 -- [2172  596]
1930 -- [3200   60]
1931 -- [2820 1482]
1933 -- [ 316 4158]
1935 -- [ 269 2487]
1936 -- [2223  370]
1937 -- [3637  803]
1938 -- [3984   84]
1940 -- [1695 2120]
1942 -- [2514  148]
1943 -- [2231  479]
1944 -- [4324 1477]
1945 -- [2147 1530]
1946 -- [2180  629]
1947 -- [2463 1463]
1948 -- [2773 1504]
1950 -- [1968  793]
1953 -- [4149 1280]
1955 -- [3532  776]
1957 -- [1309 3594]
1958 -- [ 549 2410]
1959 -- [3480 1409]
1960 -- [2720   40]
1961 -- [ 608 2680]
1962 -- [4359  106]
1963 -- [ 379 3475]
1966 -- [1725 3001]
1967 -- [3719  565]
1970 -- [ 410 3467]
1972 -- [4333  344]
1973 -- [2237  204]
1974 -- [4593 1030]
1975 -- [1602 2275]
1976 -- [3383  396]
1977 -- [3461 1367]
1978 -- [3493 1318]
1979 -- [3971 1581]
1980 -- [3997 1263]
1981 -- [ 381 2049]
1982 -- [ 662 2946]
1983 -- [ 340 2946]
1984 -- [1574 3009]
1985 -- [ 326 4134]
1986 -- [2067 1401]
1987 -- [3488  798]
1988 -- [  55 2009]
1989 -- [2355 1665]
1990 -- [2217 1699]
1991 -- [2772  882]
1992 -- [2051 1154]
1993 -- [ 815 3421]
1994 -- [4392 1006]
1995 -- [4155  141]
1996 -- [ 133 3748]
1997 -- [3234  824]
1998 -- [4171 1207]
1999 -- [2082 1098]
2000 -- [3707  225]
2001 -- [ 265 4114]
2002 -- [2496 1736]
2003 -- [1952 1251]
2004 -- [  50 3059]
2005 -- [1097 2921]
2006 -- [1386 2114]
2007 -- [2744 1437]
2008 -- [ 399 3212]
2009 -- [2689 1127]
2010 -- [ 662 2465]
2011 -- [2958  130]
2013 -- [ 269 2863]
2014 -- [3081  167]
2015 -- [ 885 2035]
2016 -- [2727 1353]
2017 -- [4359 1011]
2018 -- [ 228 1914]
2019 -- [2430 1700]
2020 -- [  66 4082]
2021 -- [3272  972]
2023 -- [1866  278]
2025 -- [3399  538]
2027 -- [1283 1958]
2028 -- [  47 2429]
2030 -- [2950 1087]
2031 -- [ 532 3696]
2032 -- [ 470 2034]
2033 -- [ 988 2400]
2034 -- [ 428 3566]
2035 -- [1681 2775]
2036 -- [ 655 1941]
2037 -- [ 476 3564]
2038 -- [ 262 2245]
2039 -- [4159 1192]
2040 -- [1125 4122]
2041 -- [ 371 3184]
2042 -- [1185 3149]
2043 -- [3428  555]
2044 -- [ 986 4261]
2045 -- [ 355 3136]
2046 -- [ 596 4324]
2047 -- [3939  255]
2048 -- [4352  624]
2049 -- [ 916 3573]
2050 -- [1765 2120]
2052 -- [1360 1961]
2053 -- [1415 4155]
2054 -- [ 691 3866]
2055 -- [1082 2305]
2056 -- [1871 1016]
2057 -- [3795  860]
2058 -- [2752 1687]
2060 -- [ 957 3288]
2061 -- [4157  970]
2062 -- [3545 1104]
2063 -- [  11 2209]
2064 -- [3178  123]
2065 -- [ 340 3085]
2066 -- [2317  405]
2067 -- [1352 2922]
2068 -- [4382 1446]
2069 -- [2967   86]
2070 -- [1699 2363]
2071 -- [3226   29]
2072 -- [ 889 3326]
2074 -- [ 227 3122]
2075 -- [4568 1418]
2076 -- [1758 4449]
2077 -- [4290   30]
2078 -- [2839 1544]
2079 -- [4335  648]
2080 -- [3070 1719]
2081 -- [4132  393]
2082 -- [2826 1524]
2083 -- [ 853 4391]
2084 -- [1028 4377]
2085 -- [1280 3093]
2086 -- [ 402 3291]
2087 -- [4578 1491]
2088 -- [ 895 3873]
2089 -- [1451 3640]
2091 -- [ 799 4108]
2092 -- [ 522 2643]
2093 -- [3386   24]
2094 -- [ 329 4239]
2095 -- [1751 2346]
2096 -- [ 764 3355]
2097 -- [2904 1246]
2098 -- [1694 3927]
2100 -- [2002 1112]
2101 -- [1783 3612]
2102 -- [3084  502]
2103 -- [ 602 2713]
2104 -- [4027 1433]
2106 -- [3238 1610]
2107 -- [3272  968]
2108 -- [  81 4050]
2111 -- [  96 2958]
2112 -- [ 289 3398]
2114 -- [4179  555]
2115 -- [2882 1537]
2117 -- [3999  403]
2118 -- [ 574 2369]
2119 -- [3001  327]
2120 -- [3925  452]
2121 -- [1602 2674]
2122 -- [3055  113]
2123 -- [3261 1060]
2126 -- [1689 3043]
2127 -- [1871  353]
2129 -- [4001 1400]
2131 -- [3322  534]
2132 -- [ 868 1883]
2133 -- [3163 1687]
2134 -- [2290 1186]
2136 -- [1930 1731]
2137 -- [1415 4007]
2138 -- [1640 2981]
2140 -- [2011 1635]
2141 -- [1220 2951]
2142 -- [ 226 2409]
2143 -- [1966  204]
2144 -- [2892  849]
2145 -- [2083  773]
2146 -- [2531  665]
2147 -- [3036  194]
2148 -- [4340  175]
2149 -- [ 803 2938]
2150 -- [1603 2143]
2151 -- [4126 1146]
2152 -- [ 956 4154]
2153 -- [3067 1227]
2154 -- [4099  871]
2155 -- [3981 1452]
2156 -- [2008  993]
2158 -- [ 378 3586]
2159 -- [1561 3525]
2160 -- [3036  486]
2161 -- [1035 2978]
2162 -- [2892 1582]
2163 -- [1175 2805]
2164 -- [  90 2773]
2168 -- [4103  658]
2169 -- [3747 1292]
2170 -- [1542 3007]
2171 -- [ 626 3168]
2172 -- [1576 2936]
2176 -- [1144 2845]
2177 -- [ 479 3043]
2178 -- [1106 3881]
2179 -- [  19 2746]
2180 -- [4127  914]
2181 -- [2446  143]
2184 -- [  54 3268]
2185 -- [ 317 2947]
2186 -- [ 672 3276]
2187 -- [1001 2451]
2188 -- [2884 1366]
2189 -- [ 214 1969]
2190 -- [3012 1375]
2191 -- [2590 1181]
2192 -- [2781   29]
2193 -- [3600 1407]
2194 -- [1228 3363]
2195 -- [1753 2940]
2196 -- [1343 3700]
2197 -- [ 592 3598]
2199 -- [4470 1767]
2200 -- [1546 1933]
2201 -- [3338  257]
2202 -- [1495 4054]
2203 -- [3093  152]
2204 -- [ 394 4025]
7 -time: 0.02099 -dim: (11172, 2)
8 -time: 0.00013 -dim: (7, 57)
9 -time: 3.88074 -dim: (1835400, 3)
10 -time: 5.45683 -dim: (1730141, 3)
11_12 -time: 0.18855 -dim: [110424, 2]
13 -time: 0.07673 -dim: (36808, 4)
14_15 -time: 0.03260 -dim: [798, 2]
16 -time: 0.00001 -dim: (0, 2)
17_18 -time: 0.38257 -dim: [73616, 3]
19 -time: 0.00008 -dim: (1, 1)
20 -time: 0.22146 -dim: (0, 4601)
21 -time: 0.00078 -dim: (1, 4601)
22 -time: 0.00004 -dim: (2205, 3)
23 -time: 0.00003 -dim: (2205, 3)
24 -time: 0.00003 -dim: (0, 5)
25 -time: 0.00004 -dim: (2396, 3)
26 -time: 0.00003 -dim: (2396, 3)
smtPr 22-26 -time: 0.01395 -dim: nan
slvr_header -time: 1.39782 -dim: nan
*solver* -time: 900.07229 -dim: nan
res_read -time: 0.07204 -dim: nan
-- SUM CL TIME: 10.27559          |  SUM other TIME: 901.54215          |  SUM TIME: 911.81774
