num branch_node: 7
num leaf_node: 8
num feature: 57
tree_depth: 3
num label: 2
nDC: 2432

***variables
a: 1 - 399 -> 399
s: 400 - 32606 -> 32207
z: 32607 - 69414 -> 36808
g: 69415 - 69430 -> 16
x: 69431 - 78632 -> 9202
ml: 78633 - 81100 -> 2468
cl: 81101 - 83233 -> 2133

variables***
[debug] --> CL ML ratio 3
the cl header --> p wcnf 83233 3812171 8868

timeout 900s ~/SAT_Project/loandra-master/loandra_static -pmreslin-cglim=30 -weight-strategy=1 -print-model -verbosity=1 ./solutions/spam_0.1_mc1.0_s2352_r3/phase_1_clauses_final >./solutions/spam_0.1_mc1.0_s2352_r3/phase_1_loandra_res

Start to read loandra res
*loandra status: SATISFIABLE
-ml sat and violated: 1732 | 736  | total #ml: 2468 | -violated weight: 736
9 -- [960 393]
13 -- [1687  568]
15 -- [1508 1032]
17 -- [2394 3638]
18 -- [1809  255]
19 -- [2089 2076]
24 -- [3206 3986]
28 -- [2877 4373]
32 -- [955 799]
36 -- [2110 2490]
39 -- [4336 2693]
41 -- [4312 3456]
50 -- [ 814 1654]
51 -- [1384  610]
52 -- [3731 4222]
56 -- [3395 2633]
58 -- [758 541]
61 -- [144 881]
62 -- [4121 3505]
63 -- [2124 2621]
65 -- [4372 3299]
66 -- [ 379 1463]
71 -- [4242 3175]
72 -- [3064 3685]
73 -- [1535 1138]
75 -- [1851 2663]
76 -- [4198 3814]
84 -- [3334 3996]
95 -- [3798 2479]
104 -- [3164 4271]
107 -- [1046  967]
109 -- [1230  305]
116 -- [635   6]
117 -- [3521 3433]
119 -- [736  54]
121 -- [1111  680]
124 -- [138 199]
125 -- [1585  551]
126 -- [1574 1581]
127 -- [2646 2332]
129 -- [4472 2941]
134 -- [ 490 1020]
136 -- [4097 4430]
137 -- [3855 1846]
139 -- [ 929 1714]
140 -- [159 686]
142 -- [2137 4562]
143 -- [4013 2521]
147 -- [2484 3990]
153 -- [4028 4551]
155 -- [2997 1920]
164 -- [3458 3280]
175 -- [4565 4495]
176 -- [3633 2071]
177 -- [1760  233]
179 -- [3142 2447]
181 -- [3584 4308]
184 -- [  67 1748]
186 -- [2087 1927]
187 -- [3050 4215]
188 -- [1754 1258]
190 -- [505 346]
192 -- [ 371 1558]
199 -- [3916 2594]
203 -- [2278 1853]
204 -- [2381 2554]
207 -- [ 152 1226]
210 -- [1505 1323]
213 -- [294 742]
215 -- [2421 4588]
217 -- [1776   26]
219 -- [1723  116]
221 -- [ 391 1704]
224 -- [2760 3701]
229 -- [ 516 1017]
232 -- [4278 4185]
234 -- [4299 4053]
235 -- [3141 4189]
236 -- [1983 2958]
237 -- [4388 4025]
242 -- [2961 2277]
244 -- [4288 2631]
246 -- [3430 4519]
254 -- [1985 3657]
256 -- [212 429]
258 -- [4383 2469]
262 -- [ 463 1168]
264 -- [4182 3899]
266 -- [2275 2314]
268 -- [4326 2039]
270 -- [1399 1317]
274 -- [4508 2014]
278 -- [2965 2110]
282 -- [3368 4112]
285 -- [4416 3034]
287 -- [2834 3748]
292 -- [2040 3939]
296 -- [ 444 1293]
297 -- [3730 3741]
303 -- [552 269]
305 -- [1299 1224]
307 -- [4338 4079]
312 -- [2188 3158]
313 -- [3737 4308]
315 -- [1559 1561]
319 -- [2950 2538]
320 -- [2528 1872]
328 -- [3424 3065]
330 -- [1640 1578]
333 -- [1555 1727]
336 -- [873 588]
342 -- [1526    8]
343 -- [4339 3565]
346 -- [3731 3541]
347 -- [2171 3059]
349 -- [781 429]
351 -- [1048 1387]
352 -- [ 399 1788]
353 -- [463 969]
361 -- [2212 3534]
365 -- [1529  740]
367 -- [1967 4465]
368 -- [2927 2171]
370 -- [2189 3299]
371 -- [654   6]
376 -- [2691 1947]
379 -- [268 658]
380 -- [1194 1622]
384 -- [1467 1735]
386 -- [1351  993]
391 -- [3071 4164]
394 -- [3143 2997]
402 -- [3408 1886]
406 -- [3293 4061]
411 -- [ 110 1608]
437 -- [ 324 1759]
443 -- [4166 3280]
445 -- [1175 1307]
450 -- [ 423 1543]
453 -- [2370 3864]
455 -- [4348 4198]
458 -- [1876 2344]
460 -- [2833 2711]
464 -- [ 373 1594]
468 -- [ 412 1205]
472 -- [3638 2740]
478 -- [4277 4545]
479 -- [1722  502]
488 -- [3985 3206]
489 -- [1469  390]
491 -- [1641 1481]
493 -- [4118 2403]
500 -- [ 943 1781]
507 -- [402 459]
509 -- [4363 2661]
510 -- [3428 2963]
514 -- [1675 1513]
517 -- [2461 1898]
519 -- [ 789 1105]
521 -- [403 525]
524 -- [3023 2791]
525 -- [852 543]
532 -- [1622  744]
541 -- [403 620]
550 -- [4182 2575]
552 -- [829 358]
554 -- [4012 3696]
555 -- [3439 2368]
556 -- [4441 3540]
560 -- [3278 2308]
565 -- [4280 2708]
568 -- [1642 1753]
569 -- [4517 3332]
570 -- [388 731]
571 -- [1610 1502]
579 -- [2177 1890]
582 -- [4312 2105]
586 -- [1668  683]
592 -- [2892 4203]
594 -- [3996 2183]
604 -- [3289 4076]
606 -- [ 914 1443]
607 -- [3280 3905]
608 -- [4163 3358]
610 -- [2764 2809]
614 -- [3662 4416]
617 -- [3918 2096]
625 -- [1495 1031]
627 -- [4261 2260]
628 -- [ 719 1545]
632 -- [2643 4239]
634 -- [1488 1005]
639 -- [ 833 1265]
641 -- [ 634 1687]
645 -- [693 152]
646 -- [3957 2613]
647 -- [2124 3523]
651 -- [304 886]
652 -- [3053 4590]
653 -- [2163 2588]
654 -- [ 245 1752]
662 -- [1571  473]
666 -- [1058  441]
670 -- [2743 2630]
673 -- [2742 3823]
675 -- [1371 1436]
679 -- [2149 3301]
681 -- [2043 2150]
684 -- [2639 2182]
686 -- [1367  426]
687 -- [1873 3408]
693 -- [ 233 1540]
696 -- [2412 2865]
697 -- [2631 4442]
699 -- [3452 1979]
704 -- [2133 3897]
707 -- [1178  166]
711 -- [1599 1110]
717 -- [3765 3829]
718 -- [3418 2451]
732 -- [282 743]
733 -- [1789 1413]
735 -- [4336 1952]
736 -- [4221 4054]
740 -- [1162 1515]
743 -- [4464 3741]
746 -- [4241 1846]
749 -- [880 110]
752 -- [1485 1187]
753 -- [2353 2809]
756 -- [4374 4158]
757 -- [3983 4026]
758 -- [2507 3190]
767 -- [4270 3719]
768 -- [595 674]
770 -- [ 703 1290]
786 -- [2575 4344]
787 -- [344 186]
788 -- [2837 4334]
792 -- [1091  687]
795 -- [ 869 1159]
796 -- [2175 2318]
797 -- [4134 2284]
799 -- [3780 4432]
800 -- [2313 4548]
805 -- [2243 4028]
808 -- [2758 2751]
809 -- [2651 3570]
811 -- [2134 4102]
813 -- [ 115 1068]
816 -- [1591 1219]
820 -- [1354 1761]
828 -- [4295 1903]
834 -- [1415 1512]
835 -- [2188 2010]
842 -- [4590 2424]
844 -- [3823 4579]
845 -- [978 131]
848 -- [2096 3887]
849 -- [2826 2563]
852 -- [4465 3569]
857 -- [4028 2405]
859 -- [2459 1981]
860 -- [2673 4069]
865 -- [1365 1783]
868 -- [2971 2818]
869 -- [4459 2718]
872 -- [ 473 1529]
873 -- [1377 1062]
878 -- [2955 2991]
882 -- [1457  880]
883 -- [2038 3213]
884 -- [2076 3531]
887 -- [3273 2343]
888 -- [3363 2314]
893 -- [4378 2915]
894 -- [3960 3505]
901 -- [561 238]
909 -- [963 587]
916 -- [2474 4312]
917 -- [4401 2394]
918 -- [2513 2743]
921 -- [4253 3277]
922 -- [4527 1854]
924 -- [1245  550]
928 -- [2740 2123]
932 -- [1658  168]
933 -- [184 628]
942 -- [1167  326]
949 -- [ 104 1549]
951 -- [401 319]
961 -- [ 967 1172]
967 -- [3484 4201]
975 -- [ 861 1655]
977 -- [2018 4305]
978 -- [1952 3464]
982 -- [4155 1850]
983 -- [2315 3405]
987 -- [1614  377]
991 -- [3941 2151]
993 -- [1511  540]
997 -- [3238 2314]
998 -- [1219 1476]
1002 -- [3229 4338]
1005 -- [2081 2778]
1007 -- [1199  768]
1010 -- [102 396]
1013 -- [287 595]
1015 -- [799 796]
1016 -- [4177 3976]
1017 -- [2580 4056]
1019 -- [1437  224]
1024 -- [2224 2524]
1025 -- [1643 1463]
1026 -- [1255 1601]
1028 -- [2954 4392]
1030 -- [4156 2790]
1032 -- [1192  556]
1036 -- [1305 1716]
1037 -- [2175 4357]
1042 -- [2557 3164]
1044 -- [4264 4134]
1046 -- [2767 2119]
1049 -- [1292 1032]
1054 -- [2186 2845]
1056 -- [485 905]
1057 -- [ 325 1673]
1059 -- [400 558]
1067 -- [431 677]
1068 -- [3698 3863]
1070 -- [548  28]
1074 -- [2553 3621]
1079 -- [4554 4177]
1082 -- [3879 2392]
1085 -- [2177 2250]
1087 -- [2431 3323]
1090 -- [1856 2155]
1091 -- [1182 1205]
1094 -- [1514  540]
1095 -- [1508  732]
1098 -- [2276 2218]
1101 -- [773 273]
1102 -- [  87 1723]
1103 -- [2300 4339]
1106 -- [3634 3719]
1111 -- [1130 1457]
1112 -- [2382 2033]
1114 -- [1040 1548]
1116 -- [1199 1425]
1117 -- [1886 3080]
1119 -- [2651 4281]
1126 -- [4104 2917]
1127 -- [3116 2678]
1128 -- [4155 4369]
1129 -- [659 974]
1134 -- [ 357 1289]
1137 -- [2347 3180]
1138 -- [3897 2865]
1140 -- [1502 1341]
1141 -- [4299 4095]
1153 -- [1402 1236]
1155 -- [3501 2464]
1162 -- [1255 1090]
1164 -- [2149 3549]
1167 -- [3906 3804]
1173 -- [3699 1969]
1178 -- [200  36]
1179 -- [ 285 1147]
1185 -- [2232 2120]
1186 -- [1721  576]
1187 -- [4236 4383]
1190 -- [3326 2659]
1193 -- [2743 4415]
1194 -- [4528 2866]
1205 -- [ 451 1559]
1206 -- [2538 4478]
1210 -- [1911 3829]
1212 -- [1383   23]
1216 -- [2632 3156]
1217 -- [2204 2323]
1221 -- [4178 3143]
1225 -- [ 536 1383]
1230 -- [2242 2577]
1239 -- [789 829]
1240 -- [3776 4402]
1243 -- [3085 2914]
1245 -- [2085 2096]
1248 -- [1451 1110]
1250 -- [1723 1256]
1251 -- [2908 3966]
1260 -- [1747 1053]
1261 -- [2297 1962]
1262 -- [969 310]
1264 -- [2882 2677]
1267 -- [1478  449]
1269 -- [2791 3498]
1271 -- [1605 1645]
1276 -- [2531 3381]
1278 -- [482 179]
1282 -- [609 152]
1284 -- [456 635]
1288 -- [2141 4259]
1292 -- [2755 3071]
1293 -- [428 115]
1298 -- [ 536 1243]
1299 -- [ 574 1652]
1313 -- [ 20 226]
1318 -- [1129 1457]
1323 -- [4371 2713]
1333 -- [3357 3831]
1334 -- [1003   78]
1342 -- [2328 3831]
1344 -- [2634 4473]
1347 -- [199 826]
1348 -- [4278 3458]
1355 -- [1756  206]
1356 -- [3037 4168]
1360 -- [404 475]
1363 -- [3835 3108]
1366 -- [1287  776]
1367 -- [436 746]
1369 -- [3844 2553]
1376 -- [2529 3217]
1378 -- [535 125]
1383 -- [3289 3048]
1384 -- [3419 4288]
1385 -- [  38 1530]
1387 -- [4453 2164]
1389 -- [4308 3995]
1394 -- [2573 3258]
1396 -- [4198 4428]
1397 -- [2572 1946]
1398 -- [1767 1379]
1399 -- [1890 3280]
1402 -- [4517 3324]
1406 -- [1977 1946]
1409 -- [3525 4054]
1410 -- [1529  386]
1411 -- [1653 1761]
1416 -- [1676  618]
1417 -- [2054 3570]
1422 -- [4408 2476]
1428 -- [2898 2421]
1429 -- [3088 2879]
1437 -- [3029 2755]
1442 -- [2219 2985]
1445 -- [2983 2431]
1448 -- [4178 2128]
1449 -- [ 217 1591]
1450 -- [2262 2010]
1452 -- [2412 2160]
1453 -- [666 465]
1457 -- [4168 2845]
1460 -- [ 591 1414]
1462 -- [130 596]
1465 -- [ 776 1058]
1468 -- [329 297]
1471 -- [1489  100]
1477 -- [1050  351]
1480 -- [500 519]
1490 -- [283 214]
1492 -- [2615 2539]
1494 -- [655 110]
1500 -- [934 258]
1505 -- [2952 4347]
1507 -- [3554 1937]
1508 -- [1180  385]
1512 -- [3661 2245]
1513 -- [3535 2390]
1516 -- [4192 4502]
1523 -- [2710 2171]
1524 -- [2876 3400]
1527 -- [1529  535]
1539 -- [3302 3883]
1544 -- [4302 2529]
1556 -- [3669 3170]
1560 -- [2462 2244]
1566 -- [2921 2639]
1573 -- [303 535]
1575 -- [1585 1202]
1579 -- [1885 4133]
1580 -- [1803 1318]
1585 -- [1881 3717]
1595 -- [3206 1966]
1602 -- [2799 1872]
1603 -- [2096 2044]
1609 -- [1245  106]
1612 -- [3446 4298]
1622 -- [611 104]
1625 -- [2464 2326]
1630 -- [2385 3285]
1635 -- [3390 3764]
1636 -- [4538 2834]
1640 -- [2851 2385]
1645 -- [4204 2694]
1646 -- [3542 2743]
1653 -- [4377 3372]
1656 -- [4390 4519]
1660 -- [3240 2511]
1661 -- [1111   27]
1662 -- [1055 1691]
1663 -- [286  37]
1664 -- [4283 4024]
1665 -- [ 145 1653]
1668 -- [364 704]
1676 -- [4023 4453]
1679 -- [477 879]
1681 -- [2802 3949]
1688 -- [ 899 1151]
1691 -- [2481 3400]
1706 -- [421 844]
1709 -- [1946 2674]
1711 -- [1047  877]
1721 -- [2255 2120]
1724 -- [ 936 1159]
1729 -- [4442 2753]
1730 -- [1140  349]
1733 -- [2527 2120]
1736 -- [2615 2411]
1739 -- [3916 2569]
1740 -- [2076 4078]
1742 -- [1253   67]
1746 -- [3464 2032]
1750 -- [1363 1316]
1763 -- [3320 2480]
1766 -- [3372 3900]
1767 -- [3257 4336]
1770 -- [660 216]
1771 -- [3567 1940]
1774 -- [2510 4434]
1775 -- [535 638]
1779 -- [3776 3450]
1780 -- [4165 4340]
1788 -- [4036 2713]
1789 -- [2789 3729]
1799 -- [1177  972]
1802 -- [1158 1242]
1805 -- [ 541 1229]
1806 -- [1149 1656]
1810 -- [1538 1054]
1814 -- [1133  440]
1815 -- [1113  105]
1817 -- [1821 3537]
1822 -- [1170 1203]
1824 -- [1615  125]
1825 -- [519  43]
1826 -- [4035 2736]
1827 -- [1988 4177]
1828 -- [4158 2798]
1829 -- [422 701]
1831 -- [4308 2320]
1832 -- [3458 1981]
1839 -- [2121 2295]
1841 -- [2288 4238]
1845 -- [863 532]
1846 -- [ 690 1277]
1847 -- [245 974]
1851 -- [1228 1369]
1852 -- [205  67]
1854 -- [1195 1113]
1862 -- [4013 2355]
1865 -- [4342 3260]
1874 -- [2062 2272]
1875 -- [3164 3637]
1884 -- [1143  375]
1890 -- [2021 2744]
1892 -- [2121 2425]
1893 -- [3228 3715]
1894 -- [  82 1268]
1897 -- [2461 2716]
1904 -- [  80 1244]
1906 -- [4081 4178]
1911 -- [709  20]
1914 -- [4153 1952]
1915 -- [ 319 1321]
1916 -- [461 386]
1918 -- [3038 2632]
1920 -- [1501  482]
1922 -- [883 203]
1926 -- [2908 3153]
1931 -- [4068 4119]
1933 -- [2180 4182]
1940 -- [ 21 501]
1944 -- [251 626]
1945 -- [ 409 1240]
1946 -- [4200 3203]
1947 -- [2166 1963]
1951 -- [ 228 1676]
1953 -- [2021 2799]
1955 -- [ 693 1685]
1956 -- [4192 3197]
1957 -- [3528 3213]
1958 -- [1946 4443]
1960 -- [4336 3333]
1970 -- [1491 1788]
1976 -- [4535 4482]
1978 -- [2381 4582]
1987 -- [ 129 1521]
1988 -- [2872 4215]
1989 -- [ 97 563]
1997 -- [ 961 1810]
1998 -- [3563 4299]
2006 -- [3532 3750]
2009 -- [2153 3776]
2011 -- [3795 2580]
2021 -- [2308 2453]
2025 -- [1886 2511]
2027 -- [ 924 1376]
2028 -- [421 406]
2030 -- [2564 4341]
2034 -- [4511 3484]
2037 -- [2467 4061]
2046 -- [1929 3730]
2049 -- [1207  169]
2053 -- [3358 3027]
2057 -- [ 853 1360]
2059 -- [  50 1527]
2060 -- [ 294 1018]
2061 -- [1692  313]
2064 -- [4308 3092]
2065 -- [784 511]
2066 -- [210 925]
2068 -- [1965 4486]
2070 -- [1006 1749]
2077 -- [4344 3599]
2080 -- [1481  152]
2081 -- [ 973 1175]
2083 -- [612  30]
2089 -- [659 444]
2097 -- [2908 2836]
2100 -- [2150 2275]
2103 -- [ 255 1025]
2105 -- [977 282]
2107 -- [567 776]
2109 -- [ 257 1722]
2113 -- [1162  413]
2116 -- [4321 3121]
2119 -- [4149 2809]
2122 -- [1310  308]
2131 -- [2617 4301]
2138 -- [2470 3302]
2140 -- [3968 1851]
2141 -- [3392 3313]
2148 -- [2461 2583]
2149 -- [1658  332]
2154 -- [1081  475]
2157 -- [  33 1348]
2162 -- [2410 2278]
2164 -- [3686 2589]
2171 -- [ 84 303]
2174 -- [487   7]
2175 -- [ 454 1086]
2176 -- [4122 4466]
2185 -- [ 111 1040]
2188 -- [2758 2072]
2189 -- [4216 4209]
2194 -- [3393 4344]
2206 -- [ 602 1436]
2208 -- [2798 4129]
2211 -- [1806 1027]
2215 -- [4024 3966]
2219 -- [789 595]
2225 -- [2613 3043]
2226 -- [1073    7]
2227 -- [2584 4392]
2228 -- [4161 2026]
2231 -- [ 285 1671]
2233 -- [370   1]
2235 -- [1620 1362]
2243 -- [3392 2852]
2244 -- [2828 2577]
2248 -- [1535  587]
2253 -- [624 970]
2258 -- [859 858]
2268 -- [4493 3114]
2271 -- [2483 3453]
2274 -- [3286 2866]
2277 -- [1226  113]
2280 -- [4096 3392]
2285 -- [948  27]
2286 -- [  71 1633]
2288 -- [4182 2607]
2296 -- [777 463]
2297 -- [3130 1962]
2312 -- [1800 1035]
2314 -- [ 221 1531]
2320 -- [1175  211]
2324 -- [ 12 844]
2330 -- [ 434 1293]
2335 -- [ 371 1189]
2337 -- [4443 1835]
2342 -- [865 566]
2349 -- [3752 2617]
2350 -- [3017 3028]
2351 -- [3657 2634]
2352 -- [2163 3066]
2355 -- [3535 3992]
2357 -- [657 788]
2361 -- [402 494]
2370 -- [4262 4584]
2374 -- [111 731]
2380 -- [4002 4219]
2381 -- [ 875 1493]
2384 -- [3889 4446]
2385 -- [2518 4288]
2388 -- [4215 3406]
2389 -- [751 739]
2392 -- [569 869]
2396 -- [1721  845]
2401 -- [855 841]
2403 -- [3110 4542]
2406 -- [2249 2434]
2407 -- [ 748 1684]
2409 -- [2542 3567]
2411 -- [2376 3358]
2415 -- [3646 1872]
2416 -- [4303 1911]
2420 -- [ 153 1081]
2421 -- [2028 4155]
2425 -- [1370 1527]
2426 -- [ 308 1042]
2427 -- [2639 4125]
2428 -- [3872 4160]
2432 -- [2803 2394]
2437 -- [ 75 406]
2439 -- [2317 4383]
2443 -- [1380  205]
2444 -- [ 708 1301]
2445 -- [2922 2791]
2452 -- [ 945 1603]
2456 -- [1514 1683]
2458 -- [ 840 1458]
2459 -- [3834 3486]
2461 -- [2611 2917]
2462 -- [3303 3750]
2465 -- [ 304 1601]
-cl sat and violated: 1359 | 774  | total #cl: 2133 | -violated weight: 2322
2 -- [1687 3645]
5 -- [2991  819]
9 -- [2161 1323]
11 -- [2249  616]
14 -- [2211 1803]
16 -- [3518 1363]
21 -- [2661  850]
25 -- [3663  593]
28 -- [1142 3928]
32 -- [3238 1399]
33 -- [4047 1753]
35 -- [1084 4591]
40 -- [4450  501]
43 -- [1086 4270]
44 -- [1050 2643]
45 -- [ 351 2571]
47 -- [3631 1201]
49 -- [1126 3589]
53 -- [2103  853]
57 -- [1258 3425]
58 -- [3570  278]
59 -- [3784  260]
65 -- [3996 1592]
66 -- [3967  353]
71 -- [2147  588]
73 -- [1617 4457]
77 -- [1903  529]
81 -- [4170 1424]
83 -- [2049 1039]
89 -- [ 708 3155]
92 -- [4223 1443]
93 -- [1711 4374]
96 -- [1712 4341]
98 -- [2703 1645]
111 -- [1976  774]
112 -- [4108 1745]
113 -- [2931 1790]
114 -- [ 139 3134]
115 -- [3514  794]
116 -- [2036  679]
117 -- [ 263 3535]
118 -- [2016 1646]
119 -- [4056 1709]
121 -- [ 354 4450]
125 -- [3733   86]
128 -- [4190  324]
129 -- [1113 1905]
140 -- [3906 1548]
142 -- [2643 1544]
144 -- [4023  799]
145 -- [3877 1672]
148 -- [ 313 2561]
149 -- [2194 1711]
153 -- [ 592 3225]
154 -- [1207 2739]
156 -- [4576 1517]
157 -- [1688 3961]
162 -- [1348 3248]
165 -- [ 443 2415]
166 -- [3451 1279]
167 -- [2018  206]
171 -- [1513 2987]
173 -- [4411  386]
175 -- [  31 3192]
178 -- [ 399 2387]
180 -- [1462 1819]
183 -- [ 384 2260]
185 -- [ 368 1933]
187 -- [ 408 3523]
189 -- [2651  500]
197 -- [ 550 2975]
202 -- [1115 2313]
204 -- [4012 1780]
206 -- [ 868 3292]
209 -- [2419 1443]
210 -- [1887 1700]
211 -- [1925  675]
212 -- [2773  287]
219 -- [4104   73]
220 -- [2703  378]
221 -- [1462 2159]
226 -- [3776 1534]
227 -- [1723 3319]
228 -- [1440 4430]
229 -- [ 282 2315]
233 -- [ 469 2327]
236 -- [1485 3015]
239 -- [ 675 2374]
240 -- [3023 1076]
245 -- [3052  391]
247 -- [3396 1738]
248 -- [ 631 1838]
251 -- [   6 3311]
253 -- [2062 1161]
256 -- [3932   86]
257 -- [4451 1037]
258 -- [4486 1730]
260 -- [4534 1076]
261 -- [1773 3597]
262 -- [4421  268]
264 -- [1688 3536]
270 -- [1589 3420]
271 -- [ 337 1967]
274 -- [1504 2284]
277 -- [2751 1726]
278 -- [4070 1255]
279 -- [2671 1206]
280 -- [3052  408]
281 -- [1983  898]
282 -- [3892  216]
285 -- [1935  363]
290 -- [ 322 3180]
292 -- [ 459 4192]
295 -- [1506 4225]
300 -- [4180   87]
302 -- [ 923 3409]
305 -- [3588  509]
308 -- [1155 2760]
309 -- [ 737 3413]
310 -- [2189   43]
311 -- [1086 2840]
312 -- [3031  360]
313 -- [1086 2326]
316 -- [4127 1257]
319 -- [3136  893]
323 -- [3499  773]
328 -- [ 475 3732]
333 -- [4343 1460]
335 -- [ 953 4517]
337 -- [1015 2952]
340 -- [4141  963]
342 -- [4512 1648]
343 -- [1206 2831]
345 -- [ 589 3326]
346 -- [2935  172]
347 -- [ 964 4338]
348 -- [1649 4596]
349 -- [ 676 3387]
351 -- [2809 1772]
357 -- [1514 3133]
360 -- [4244  427]
362 -- [4199 1230]
364 -- [3847 1241]
365 -- [3164 1746]
372 -- [2512 1484]
373 -- [4004  807]
374 -- [1999  250]
380 -- [2226  288]
383 -- [ 128 3857]
385 -- [  86 3817]
388 -- [  86 4538]
390 -- [ 586 3549]
391 -- [ 159 4371]
393 -- [1323 2595]
394 -- [2291 1773]
396 -- [  41 3829]
397 -- [2166 1185]
399 -- [4462 1286]
400 -- [ 666 2490]
401 -- [2790   47]
402 -- [3583 1711]
405 -- [1717 2441]
406 -- [1800 2463]
410 -- [1774 3628]
412 -- [1044 3909]
414 -- [4167  571]
422 -- [ 255 2041]
423 -- [3788 1504]
429 -- [4434  151]
430 -- [3805 1614]
432 -- [3926  974]
433 -- [ 579 3775]
434 -- [ 462 1813]
436 -- [ 770 4471]
439 -- [ 773 3061]
440 -- [1883  176]
442 -- [3272  408]
444 -- [4114  313]
445 -- [1604 3548]
446 -- [1942 1096]
448 -- [2364  287]
453 -- [3445  175]
457 -- [3240 1296]
462 -- [1433 4292]
469 -- [2061 1323]
474 -- [2111  780]
475 -- [ 407 4286]
477 -- [2763 1640]
478 -- [4341  709]
481 -- [2516   66]
486 -- [3496 1762]
488 -- [3757  159]
491 -- [  42 3032]
492 -- [ 371 3329]
495 -- [3201  674]
497 -- [1518 3731]
498 -- [3234  619]
500 -- [4496  535]
503 -- [3405 1123]
504 -- [ 423 2781]
506 -- [1931 1759]
515 -- [4218 1775]
517 -- [3016  545]
522 -- [2170  736]
523 -- [1586 3989]
525 -- [ 977 4220]
527 -- [3883  444]
528 -- [   0 2212]
532 -- [1585 3938]
534 -- [1506 2738]
536 -- [ 656 2301]
541 -- [2496  423]
545 -- [  17 3116]
554 -- [ 308 3429]
555 -- [4208 1205]
557 -- [ 310 4223]
558 -- [ 293 1945]
559 -- [2189 1506]
564 -- [ 585 2595]
566 -- [1188 4220]
567 -- [ 363 3355]
568 -- [2845  381]
573 -- [3070 1639]
574 -- [ 414 2421]
580 -- [ 749 2538]
581 -- [ 172 1871]
592 -- [ 286 1976]
594 -- [   5 3216]
598 -- [ 945 3440]
599 -- [1745 3746]
600 -- [4125  395]
602 -- [2217 1110]
604 -- [1852 1414]
606 -- [ 964 2431]
607 -- [ 301 3755]
608 -- [ 225 4107]
609 -- [ 569 2615]
611 -- [ 326 3152]
617 -- [3994  536]
618 -- [ 152 4004]
620 -- [3713 1174]
631 -- [2815 1675]
635 -- [4128  967]
636 -- [3028  817]
641 -- [3113  497]
642 -- [3836 1696]
644 -- [2557  453]
645 -- [3932 1096]
646 -- [3004  333]
652 -- [1925  748]
655 -- [1757 3872]
656 -- [1106 4454]
657 -- [2301  314]
663 -- [2491  677]
665 -- [ 485 4140]
666 -- [2768   86]
667 -- [4550  661]
668 -- [1357 2259]
671 -- [2491  568]
672 -- [2788  585]
673 -- [ 757 3776]
676 -- [1972 1663]
678 -- [3704  751]
679 -- [1705 4547]
680 -- [2026 1524]
683 -- [ 454 2081]
684 -- [4057  216]
687 -- [1323 4562]
694 -- [1616 2840]
698 -- [1033 2236]
701 -- [1486 3967]
710 -- [ 614 4133]
713 -- [2784 1232]
716 -- [2857 1076]
717 -- [ 358 4515]
718 -- [2142 1652]
721 -- [  23 2614]
722 -- [2012 1162]
725 -- [1606 2547]
726 -- [ 618 3031]
730 -- [4461 1504]
731 -- [1590 3449]
733 -- [3056 1749]
734 -- [1517 3840]
739 -- [1536 3260]
740 -- [ 552 4126]
758 -- [1803 4027]
762 -- [ 766 1968]
764 -- [1104 1990]
765 -- [ 823 4306]
766 -- [ 107 3979]
768 -- [4236  153]
769 -- [1154 2667]
770 -- [ 627 4245]
771 -- [ 441 3579]
774 -- [3611 1424]
777 -- [ 583 3715]
778 -- [3416  994]
781 -- [4438 1270]
791 -- [3107  363]
795 -- [ 395 3754]
796 -- [1768 2637]
798 -- [2738  438]
801 -- [3126 1658]
805 -- [2171 1203]
806 -- [2592  848]
807 -- [ 441 3244]
808 -- [ 164 2049]
810 -- [2077 1272]
814 -- [2245  798]
818 -- [4027 1351]
819 -- [1478 1828]
820 -- [ 500 4407]
821 -- [ 225 2886]
826 -- [ 281 4015]
830 -- [ 429 4055]
831 -- [3920 1408]
837 -- [3984 1234]
840 -- [3833   41]
845 -- [ 602 3502]
846 -- [ 461 4165]
847 -- [4280  570]
848 -- [3543 1765]
849 -- [ 286 1977]
851 -- [ 288 2544]
852 -- [3032 1038]
853 -- [ 650 3710]
854 -- [1411 2416]
855 -- [1123 1932]
861 -- [3388  906]
862 -- [1257 3463]
863 -- [1545 2395]
866 -- [1533 3303]
867 -- [ 232 3554]
870 -- [1205 2787]
873 -- [3761  235]
877 -- [1206 3066]
878 -- [ 249 3235]
880 -- [4234  214]
883 -- [1085 4474]
885 -- [2307 1399]
887 -- [2642  325]
888 -- [2500  533]
892 -- [2942  159]
903 -- [2049 1565]
909 -- [2773  214]
912 -- [ 484 3863]
913 -- [1223 1910]
915 -- [ 544 1824]
918 -- [ 234 3996]
920 -- [1672 2443]
922 -- [1388 2947]
923 -- [ 440 2302]
926 -- [4236 1043]
931 -- [ 132 3554]
933 -- [ 638 2461]
937 -- [ 115 3960]
939 -- [ 701 3360]
941 -- [1765 2843]
944 -- [3893  399]
945 -- [1973  621]
946 -- [4002  138]
949 -- [ 735 2040]
951 -- [  98 3911]
959 -- [1077 4583]
960 -- [3118  268]
963 -- [2190  426]
964 -- [4557  533]
969 -- [ 148 3064]
975 -- [1933  858]
977 -- [1177 2680]
981 -- [4562 1559]
983 -- [1695 3787]
985 -- [4594 1502]
995 -- [1311 2984]
1001 -- [ 453 2472]
1006 -- [2276  909]
1009 -- [2580  706]
1013 -- [1865  481]
1018 -- [ 450 2368]
1019 -- [1030 3665]
1021 -- [3309 1322]
1022 -- [  78 1929]
1025 -- [2551  935]
1027 -- [2718  515]
1029 -- [3485 1111]
1030 -- [1735 2561]
1034 -- [ 378 3402]
1037 -- [1562 2757]
1038 -- [ 868 4241]
1039 -- [2156  247]
1041 -- [ 134 2275]
1043 -- [  33 2551]
1044 -- [4321 1028]
1046 -- [1404 4201]
1047 -- [ 731 1834]
1048 -- [2687  312]
1056 -- [3518   54]
1059 -- [1321 1920]
1063 -- [2076  760]
1067 -- [3631 1488]
1070 -- [1218 4424]
1072 -- [ 889 2263]
1073 -- [4553  918]
1075 -- [1695 3538]
1079 -- [1569 2491]
1080 -- [ 166 3024]
1082 -- [3319 1767]
1083 -- [ 744 3404]
1085 -- [1636 4092]
1086 -- [4348 1723]
1092 -- [4329  770]
1094 -- [ 594 4474]
1110 -- [1611 4253]
1113 -- [ 675 3177]
1123 -- [ 835 2447]
1124 -- [ 179 2162]
1126 -- [1799 2130]
1130 -- [3662 1478]
1132 -- [ 381 4555]
1134 -- [ 849 2242]
1149 -- [ 674 2907]
1152 -- [2943   15]
1153 -- [1011 2299]
1156 -- [2629 1386]
1158 -- [  21 4472]
1162 -- [2679   20]
1165 -- [2582  541]
1166 -- [2644  172]
1172 -- [ 146 4387]
1174 -- [2476 1188]
1176 -- [3026 1443]
1178 -- [ 793 4134]
1184 -- [ 875 2786]
1185 -- [2187  994]
1187 -- [2810  774]
1189 -- [4070  443]
1190 -- [1053 3951]
1191 -- [1801 3769]
1194 -- [1796 1985]
1201 -- [1412 3744]
1203 -- [ 320 2864]
1205 -- [2027  475]
1212 -- [2179   79]
1216 -- [2830  128]
1221 -- [4454  484]
1223 -- [4053  224]
1225 -- [1411 2502]
1226 -- [4383    0]
1230 -- [1368 2797]
1231 -- [1863 1274]
1233 -- [  14 2870]
1235 -- [ 490 2586]
1236 -- [1668 3429]
1240 -- [2219  700]
1243 -- [3267 1506]
1251 -- [ 391 3074]
1252 -- [1839  225]
1253 -- [2854 1389]
1258 -- [2421 1448]
1261 -- [2296  383]
1264 -- [ 273 4335]
1273 -- [ 794 4375]
1275 -- [ 743 3275]
1277 -- [3239  236]
1279 -- [2305  462]
1280 -- [1111 2104]
1283 -- [3972 1597]
1287 -- [  28 3066]
1288 -- [ 685 2137]
1289 -- [  67 3618]
1293 -- [1544 2613]
1294 -- [ 520 4051]
1297 -- [3678 1429]
1298 -- [1002 4453]
1299 -- [3801  384]
1301 -- [ 166 2622]
1305 -- [ 354 1889]
1306 -- [3969 1490]
1307 -- [3601  313]
1308 -- [1044 2745]
1309 -- [ 150 2141]
1310 -- [ 324 4248]
1312 -- [3064 1375]
1314 -- [2535  215]
1315 -- [ 751 3642]
1320 -- [1382 3621]
1321 -- [2474  351]
1329 -- [ 844 4327]
1333 -- [3778  102]
1335 -- [2735  853]
1336 -- [ 958 3393]
1340 -- [4458  891]
1341 -- [ 751 2706]
1342 -- [2574 1194]
1344 -- [4117 1439]
1345 -- [3038  921]
1346 -- [2149  609]
1347 -- [1371 2068]
1351 -- [3603  666]
1356 -- [2030 1201]
1361 -- [4594  139]
1364 -- [1694 3445]
1365 -- [3749  289]
1368 -- [ 429 2569]
1369 -- [2064 1646]
1370 -- [1908  244]
1373 -- [2199 1371]
1375 -- [3918  436]
1379 -- [4221 1012]
1382 -- [  20 2525]
1384 -- [3628 1033]
1389 -- [ 320 3576]
1395 -- [4036 1685]
1397 -- [4133 1392]
1401 -- [1071 2542]
1402 -- [3225  156]
1403 -- [2031  131]
1411 -- [1038 2443]
1414 -- [1145 3290]
1415 -- [1351 2928]
1417 -- [ 147 2060]
1420 -- [1865  858]
1427 -- [1668 4136]
1433 -- [4105  233]
1435 -- [1223 2157]
1438 -- [2507 1711]
1445 -- [1753 2332]
1446 -- [1617 3574]
1455 -- [3742  359]
1457 -- [4135  337]
1460 -- [3816 1663]
1464 -- [1070 2459]
1466 -- [2213 1584]
1467 -- [4347 1774]
1469 -- [3749  492]
1470 -- [2171  669]
1472 -- [ 460 4408]
1473 -- [2976 1429]
1474 -- [1869  228]
1475 -- [1951  705]
1479 -- [2580  300]
1480 -- [1331 3505]
1481 -- [3908 1749]
1483 -- [3908  618]
1484 -- [ 601 2257]
1491 -- [4597 1091]
1492 -- [ 543 2804]
1494 -- [1917  145]
1495 -- [1084 2614]
1497 -- [1747 1854]
1498 -- [4024 1492]
1500 -- [2574  843]
1501 -- [3539 1305]
1502 -- [3326 1598]
1506 -- [1466 2952]
1508 -- [4024   92]
1509 -- [  78 2843]
1510 -- [3286  515]
1513 -- [1603 4590]
1514 -- [ 854 3798]
1515 -- [1979 1523]
1519 -- [ 262 2228]
1521 -- [ 588 3557]
1522 -- [1738 2078]
1524 -- [2661   90]
1526 -- [2062 1264]
1530 -- [1409 3706]
1535 -- [3935   61]
1551 -- [2050  583]
1552 -- [4334  659]
1553 -- [ 627 2608]
1556 -- [3809    6]
1558 -- [ 249 2798]
1559 -- [4578  702]
1560 -- [2191  166]
1564 -- [3061 1723]
1567 -- [1201 3712]
1568 -- [2188  983]
1572 -- [2318  596]
1576 -- [ 685 4299]
1578 -- [ 590 3977]
1582 -- [ 945 2105]
1588 -- [4186 1762]
1589 -- [4432  112]
1590 -- [2438  770]
1596 -- [2641  876]
1604 -- [ 124 4435]
1605 -- [1321 2817]
1607 -- [3815 1502]
1609 -- [2900  947]
1613 -- [2637 1053]
1614 -- [2168  618]
1617 -- [ 214 4147]
1622 -- [2956 1188]
1623 -- [4489   86]
1628 -- [ 337 2914]
1636 -- [3400 1024]
1637 -- [2132 1283]
1645 -- [2943 1150]
1647 -- [  73 3686]
1660 -- [2822  770]
1661 -- [2568  221]
1662 -- [4335 1324]
1665 -- [4436 1460]
1666 -- [1537 1955]
1668 -- [3041 1691]
1672 -- [ 665 4278]
1677 -- [ 594 3722]
1678 -- [2244 1640]
1680 -- [3264 1282]
1681 -- [   5 2993]
1682 -- [1012 3648]
1690 -- [ 173 2707]
1691 -- [2452  747]
1693 -- [ 766 2099]
1701 -- [3894 1728]
1707 -- [1205 4194]
1711 -- [3685  326]
1712 -- [2511   41]
1714 -- [1959  235]
1716 -- [1543 4486]
1718 -- [1668 2954]
1719 -- [4499 1135]
1720 -- [ 134 2203]
1722 -- [1849  621]
1725 -- [  28 3053]
1726 -- [ 145 3860]
1728 -- [3070  220]
1732 -- [ 536 2893]
1734 -- [1502 1818]
1738 -- [2287  368]
1740 -- [ 288 3236]
1742 -- [2215 1506]
1743 -- [1658 3489]
1745 -- [1226 2120]
1747 -- [1154 3511]
1748 -- [ 500 3163]
1750 -- [4495  499]
1753 -- [4518  624]
1754 -- [ 115 3342]
1755 -- [2306 1036]
1758 -- [1235 3767]
1760 -- [1977  974]
1763 -- [2881 1468]
1765 -- [1847  561]
1766 -- [3618  770]
1771 -- [1174 4518]
1784 -- [3993  946]
1786 -- [3282 1486]
1787 -- [ 408 2220]
1789 -- [3612  441]
1794 -- [1559 3744]
1795 -- [ 946 4377]
1796 -- [1260 4338]
1797 -- [2452  367]
1799 -- [ 151 2713]
1802 -- [ 246 4464]
1803 -- [ 406 2772]
1804 -- [ 770 3653]
1811 -- [  24 3702]
1817 -- [1950  839]
1822 -- [ 359 4411]
1823 -- [ 943 2694]
1827 -- [4464  713]
1829 -- [1768 3019]
1836 -- [2106   26]
1844 -- [3004  925]
1848 -- [ 748 2307]
1850 -- [2081  157]
1856 -- [  36 3099]
1857 -- [3876 1533]
1858 -- [1969  838]
1860 -- [ 455 4277]
1868 -- [1292 4422]
1869 -- [ 657 1991]
1872 -- [1542 3707]
1874 -- [1389 3033]
1877 -- [3735 1630]
1879 -- [ 375 2598]
1880 -- [1990 1484]
1884 -- [2431 1782]
1885 -- [ 354 3711]
1886 -- [2204  241]
1889 -- [ 807 3976]
1892 -- [1439 2342]
1894 -- [1848 1668]
1896 -- [3765  613]
1898 -- [1053 2373]
1900 -- [3144 1240]
1904 -- [1669 2775]
1905 -- [2882 1042]
1906 -- [ 855 3946]
1908 -- [ 346 3593]
1915 -- [2587  961]
1916 -- [4236  626]
1921 -- [4166 1753]
1925 -- [3904  166]
1926 -- [1975  497]
1928 -- [ 221 3676]
1933 -- [4003  942]
1935 -- [ 514 1872]
1936 -- [1062 3909]
1938 -- [2502  145]
1940 -- [1170 2207]
1944 -- [3622  296]
1949 -- [4524  353]
1950 -- [1162 3648]
1952 -- [3746 1403]
1956 -- [4171 1104]
1957 -- [1777 3933]
1961 -- [ 962 2740]
1962 -- [1646 3604]
1968 -- [ 469 2563]
1969 -- [2604  917]
1970 -- [1874  110]
1975 -- [4102  740]
1976 -- [3121 1387]
1978 -- [2228  383]
1980 -- [1387 3850]
1981 -- [2928  766]
1982 -- [ 361 3127]
1983 -- [4001  437]
1986 -- [ 135 4288]
1990 -- [3330    5]
1991 -- [3537  989]
1992 -- [3762 1616]
1993 -- [2480 1676]
1994 -- [1311 3187]
2001 -- [3975  840]
2004 -- [4430  857]
2008 -- [ 958 4176]
2010 -- [1182 3798]
2011 -- [2227  586]
2012 -- [ 676 2121]
2014 -- [3354  624]
2022 -- [2088  293]
2024 -- [1425 3579]
2031 -- [ 747 2910]
2033 -- [1537 1992]
2035 -- [3968 1412]
2039 -- [ 917 4230]
2048 -- [ 440 3215]
2051 -- [2306  757]
2053 -- [4200 1551]
2054 -- [2263 1205]
2056 -- [1172 4259]
2063 -- [4075 1258]
2064 -- [1674 2010]
2065 -- [1212 4070]
2066 -- [  22 3303]
2067 -- [   6 2327]
2072 -- [1717 4306]
2074 -- [  22 2416]
2077 -- [ 953 3307]
2086 -- [1326 3326]
2090 -- [2241 1506]
2092 -- [4002  407]
2093 -- [ 337 2159]
2094 -- [ 723 4454]
2095 -- [1589 3867]
2103 -- [4344 1798]
2104 -- [ 416 2229]
2109 -- [3419  320]
2110 -- [ 310 2876]
2111 -- [4310 1765]
2113 -- [ 138 2706]
2115 -- [1519 3222]
2116 -- [3719 1444]
2117 -- [4524  149]
2118 -- [ 500 2633]
2124 -- [3304  948]
2127 -- [1150 3326]
2128 -- [4515  738]
7 -time: 0.02216 -dim: (11172, 2)
8 -time: 0.00013 -dim: (7, 57)
9 -time: 4.12059 -dim: (1835400, 3)
10 -time: 5.78195 -dim: (1730141, 3)
11_12 -time: 0.19888 -dim: [110424, 2]
13 -time: 0.07851 -dim: (36808, 4)
14_15 -time: 0.03479 -dim: [798, 2]
16 -time: 0.00001 -dim: (0, 2)
17_18 -time: 0.38067 -dim: [73616, 3]
19 -time: 0.00010 -dim: (1, 1)
20 -time: 0.24224 -dim: (0, 4601)
21 -time: 0.00083 -dim: (1, 4601)
22 -time: 0.00005 -dim: (2133, 3)
23 -time: 0.00003 -dim: (2133, 3)
24 -time: 0.00004 -dim: (0, 5)
25 -time: 0.00006 -dim: (2468, 3)
26 -time: 0.00004 -dim: (2468, 3)
smtPr 22-26 -time: 0.01516 -dim: nan
slvr_header -time: 1.32079 -dim: nan
*solver* -time: 900.09652 -dim: nan
res_read -time: 0.05971 -dim: nan
-- SUM CL TIME: 10.87624          |  SUM other TIME: 901.47702          |  SUM TIME: 912.35326
