128 137
15 27
50 93
8 23
140 144
120 147
*
85 113
97 112
21 87
74 136
0 90
94 101
38 85
96 106
43 106
18 113
6 113
28 146
25 147
19 119
49 103
21 111
47 77
22 133
38 50
38 123
42 101
42 142
17 147
13 119
93 122
43 139
23 132
19 116
5 148
31 148
47 113
53 117
40 116
40 103
22 83
7 110
16 147
22 50
13 133
49 146
48 103
15 110
29 146
24 111
49 116
15 126
29 103
22 127
2 113
13 138
36 146
80 131
36 147
22 149
30 111
27 146
43 112
11 103
32 149
0 116
4 137
0 110
17 111
5 129
33 77
31 128
7 146
0 103
1 116
45 110
19 103
31 115
24 147
62 117
23 145
1 111
31 139
9 146
34 146
37 146
46 110
35 137
38 113
27 147
93 105
15 83
49 110
15 137
35 146
39 111
11 116
46 119
36 113
16 119
10 147
8 52
18 148
39 147
28 111
9 137
34 137
36 111
37 137
28 147
0 113
29 116
44 129
57 122
42 123
27 111
3 146
30 110
6 137
45 147
31 112
43 132
43 145
31 124
60 122
31 114
40 146
31 108
18 124
9 103
34 103
37 103
33 83
46 116
14 137
11 110
33 87
35 103
32 87
57 105
11 146
14 110
22 76
38 52
42 52
14 123
23 104
23 141
44 115
12 146
18 139
48 147
49 111
32 83
26 148
7 111
13 134
43 108
14 134
3 137
43 136
5 124
32 106
33 126
40 147
46 103
35 116
14 106
4 110
7 147
3 103
19 147
44 124
18 125
26 129
26 114
0 146
13 86
13 149
30 147
43 141
1 110
9 116
34 116
37 116
5 115
29 111
22 72
4 116
6 103
29 110
41 50
80 117
10 146
93 135
40 111
13 127
49 147
23 125
4 103
98 109
18 115
10 111
81 131
22 126
43 104
42 113
10 113
0 147
21 148
8 77
35 110
19 113
1 147
26 128
15 87
13 76
2 137
23 136
48 113
16 111
2 146
11 111
41 52
26 115
31 145
9 111
34 111
37 111
13 121
31 125
47 137
35 111
5 139
6 116
32 77
0 111
8 146
6 146
6 110
13 126
48 146
14 68
60 105
18 112
22 52
47 146
4 113
22 68
48 111
12 103
12 137
3 116
16 113
31 132
32 126
11 147
57 135
16 146
14 116
22 121
31 141
36 129
44 139
2 103
15 116
47 103
29 147
38 77
41 77
3 111
43 125
33 106
33 72
15 72
46 147
9 110
34 110
37 110
20 108
42 77
44 128
19 111
33 137
44 114
19 146
15 123
16 148
35 147
20 128
22 134
5 125
10 129
21 129
33 110
12 116
2 116
44 112
20 148
5 112
14 121
20 139
26 124
32 72
98 118
41 111
26 108
26 139
18 128
13 101
13 142
12 111
47 116
4 147
4 146
31 104
3 110
15 60
21 115
46 113
26 112
6 111
38 146
25 108
20 124
9 147
34 147
37 147
25 129
20 112
15 121
20 115
81 117
16 129
18 141
6 147
27 129
60 135
5 128
44 125
44 136
2 110
15 147
2 111
15 106
33 134
32 134
8 103
14 103
4 111
15 134
14 101
14 142
47 111
20 125
28 129
17 129
14 147
21 124
41 103
47 110
18 145
48 129
13 50
46 111
26 132
3 147
33 123
22 101
22 142
5 136
46 146
39 129
31 136
13 123
15 103
8 137
45 114
5 141
93 118
18 108
22 119
25 128
22 123
21 114
32 137
20 114
44 145
25 114
16 115
5 114
17 148
24 129
5 145
26 145
12 110
60 118
16 124
21 139
19 148
22 77
8 111
33 116
33 121
21 128
38 103
44 141
2 147
15 148
18 136
13 113
42 146
44 132
38 137
42 137
44 104
47 147
12 147
32 121
15 101
15 142
32 123
10 148
44 108
23 140
45 108
24 148
8 116
16 139
21 112
42 103
32 110
18 104
26 104
20 132
18 114
7 129
26 141
43 140
14 129
45 128
14 119
23 120
57 109
24 114
18 132
23 102
20 145
19 129
26 125
17 115
57 118
13 52
43 120
5 104
24 128
0 129
48 148
27 148
17 114
93 109
26 136
17 128
30 114
49 129
38 111
5 132
20 141
41 137
36 148
36 139
40 148
41 116
38 116
10 124
40 129
30 108
33 101
33 142
30 129
5 108
23 143
33 103
1 108
45 129
15 129
15 124
39 148
17 124
46 129
42 116
20 104
43 143
30 128
10 139
17 139
16 112
24 108
36 124
10 115
46 148
33 68
32 116
19 115
24 115
28 148
23 107
39 128
21 145
32 68
32 101
32 142
1 114
36 115
21 136
33 147
1 129
43 102
36 128
21 125
14 111
27 128
28 128
27 115
36 112
31 102
16 125
19 124
36 108
21 141
8 110
17 112
25 132
48 124
39 114
29 114
42 111
7 148
25 112
39 108
31 120
1 128
27 124
27 139
28 108
40 114
21 132
25 115
48 115
42 110
36 125
39 115
17 108
21 108
11 129
25 148
8 147
10 125
22 137
16 128
43 100
0 148
28 115
40 115
24 124
25 139
10 112
27 108
7 128
31 140
48 139
28 114
31 107
7 114
38 110
28 139
27 114
22 113
13 77
16 141
49 114
14 146
27 112
10 128
18 120
32 103
49 128
15 68
35 129
39 139
15 115
21 104
40 128
16 136
18 102
11 148
16 114
9 129
34 129
37 129
11 114
41 147
4 129
6 114
39 124
45 148
28 124
19 139
24 139
16 145
49 108
28 112
24 112
45 115
29 129
18 107
23 100
29 128
39 112
45 132
49 148
7 115
7 108
3 114
43 144
38 147
20 136
31 143
15 139
4 148
48 128
29 108
15 111
5 120
48 112
9 108
34 108
37 108
15 125
11 128
42 147
36 114
14 148
30 148
24 132
23 130
48 125
25 124
0 115
40 124
0 128
17 132
19 114
19 128
17 145
27 125
46 124
13 146
6 148
23 144
22 110
40 139
46 115
41 108
45 112
44 120
41 114
35 114
17 125
43 107
49 115
10 108
14 124
19 112
0 114
18 143
36 145
7 139
30 115
7 124
36 141
22 103
35 108
32 147
25 145
29 148
35 128
0 124
40 112
11 115
0 139
7 112
45 139
18 140
17 141
10 114
41 110
9 128
34 128
37 128
22 116
30 132
14 139
28 125
32 119
14 125
14 113
9 114
34 114
37 114
40 108
33 129
31 130
5 143
39 132
44 140
11 108
98 131
0 108
44 143
49 139
5 102
47 114
48 114
5 140
36 132
39 125
27 132
10 141
30 112
33 148
20 107
10 145
25 104
28 132
19 125
49 112
3 128
27 145
0 112
2 114
46 139
48 108
17 104
16 104
3 108
24 125
15 136
33 119
12 108
16 132
49 124
25 125
44 102
4 115
1 132
6 128
28 145
30 139
29 115
24 104
1 115
1 148
39 145
20 102
24 145
17 136
8 114
14 115
19 136
45 145
45 124
1 112
6 115
27 141
11 124
46 128
35 148
7 132
12 129
33 111
16 108
26 140
13 103
4 114
40 132
22 146
3 129
15 112
26 120
30 124
10 132
48 145
12 114
4 128
49 132
19 145
4 124
36 104
1 139
15 146
18 130
11 139
28 141
46 112
40 145
25 141
48 141
6 129
27 104
35 115
13 137
11 112
5 107
26 102
10 136
19 141
60 109
44 100
46 125
15 141
39 141
46 114
10 104
31 144
39 104
43 130
29 132
12 128
20 120
45 104
7 125
24 136
0 125
4 139
2 128
14 112
28 104
15 119
33 124
7 145
22 147
44 107
29 112
2 129
47 128
48 132
31 100
19 108
38 114
19 132
35 139
11 132
40 125
26 143
35 112
40 141
41 128
24 141
3 148
48 136
0 132
29 139
5 144
30 145
27 136
98 117
49 145
2 108
29 124
19 104
18 144
0 145
44 144
5 100
48 104
4 112
36 136
15 113
9 148
34 148
37 148
20 140
1 124
22 111
47 129
13 111
33 146
40 104
30 104
47 108
26 107
21 120
7 104
49 125
6 108
32 111
40 136
20 130
2 148
35 132
45 141
47 148
1 145
9 115
34 115
37 115
20 143
13 116
7 141
3 115
35 124
4 108
42 114
39 136
9 112
34 112
37 112
6 124
14 141
8 108
0 141
21 140
15 145
9 132
34 132
37 132
33 115
46 136
32 148
33 113
49 104
9 139
34 139
37 139
28 136
32 129
16 120
46 108
32 113
18 100
3 132
8 128
11 145
49 141
0 104
6 139
6 132
46 145
6 112
30 125
33 139
1 104
2 115
33 125
21 143
45 125
21 102
11 104
11 125
32 146
47 115
46 141
29 145
4 125
7 136
26 100
35 145
30 141
25 136
46 132
9 124
29 104
34 124
37 124
0 136
14 128
14 145
3 112
46 104
4 132
5 130
4 145
13 110
15 128
16 140
1 125
1 141
16 143
3 139
16 102
26 144
11 141
38 128
11 136
45 136
36 107
36 102
2 132
12 132
6 145
38 108
14 136
12 148
47 132
44 130
49 136
26 130
35 125
41 132
2 112
3 124
4 141
12 115
35 141
29 125
35 104
13 147
15 104
4 136
57 131
2 139
9 145
34 145
37 145
32 124
12 112
21 100
4 104
21 107
36 120
25 107
30 136
6 104
93 131
10 120
33 112
47 112
10 102
17 120
29 141
2 124
9 125
34 125
37 125
42 128
15 120
6 136
10 107
9 104
34 104
37 104
12 139
17 102
47 139
17 140
21 144
25 102
47 124
3 145
8 129
29 136
27 102
14 108
42 148
3 104
32 115
33 136
27 107
18 131
20 144
36 140
16 107
27 120
6 141
8 132
15 114
48 120
19 120
14 104
20 100
16 144
17 143
28 102
10 140
17 107
10 143
28 107
48 102
2 145
8 148
39 102
42 108
36 143
12 124
33 141
9 141
34 141
37 141
24 102
41 129
39 107
27 140
25 140
16 100
1 136
48 107
24 107
15 143
22 148
38 148
28 120
8 115
38 129
6 125
14 114
36 130
57 117
15 132
24 120
47 145
24 140
32 139
14 132
39 120
19 140
32 125
2 104
12 145
35 136
42 129
42 115
25 120
25 130
27 143
93 117
19 143
47 104
28 140
33 128
39 140
48 140
19 102
48 143
24 143
38 115
38 132
33 145
40 120
12 104
22 114
3 141
21 130
40 140
15 140
15 102
3 125
7 102
39 143
14 120
28 143
45 102
45 140
25 143
40 102
2 141
8 112
7 120
7 107
13 114
10 130
15 144
0 102
12 125
46 120
2 125
32 112
3 136
7 140
42 132
0 120
41 112
5 131
45 107
49 102
14 102
17 100
19 107
30 102
40 143
27 130
9 136
34 136
37 136
30 107
47 141
0 107
49 107
15 131
16 130
28 130
17 130
0 140
45 120
41 115
47 125
22 115
14 107
15 108
12 141
8 139
2 136
17 144
19 100
24 100
47 136
49 140
18 109
49 120
46 102
33 104
38 112
30 140
7 143
40 107
32 136
39 130
1 107
33 114
32 128
1 102
46 143
46 140
10 144
43 109
42 112
15 100
0 143
22 129
5 109
19 144
14 143
41 145
15 107
8 145
10 100
48 130
30 120
45 143
24 130
8 104
36 144
42 124
46 107
38 139
42 139
8 124
11 102
11 140
22 128
11 120
1 140
49 143
14 140
27 100
41 139
41 104
4 120
33 132
48 144
11 107
48 100
27 144
23 109
38 124
30 143
45 130
35 102
32 141
29 102
36 100
29 140
41 148
38 145
4 102
32 114
40 100
1 120
11 143
39 100
4 140
33 108
24 144
9 107
34 107
37 107
35 107
29 107
38 104
7 130
22 124
32 145
42 145
44 109
25 100
30 130
35 140
28 100
33 120
29 120
42 104
13 128
49 130
13 108
39 144
28 144
4 143
1 130
9 102
34 102
37 102
35 120
40 144
12 136
60 131
4 107
6 140
46 100
0 130
31 109
44 131
23 105
7 100
1 143
19 130
22 139
40 130
29 143
32 104
45 100
14 130
25 144
6 120
18 105
46 144
31 131
0 100
22 112
14 144
8 141
7 144
11 100
31 105
35 143
32 108
9 140
34 140
37 140
33 143
32 132
18 117
0 144
6 102
30 100
23 135
33 102
6 143
22 108
49 100
42 136
9 120
34 120
37 120
15 109
22 132
3 140
35 130
38 141
42 141
41 141
46 130
45 144
41 124
15 130
43 131
3 102
11 130
33 140
9 130
34 130
37 130
8 136
60 117
18 135
31 135
4 100
49 144
6 100
8 125
23 131
29 130
43 105
23 122
29 100
13 129
22 145
12 107
16 131
3 107
9 143
34 143
37 143
33 107
13 148
38 136
22 136
11 144
2 140
3 120
42 125
12 102
14 100
2 102
6 107
14 131
30 144
4 144
47 140
43 135
5 117
38 125
4 130
31 122
16 109
1 100
13 115
13 132
2 120
3 143
22 104
47 102
2 107
22 141
33 144
18 122
47 120
12 140
5 105
20 131
15 117
32 120
29 144
22 125
47 107
35 100
6 144
2 143
1 144
21 109
33 100
20 105
12 120
47 143
35 144
12 130
26 109
41 125
44 105
3 100
3 130
20 109
5 135
13 112
32 143
43 122
10 131
12 143
32 102
9 100
34 100
37 100
21 131
44 117
6 130
32 140
13 139
47 100
20 122
2 100
33 131
32 107
2 130
33 130
41 136
20 135
8 140
13 124
9 144
34 144
37 144
44 135
13 145
47 130
26 105
43 117
36 131
3 144
8 102
13 104
31 117
48 131
41 107
41 102
10 109
5 122
38 140
42 140
41 140
26 131
8 107
23 117
2 144
32 100
14 109
32 144
47 144
8 120
19 109
19 131
12 100
38 102
41 130
26 135
44 122
42 120
42 102
36 109
48 109
8 143
16 117
38 120
38 107
21 105
26 122
17 109
36 105
42 143
16 105
13 141
38 143
12 144
42 107
46 131
27 131
22 140
10 105
8 130
8 100
42 100
41 120
22 120
13 136
27 109
32 130
16 135
33 109
17 131
21 135
36 135
38 100
13 125
46 109
20 117
14 117
41 143
22 143
36 122
22 102
27 105
21 117
17 105
38 130
25 105
10 135
48 105
15 105
28 109
28 131
39 109
22 100
28 105
24 109
40 109
25 122
10 117
21 122
15 135
39 105
42 144
39 131
8 144
42 130
14 105
10 122
17 135
24 105
32 131
0 109
38 144
41 100
22 107
27 135
26 117
16 122
0 131
33 117
48 135
19 105
27 122
7 109
14 135
22 144
25 135
28 135
40 131
24 131
28 122
17 122
48 117
36 117
39 135
7 105
39 122
48 122
19 117
4 109
7 131
0 105
40 105
19 135
24 122
25 109
4 131
46 105
49 105
49 109
41 144
45 105
23 118
13 140
24 135
11 109
30 105
32 109
14 122
13 102
40 135
46 117
7 135
7 122
45 122
22 130
0 135
1 105
27 117
17 117
49 131
19 122
30 122
15 122
13 107
49 122
0 122
13 120
11 105
45 135
49 135
46 135
1 122
45 109
31 118
25 131
40 122
4 105
30 109
13 143
35 105
11 131
33 105
30 135
29 105
6 109
46 122
1 135
9 105
34 105
37 105
35 109
29 109
28 117
43 118
13 100
39 117
11 122
35 122
1 109
33 135
11 135
9 122
34 122
37 122
35 135
4 135
13 130
18 118
29 122
24 117
0 117
32 117
40 117
4 122
29 135
35 131
30 131
9 135
34 135
37 135
9 109
34 109
37 109
6 105
7 117
20 118
13 144
3 105
4 117
45 131
12 105
29 131
33 122
1 131
6 131
2 105
12 122
2 109
3 109
9 131
34 131
37 131
32 105
3 122
6 135
47 109
47 105
5 118
26 118
49 117
6 122
25 117
44 118
3 135
11 117
2 122
12 135
2 135
47 122
32 135
12 109
47 135
2 131
25 118
41 122
30 117
3 131
32 122
36 118
47 131
22 109
35 117
45 117
8 105
41 105
21 118
12 131
29 117
6 117
8 122
42 109
1 117
10 118
38 105
17 118
27 118
28 118
16 118
42 105
41 135
9 117
34 117
37 117
39 118
45 118
8 135
8 109
24 118
38 122
22 131
38 109
48 118
30 118
1 118
38 135
42 122
42 135
7 118
49 118
22 105
2 117
0 118
3 117
40 118
19 118
47 117
22 135
42 131
14 118
35 118
9 118
34 118
37 118
29 118
11 118
12 117
15 118
46 118
22 122
41 109
38 131
8 131
4 118
22 117
12 118
3 118
41 118
13 105
6 118
2 118
13 122
13 109
42 117
47 118
13 135
33 118
8 117
38 117
8 118
41 131
38 118
13 131
32 118
42 118
41 117
13 117
22 118
13 118
*
