128 137
15 27
50 93
8 23
140 144
120 147
9 34
9 37
34 37
101 142
7 39
10 48
127 138
17 40
0 27
28 39
2 47
0 17
128 132
1 25
120 143
29 47
19 46
80 81
0 39
3 47
8 38
27 28
63 91
96 99
82 92
7 49
116 137
65 75
0 4
29 30
57 93
1 45
1 12
0 28
27 39
11 24
2 29
123 126
69 80
0 40
112 139
0 7
9 12
12 34
12 37
94 99
39 49
17 27
9 30
30 34
30 37
3 29
88 96
88 95
35 49
66 84
74 97
138 149
42 47
7 28
3 30
7 11
19 21
95 96
63 78
1 30
13 38
136 148
2 3
1 9
1 34
1 37
4 40
17 39
127 149
52 86
4 17
17 28
65 86
55 96
78 91
9 25
25 34
25 37
7 17
23 26
5 16
55 99
58 75
30 45
12 30
7 40
25 30
7 27
28 49
61 78
55 94
2 30
71 97
46 48
141 145
4 27
103 116
69 81
39 40
82 99
17 26
50 52
107 130
51 56
90 94
*
85 113
97 112
21 87
74 136
0 90
94 101
38 85
96 106
43 106
*
