data,seed,e,kappa,cl_ml_ratio,pareto_index,chain,ml_sat,ml_unsat,cl_sat,cl_unsat,lm_lambda_minus,lm_lambda_plus,lp_lambda_minus,lp_lambda_plus,ARI,p1_slvr_status,p1_clause_gen,p1_solver,p1_total,p2_lm_slvr_status,p2_lm_clause_gen,p2_lm_solver,p2_lm_total,p2_lp_slvr_status,p2_lp_clause_gen,p2_lp_solver,p2_lp_total,total_slvr_time
chainlink,1358,0.1,0.0,1,0,nochain,,,,,928,2,960,16,0.117559650356817,,0,,0,OPTIMUM,5.18898,0.91779,6.10677,OPTIMUM,4.1965900000000005,0.96550,5.16209,1.8832900000000001
chainlink,1358,0.1,0.0,1,1,nochain,,,,,938,17,990,18,0.227753307755391,,0.0,,0,OPTIMUM,2.47509,0.23429,2.70938,OPTIMUM,4.52466,0.92383,5.44849,1.15812
chainlink,1358,0.1,0.0,1,2,nochain,,,,,941,19,990,20,0.151293836188400,,0.0,,0,OPTIMUM,2.29733,0.18140,2.47873,OPTIMUM,8.34133,0.96935,9.31068,1.15075
chainlink,1358,0.1,0.0,1,3,nochain,,,,,947,23,990,23,0.151289346245591,,0.0,,0,OPTIMUM,2.14489,0.14818,2.29307,OPTIMUM,10.69119,0.96107,11.65226,1.10925
chainlink,1358,0.1,0.0,1,4,nochain,,,,,956,24,990,24,0.151293836188400,,0.0,,0,OPTIMUM,1.98076,0.15542,2.13618,OPTIMUM,22.69667,0.86636,23.56303,1.0217800000000001
chainlink,1358,0.1,0.0,1,5,nochain,,,,,959,25,990,25,-0.000995075248858,,0.0,,0,OPTIMUM,2.0819,0.14193,2.22383,OPTIMUM,28.99525,1.01407,30.00932,1.1560000000000001
chainlink,1358,0.1,0.0,1,6,nochain,,,,,984,26,990,28,0.324300896361118,,0.0,,0,OPTIMUM,1.87572,0.13805,2.01377,OPTIMUM,21.59364,0.93616,22.52980,1.0742099999999999
chainlink,1358,0.1,0.0,1,7,nochain,,,,,985,29,990,29,0.136051656344946,,0.0,,0,OPTIMUM,1.9418199999999999,0.18085,2.12267,OPTIMUM,22.27354,1.00739,23.28093,1.18824
chainlink,1358,0.1,0.0,1,8,nochain,,,,,990,35,990,39,0.000000000000000,,0.0,,0,OPTIMUM,2.07409,0.12609,2.20018,OPTIMUM,21.723129999999998,0.96469,22.68782,1.09078
chainlink,1358,0.1,0.1,1,0,nochain,52,0,48,0,989,3,990,12,0.824288137577664,OPTIMUM,1.56819,0.37399,1.94218,OPTIMUM,6.75419,0.09566,6.84985,OPTIMUM,5.1917599999999995,0.09991,5.29167,2.13775
chainlink,1358,0.1,0.25,1,0,nochain,108,0,141,1,989,1,990,1,0.887251160419612,OPTIMUM,1.8212999999999995,3.55601,5.37731,OPTIMUM,4.23247,0.11142,4.34389,OPTIMUM,4.011839999999999,0.11425,4.12609,5.60298
iris,1358,0.1,0.0,1,0,nochain,,,,,726,5,1219,32,0.599132294241888,,0,,0,OPTIMUM,0.78837,0.08739,0.87576,OPTIMUM,1.1509500000000001,0.07662,1.22757,0.16401
iris,1358,0.1,0.0,1,1,nochain,,,,,755,36,1219,36,0.885792100198963,,0.0,,0,OPTIMUM,0.54534,0.03303,0.57837,OPTIMUM,0.9922300000000001,0.06980,1.06203,0.10283
iris,1358,0.1,0.0,1,2,nochain,,,,,829,50,1219,66,0.565885606026880,,0.0,,0,OPTIMUM,0.48476,0.06954,0.55430,OPTIMUM,1.01655,0.05874,1.07529,0.12828
iris,1358,0.1,0.0,1,3,nochain,,,,,896,74,1219,74,0.525194184425413,,0.0,,0,OPTIMUM,0.50169,0.05250,0.55419,OPTIMUM,1.1150499999999999,0.07332,1.18837,0.12582
iris,1358,0.1,0.0,1,4,nochain,,,,,920,106,1219,106,0.562136425142658,,0.0,,0,OPTIMUM,0.4779,0.08624,0.56414,OPTIMUM,1.05256,0.09646,1.14902,0.1827
iris,1358,0.1,0.0,1,5,nochain,,,,,966,107,1219,130,0.563751020523071,,0.0,,0,OPTIMUM,0.52626,0.05878,0.58504,OPTIMUM,1.14744,0.08128,1.22872,0.14006000000000002
iris,1358,0.1,0.0,1,6,nochain,,,,,1054,153,1219,153,0.558371443754135,,0.0,,0,OPTIMUM,0.49401,0.05529,0.54930,OPTIMUM,1.37227,0.07083,1.44310,0.12612
iris,1358,0.1,0.1,1,0,nochain,6,0,9,0,755,2,1219,15,0.676454462051257,OPTIMUM,0.18827,0.17978,0.36805,OPTIMUM,0.66398,0.05931,0.72329,OPTIMUM,0.69866,0.06086,0.75952,0.48822
iris,1358,0.1,0.1,1,1,nochain,6,0,9,0,787,20,1219,20,0.555401877397278,OPTIMUM,0.18827,0.17978,0.36805,OPTIMUM,0.55266,0.05374,0.60640,OPTIMUM,0.6483300000000001,0.07339,0.72172,0.49518
iris,1358,0.1,0.1,1,2,nochain,6,0,9,0,854,33,1219,36,0.903767579158050,OPTIMUM,0.18827,0.17978,0.36805,OPTIMUM,0.47638,0.04454,0.52092,OPTIMUM,0.58553,0.04747,0.63300,0.46006
iris,1358,0.1,0.25,1,0,nochain,16,0,21,0,755,5,1219,7,0.704442817285818,OPTIMUM,0.17165,0.08312,0.25477,OPTIMUM,0.63708,0.06154,0.69862,OPTIMUM,0.58503,0.08324,0.66827,0.39954999999999996
iris,1358,0.1,0.25,1,1,nochain,16,0,21,0,854,33,1219,36,0.903767579158050,OPTIMUM,0.17165,0.08312,0.25477,OPTIMUM,0.55136,0.06121,0.61257,OPTIMUM,0.58559,0.05304,0.63863,0.36901999999999996
