data,seed,e,kappa,cl_ml_ratio,pareto_index,chain,ml_sat,ml_unsat,cl_sat,cl_unsat,lm_lambda_minus,lm_lambda_plus,lp_lambda_minus,lp_lambda_plus,ARI,p1_slvr_status,p1_clause_gen,p1_solver,p1_total,p2_lm_slvr_status,p2_lm_clause_gen,p2_lm_solver,p2_lm_total,p2_lp_slvr_status,p2_lp_clause_gen,p2_lp_solver,p2_lp_total,total_slvr_time
chainlink,1358,0.1,0.0,1,0,nochain,,,,,928,2,960,16,0.117559650356817,,1.47416,,1.47416,OPTIMUM,5.18138,0.93071,6.11209,OPTIMUM,4.67067,0.85056,5.52123,3.2554299999999996
chainlink,1358,0.1,0.0,1,1,nochain,,,,,938,17,990,18,0.227753307755391,,1.47416,,1.47416,OPTIMUM,2.5095799999999997,0.23830,2.74788,OPTIMUM,4.69789,0.92333,5.62122,2.63579
chainlink,1358,0.1,0.0,1,2,nochain,,,,,941,19,990,20,0.151293836188400,,1.47416,,1.47416,OPTIMUM,2.39801,0.21441,2.61242,OPTIMUM,8.34676,0.90391,9.25067,2.59248
chainlink,1358,0.1,0.0,1,3,nochain,,,,,947,23,990,23,0.151289346245591,,1.47416,,1.47416,OPTIMUM,2.24122,0.17387,2.41509,OPTIMUM,11.98002,1.08650,13.06652,2.73453
chainlink,1358,0.1,0.0,1,4,nochain,,,,,956,24,990,24,0.151293836188400,,1.47416,,1.47416,OPTIMUM,2.04825,0.11665,2.16490,OPTIMUM,24.903319999999997,1.01103,25.91435,2.60184
chainlink,1358,0.1,0.0,1,5,nochain,,,,,959,25,990,25,-0.000995075248858,,1.47416,,1.47416,OPTIMUM,2.0247100000000002,0.37186,2.39657,OPTIMUM,26.96557,0.85397,27.81954,2.69999
chainlink,1358,0.1,0.0,1,6,nochain,,,,,984,26,990,28,0.324300896361118,,1.47416,,1.47416,OPTIMUM,1.72997,0.26688,1.99685,OPTIMUM,21.60836,1.00142,22.60978,2.74246
chainlink,1358,0.1,0.0,1,7,nochain,,,,,985,29,990,29,0.064600203196676,,1.47416,,1.47416,OPTIMUM,2.0079399999999996,0.17770,2.18564,OPTIMUM,21.836100000000002,1.10296,22.93906,2.7548199999999996
chainlink,1358,0.1,0.0,1,8,nochain,,,,,990,35,990,39,0.000000000000000,,1.47416,,1.47416,OPTIMUM,2.14871,0.23922,2.38793,OPTIMUM,21.84549,1.17054,23.01603,2.88392
chainlink,1358,0.1,0.1,1,0,nochain,52,0,48,0,989,3,990,12,0.824288137577664,OPTIMUM,1.75691,0.35249,2.10940,OPTIMUM,7.517110000000001,0.10291,7.62002,OPTIMUM,5.41972,0.13560,5.55532,2.34791
chainlink,1358,0.1,0.25,1,0,nochain,108,0,141,1,989,1,990,1,0.887251160419612,OPTIMUM,1.78519,3.60717,5.39236,OPTIMUM,4.34705,0.13753,4.48458,OPTIMUM,3.89599,0.08738,3.98337,5.6172699999999995
iris,1358,0.1,0.0,1,0,nochain,,,,,726,5,1219,32,0.599132294241888,,0.06099,,0.06099,OPTIMUM,0.88162,0.06637,0.94799,OPTIMUM,1.07305,0.07961,1.15266,0.20697
iris,1358,0.1,0.0,1,1,nochain,,,,,755,36,1219,36,0.885792100198963,,0.06099,,0.06099,OPTIMUM,0.57348,0.03299,0.60647,OPTIMUM,0.99735,0.07348,1.07083,0.16746
iris,1358,0.1,0.0,1,2,nochain,,,,,829,50,1219,66,0.565885606026880,,0.06099,,0.06099,OPTIMUM,0.50253,0.05125,0.55378,OPTIMUM,1.13471,0.07168,1.20639,0.18392
iris,1358,0.1,0.0,1,3,nochain,,,,,896,74,1219,74,0.525194184425413,,0.06099,,0.06099,OPTIMUM,0.54706,0.03708,0.58414,OPTIMUM,1.14842,0.09049,1.23891,0.18856
iris,1358,0.1,0.0,1,4,nochain,,,,,920,106,1219,106,0.562136425142658,,0.06099,,0.06099,OPTIMUM,0.491,0.04625,0.53725,OPTIMUM,1.17792,0.08158,1.25950,0.18882
iris,1358,0.1,0.0,1,5,nochain,,,,,966,107,1219,130,0.563751020523071,,0.06099,,0.06099,OPTIMUM,0.49888999999999994,0.06164,0.56053,OPTIMUM,1.26379,0.07949,1.34328,0.20212000000000002
iris,1358,0.1,0.0,1,6,nochain,,,,,1054,153,1219,153,0.558371443754135,,0.06099,,0.06099,OPTIMUM,0.47686,0.04192,0.51878,OPTIMUM,1.48769,0.08399,1.57168,0.1869
iris,1358,0.1,0.1,1,0,nochain,6,0,9,0,755,2,1219,15,0.676454462051257,OPTIMUM,0.21354,0.17695,0.39049,OPTIMUM,0.64016,0.06028,0.70044,OPTIMUM,0.6905600000000001,0.05748,0.74804,0.50825
iris,1358,0.1,0.1,1,1,nochain,6,0,9,0,787,20,1219,20,0.555401877397278,OPTIMUM,0.21354,0.17695,0.39049,OPTIMUM,0.63566,0.05131,0.68697,OPTIMUM,0.6641600000000001,0.05636,0.72052,0.49816000000000005
iris,1358,0.1,0.1,1,2,nochain,6,0,9,0,854,33,1219,36,0.903767579158050,OPTIMUM,0.21354,0.17695,0.39049,OPTIMUM,0.57004,0.04742,0.61746,OPTIMUM,0.62208,0.07013,0.69221,0.50804
iris,1358,0.1,0.25,1,0,nochain,16,0,21,0,755,5,1219,7,0.704442817285818,OPTIMUM,0.17109,0.08967,0.26076,OPTIMUM,0.69065,0.03851,0.72916,OPTIMUM,0.61369,0.06464,0.67833,0.36390999999999996
iris,1358,0.1,0.25,1,1,nochain,16,0,21,0,854,33,1219,36,0.903767579158050,OPTIMUM,0.17109,0.08967,0.26076,OPTIMUM,0.7756700000000001,0.04619,0.82186,OPTIMUM,0.57835,0.05947,0.63782,0.36642
