data,seed,e,kappa,cl_ml_ratio,pareto_index,chain,ml_sat,ml_unsat,cl_sat,cl_unsat,lm_lambda_minus,lm_lambda_plus,lp_lambda_minus,lp_lambda_plus,ARI,p1_slvr_status,p1_clause_gen,p1_solver,p1_total,p2_lm_slvr_status,p2_lm_clause_gen,p2_lm_solver,p2_lm_total,p2_lp_slvr_status,p2_lp_clause_gen,p2_lp_solver,p2_lp_total,total_slvr_time
iris,1358,0.1,0.0,1,0,nochain,,,,,726,5,1219,32,0.599132294241888,,0,,0,OPTIMUM,0.86093,0.05266,0.91359,OPTIMUM,1.8171799999999998,0.04950,1.86668,0.10216
iris,1358,0.1,0.0,1,1,nochain,,,,,755,36,1219,36,0.885792100198963,,0.0,,0,OPTIMUM,2.33257,0.05701,2.38958,OPTIMUM,3.39824,0.08154,3.47978,0.13855
iris,1358,0.1,0.0,1,2,nochain,,,,,829,50,1219,66,0.565885606026880,,0.0,,0,OPTIMUM,3.95528,0.04263,3.99791,OPTIMUM,4.972169999999999,0.04860,5.02077,0.09123
iris,1358,0.1,0.0,1,3,nochain,,,,,896,74,1219,74,0.525194184425413,,0.0,,0,OPTIMUM,5.49631,0.02829,5.52460,OPTIMUM,6.50832,0.04963,6.55795,0.07792
iris,1358,0.1,0.0,1,4,nochain,,,,,920,106,1219,106,0.562136425142658,,0.0,,0,OPTIMUM,6.99179,0.02720,7.01899,OPTIMUM,7.989879999999999,0.04955,8.03943,0.07675
iris,1358,0.1,0.0,1,5,nochain,,,,,966,107,1219,130,0.563751020523071,,0.0,,0,OPTIMUM,8.495410000000001,0.03718,8.53259,OPTIMUM,9.60267,0.08730,9.68997,0.12448000000000001
iris,1358,0.1,0.0,1,6,nochain,,,,,1054,153,1219,153,0.558371443754135,,0.0,,0,OPTIMUM,10.10789,0.02778,10.13567,OPTIMUM,11.45438,0.04613,11.50051,0.07391
iris,1358,0.1,0.1,1,0,nochain,6,0,9,0,755,2,1219,15,0.676454462051257,OPTIMUM,0.13990000000000002,0.17550,0.31540,OPTIMUM,0.54477,0.02998,0.57475,OPTIMUM,0.55159,0.03638,0.58797,0.38176000000000004
iris,1358,0.1,0.1,1,1,nochain,6,0,9,0,787,20,1219,20,0.555401877397278,OPTIMUM,0.13990000000000002,0.17550,0.31540,OPTIMUM,0.45654,0.03002,0.48656,OPTIMUM,0.54353,0.03515,0.57868,0.38057
iris,1358,0.1,0.1,1,2,nochain,6,0,9,0,854,33,1219,36,0.903767579158050,OPTIMUM,0.13990000000000002,0.17550,0.31540,OPTIMUM,0.43202,0.02851,0.46053,OPTIMUM,0.50234,0.03091,0.53325,0.37482
iris,1358,0.1,0.25,1,0,nochain,16,0,21,0,755,5,1219,7,0.704442817285818,OPTIMUM,0.142,0.07208,0.21408,OPTIMUM,0.58296,0.03388,0.61684,OPTIMUM,0.49295,0.03476,0.52771,0.28271999999999997
iris,1358,0.1,0.25,1,1,nochain,16,0,21,0,854,33,1219,36,0.903767579158050,OPTIMUM,0.142,0.07208,0.21408,OPTIMUM,0.49467,0.03053,0.52520,OPTIMUM,0.49673,0.02979,0.52652,0.2744
chainlink,1358,0.1,0.0,1,0,nochain,,,,,928,2,960,16,0.117559650356817,,0,,0,OPTIMUM,5.684489999999999,0.67269,6.35718,OPTIMUM,10.371770000000001,0.67889,11.05066,1.35158
chainlink,1358,0.1,0.0,1,1,nochain,,,,,938,17,990,18,0.227753307755391,,0.0,,0,OPTIMUM,13.33745,0.20307,13.54052,OPTIMUM,17.64883,0.77237,18.42120,0.97544
chainlink,1358,0.1,0.0,1,2,nochain,,,,,941,19,990,20,0.151293836188400,,0.0,,0,OPTIMUM,20.43541,0.14010,20.57551,OPTIMUM,27.55885,0.61346,28.17231,0.75356
chainlink,1358,0.1,0.0,1,3,nochain,,,,,947,23,990,23,0.151289346245591,,0.0,,0,OPTIMUM,29.9264,0.10156,30.02796,OPTIMUM,39.58247,0.68371,40.26618,0.78527
chainlink,1358,0.1,0.0,1,4,nochain,,,,,956,24,990,24,0.151293836188400,,0.0,,0,OPTIMUM,41.93992,0.08939,42.02931,OPTIMUM,62.86713,0.65300,63.52013,0.74239
chainlink,1358,0.1,0.0,1,5,nochain,,,,,959,25,990,25,-0.000995075248858,,0.0,,0,OPTIMUM,65.16416000000001,0.11786,65.28202,OPTIMUM,88.50135,0.58926,89.09061,0.70712
chainlink,1358,0.1,0.0,1,6,nochain,,,,,984,26,990,28,0.322021960930560,,0.0,,0,OPTIMUM,90.63384,0.09149,90.72533,OPTIMUM,118.23107999999999,0.72655,118.95763,0.81804
chainlink,1358,0.1,0.0,1,7,nochain,,,,,985,29,990,29,0.065629326287150,,0.0,,0,OPTIMUM,120.73308,0.10497,120.83805,OPTIMUM,146.70936999999998,0.64931,147.35868,0.7542800000000001
chainlink,1358,0.1,0.0,1,8,nochain,,,,,990,35,990,39,0.000000000000000,,0.0,,0,OPTIMUM,149.05916000000002,0.09569,149.15485,OPTIMUM,175.65064,0.61435,176.26499,0.71004
chainlink,1358,0.1,0.1,1,0,nochain,52,0,48,0,989,3,990,12,0.824288137577664,OPTIMUM,1.40648,0.27685,1.68333,OPTIMUM,6.42124,0.08335,6.50459,OPTIMUM,4.5297,0.07831,4.60801,1.8449900000000001
