num branch_node: 7
num leaf_node: 8
num feature: 57
tree_depth: 3
num label: 2
nDC: 2432

***variables
a: 1 - 399 -> 399
s: 400 - 32606 -> 32207
z: 32607 - 69414 -> 36808
g: 69415 - 69430 -> 16
x: 69431 - 78632 -> 9202
ml: 78633 - 81051 -> 2419
cl: 81052 - 83233 -> 2182

variables***
[debug] --> CL ML ratio 1
the cl header --> p wcnf 83233 3812171 4602

timeout 900s ~/SAT_Project/loandra-master/loandra_static -pmreslin-cglim=30 -weight-strategy=1 -print-model -verbosity=1 ./solutions/spam_0.1_mc1.0_s3556_r1/phase_1_clauses_final >./solutions/spam_0.1_mc1.0_s3556_r1/phase_1_loandra_res

Start to read loandra res
*loandra status: SATISFIABLE
-ml sat and violated: 1804 | 615  | total #ml: 2419 | -violated weight: 615
0 -- [3897 2250]
1 -- [462 409]
2 -- [3784 3467]
4 -- [ 281 1618]
8 -- [ 917 1535]
10 -- [4259 2920]
21 -- [360 859]
22 -- [1564  457]
23 -- [3752 2257]
33 -- [ 185 1280]
35 -- [ 179 1541]
40 -- [3533 2117]
41 -- [ 240 1004]
45 -- [3200 3932]
46 -- [1682  619]
51 -- [2373 3510]
61 -- [477 877]
65 -- [1601 1736]
66 -- [2421 2340]
71 -- [4206 2541]
73 -- [4026 3519]
84 -- [2926 2534]
87 -- [1785  293]
91 -- [ 90 452]
95 -- [3932 2726]
104 -- [2839 4159]
110 -- [1833 1866]
111 -- [4238 2536]
113 -- [1668 1399]
119 -- [1791  443]
120 -- [1464  897]
126 -- [2655 4310]
129 -- [ 940 1623]
137 -- [1144  535]
141 -- [1830 3734]
143 -- [1719 1492]
145 -- [3425 2263]
147 -- [ 175 1359]
153 -- [ 886 1660]
157 -- [4048 2808]
158 -- [1969 3940]
162 -- [2449 3372]
165 -- [2599 2441]
172 -- [3887 2465]
173 -- [3581 3508]
174 -- [ 193 1733]
176 -- [ 855 1627]
178 -- [1481 1677]
180 -- [2220 2518]
181 -- [4201 3712]
182 -- [1830 3022]
183 -- [1776 1680]
186 -- [2761 3005]
188 -- [4047 2445]
193 -- [  84 1646]
194 -- [ 869 1037]
195 -- [867 703]
197 -- [1165 1425]
200 -- [697 381]
203 -- [3979 2844]
205 -- [3009 3871]
206 -- [ 43 533]
210 -- [1266 1262]
212 -- [2339 3432]
213 -- [3502 4203]
221 -- [1435  284]
222 -- [3057 2695]
223 -- [4204 4370]
225 -- [3202 2021]
227 -- [4257 2402]
228 -- [3480 3510]
232 -- [810 945]
235 -- [3495 4015]
236 -- [2290 3054]
238 -- [479 734]
245 -- [4370 2339]
247 -- [4273 2654]
248 -- [2921 4242]
251 -- [1203  673]
252 -- [3958 3552]
257 -- [3669 3152]
258 -- [2585 3749]
269 -- [3116 3762]
270 -- [1024  393]
273 -- [4279 1972]
277 -- [2099 3225]
282 -- [ 199 1463]
284 -- [3153 3064]
286 -- [4514 2186]
289 -- [3377 4258]
294 -- [  86 1279]
299 -- [3830 4178]
302 -- [1038  845]
308 -- [ 324 1754]
310 -- [4366 2050]
312 -- [3847 2752]
320 -- [1700  388]
325 -- [ 461 1265]
335 -- [2774 3398]
342 -- [4056 4123]
347 -- [1775   63]
353 -- [2204 2612]
354 -- [1975 2573]
356 -- [4269 3633]
358 -- [4422 1871]
361 -- [4233 3451]
367 -- [4397 4437]
371 -- [2803 3973]
372 -- [2454 1975]
373 -- [3916 2428]
382 -- [2721 2387]
384 -- [ 262 1435]
386 -- [2725 2980]
393 -- [4164 3735]
397 -- [3836 2971]
401 -- [1545  288]
402 -- [1376   91]
406 -- [1380 1457]
409 -- [1285 1777]
415 -- [4299 3557]
421 -- [1719 1208]
430 -- [1483 1248]
432 -- [908 423]
434 -- [3797 4496]
435 -- [666 255]
439 -- [ 561 1341]
446 -- [4123 4043]
447 -- [3220 2654]
454 -- [1296 1019]
457 -- [ 636 1107]
462 -- [ 217 1416]
468 -- [3082 3225]
474 -- [812  64]
475 -- [3150 2689]
480 -- [1183  471]
482 -- [1630   89]
483 -- [3535 3952]
489 -- [1155  185]
490 -- [1235 1656]
492 -- [702 906]
493 -- [ 230 1260]
495 -- [2541 1927]
505 -- [2513 3185]
508 -- [3535 3467]
510 -- [1981 2826]
524 -- [3090 3050]
529 -- [1357 1274]
531 -- [1871 4207]
537 -- [2960 3185]
547 -- [3847 3148]
553 -- [1694  702]
559 -- [4168 3132]
564 -- [1833 2987]
566 -- [2616 2658]
569 -- [2772 2524]
571 -- [1891 4473]
572 -- [2008 3023]
574 -- [1635  481]
578 -- [3945 4215]
582 -- [337 437]
587 -- [740 437]
592 -- [3764 2287]
595 -- [2544 3194]
598 -- [ 131 1457]
605 -- [2483 3011]
608 -- [533 237]
619 -- [4383 3955]
626 -- [401 406]
630 -- [3809 4257]
650 -- [2789 2186]
651 -- [ 332 1043]
652 -- [155 745]
655 -- [ 41 123]
657 -- [3790 2755]
659 -- [ 206 1164]
662 -- [598 803]
663 -- [3050 4118]
668 -- [3309 4342]
669 -- [739 650]
670 -- [641 386]
688 -- [3762 4275]
690 -- [4305 2545]
696 -- [2274 2039]
697 -- [318  36]
699 -- [2857 4105]
712 -- [4134 3786]
713 -- [ 974 1781]
714 -- [3152 2875]
715 -- [ 505 1719]
716 -- [2971 4222]
718 -- [2039 3412]
722 -- [3276 2747]
725 -- [4155 2074]
744 -- [2905 4055]
747 -- [4520 3050]
752 -- [4264 2673]
754 -- [ 598 1289]
755 -- [2538 2966]
758 -- [ 851 1311]
759 -- [3513 3814]
771 -- [568 547]
775 -- [1611  375]
777 -- [1973 4164]
783 -- [3435 3835]
788 -- [1639 1041]
790 -- [897 215]
795 -- [2384 3918]
796 -- [3405 2326]
797 -- [2803 2299]
799 -- [ 803 1711]
800 -- [1805 1490]
801 -- [4338 4591]
802 -- [184 363]
803 -- [2226 2136]
812 -- [3675 4344]
813 -- [4505 2021]
821 -- [1577 1263]
823 -- [3116 3379]
827 -- [3245 2039]
829 -- [4547 2834]
837 -- [2337 3185]
838 -- [2115 3940]
839 -- [ 816 1408]
852 -- [2629 1851]
864 -- [3721 3837]
869 -- [2397 2756]
873 -- [622 746]
874 -- [2572 2151]
875 -- [ 423 1712]
881 -- [4404 3785]
883 -- [3389 4404]
885 -- [4162 1832]
889 -- [4341 4258]
893 -- [3957 4276]
894 -- [ 150 1385]
913 -- [3903 2972]
915 -- [586 499]
933 -- [3443 3808]
934 -- [ 185 1035]
935 -- [2301 2259]
942 -- [2736 4539]
944 -- [2446 2007]
951 -- [  94 1430]
952 -- [917 633]
954 -- [4374 3518]
956 -- [3551 4029]
957 -- [1074 1589]
961 -- [4180 3004]
963 -- [4392 1878]
966 -- [3797 2207]
975 -- [4501 2032]
983 -- [ 724 1535]
988 -- [2431 4019]
992 -- [4443 3020]
1004 -- [4145 3623]
1006 -- [2014 2271]
1010 -- [2531 2576]
1011 -- [3456 3064]
1012 -- [1554  322]
1020 -- [247 737]
1022 -- [ 443 1371]
1026 -- [3437 2138]
1032 -- [619 642]
1038 -- [3785 2287]
1046 -- [2002 3372]
1049 -- [1568  346]
1053 -- [ 760 1508]
1055 -- [1160 1279]
1056 -- [274 104]
1057 -- [2037 4160]
1060 -- [3108 2156]
1061 -- [2902 2846]
1067 -- [1351 1404]
1072 -- [4279 2428]
1075 -- [4555 2325]
1077 -- [2772 2385]
1079 -- [1273  674]
1081 -- [4503 3455]
1090 -- [4425 4564]
1091 -- [2939 2341]
1093 -- [1616 1643]
1096 -- [ 500 1699]
1100 -- [469 999]
1101 -- [4199 1853]
1102 -- [ 463 1544]
1112 -- [3574 2509]
1114 -- [  24 1206]
1116 -- [ 479 1284]
1118 -- [2462 3368]
1124 -- [4437 2450]
1126 -- [1286  541]
1129 -- [301 153]
1131 -- [861 781]
1135 -- [4057 3903]
1138 -- [3970 2040]
1142 -- [1568 1292]
1146 -- [1389 1229]
1159 -- [ 859 1689]
1160 -- [1562 1523]
1161 -- [1366  615]
1185 -- [3398 2525]
1190 -- [3714 4004]
1193 -- [3914 2398]
1194 -- [4156 2515]
1195 -- [1326  946]
1201 -- [2079 3156]
1207 -- [3443 2891]
1209 -- [1800 1239]
1212 -- [1055  512]
1220 -- [324 502]
1222 -- [ 152 1760]
1232 -- [327 174]
1233 -- [3785 3837]
1234 -- [3451 3976]
1235 -- [3983 3485]
1236 -- [1403 1491]
1243 -- [ 767 1609]
1245 -- [2334 4387]
1246 -- [2599 3291]
1250 -- [1705 1373]
1255 -- [2330 2834]
1256 -- [3686 3064]
1257 -- [2596 3009]
1262 -- [ 759 1113]
1264 -- [2858 3062]
1268 -- [3765 3549]
1274 -- [1640  250]
1279 -- [175 110]
1280 -- [111 897]
1286 -- [2098 3897]
1294 -- [2478 3704]
1305 -- [4259 2482]
1306 -- [ 134 1263]
1310 -- [2874 4178]
1312 -- [1261 1425]
1325 -- [3707 1938]
1327 -- [4061 4058]
1331 -- [3753 2510]
1332 -- [3380 2463]
1336 -- [ 479 1679]
1339 -- [ 710 1726]
1343 -- [2234 3510]
1344 -- [ 243 1511]
1348 -- [2939 3110]
1350 -- [4434 3777]
1362 -- [2719 3776]
1365 -- [3955 3796]
1369 -- [ 351 1811]
1370 -- [ 604 1585]
1371 -- [ 205 1491]
1373 -- [3614 2541]
1379 -- [4356 4334]
1386 -- [2104 2457]
1389 -- [ 374 1211]
1390 -- [2650 3405]
1391 -- [3613 3280]
1393 -- [1460   40]
1394 -- [108 132]
1395 -- [1152 1413]
1397 -- [2288 3959]
1398 -- [2709 4276]
1403 -- [1772  848]
1411 -- [3372 3385]
1420 -- [1463  527]
1425 -- [ 180 1152]
1426 -- [ 75 481]
1427 -- [1735  276]
1428 -- [2391 4311]
1429 -- [ 553 1336]
1435 -- [4434 3556]
1438 -- [4308 4024]
1440 -- [2531 2637]
1441 -- [4060 3422]
1457 -- [3688 4242]
1461 -- [ 893 1763]
1463 -- [2613 3692]
1465 -- [3946 3398]
1470 -- [2956 2887]
1471 -- [4570 4437]
1472 -- [4298 2641]
1473 -- [490  57]
1476 -- [3776 4075]
1490 -- [ 259 1613]
1491 -- [2976 3938]
1494 -- [594 173]
1495 -- [2126 3903]
1496 -- [1911 2032]
1507 -- [1632 1186]
1510 -- [3771 2394]
1511 -- [2534 4036]
1513 -- [4259 2413]
1515 -- [2956 2627]
1520 -- [2572 2697]
1526 -- [3266 4264]
1528 -- [1851 2282]
1530 -- [1999 3380]
1532 -- [3425 1863]
1540 -- [332 456]
1551 -- [  50 1183]
1565 -- [2756 2767]
1585 -- [3242 4299]
1586 -- [2383 3454]
1590 -- [2029 2457]
1592 -- [812 364]
1598 -- [ 970 1127]
1600 -- [ 317 1389]
1601 -- [150 525]
1606 -- [3309 2852]
1621 -- [ 752 1711]
1626 -- [ 236 1760]
1630 -- [3798 4413]
1636 -- [3505 2538]
1644 -- [2655 4392]
1649 -- [ 283 1440]
1650 -- [1959 3116]
1651 -- [ 618 1718]
1654 -- [3933 2789]
1657 -- [4566 3380]
1658 -- [3375 3625]
1660 -- [3310 3184]
1661 -- [3075 3191]
1672 -- [2547 3280]
1674 -- [3474 2387]
1679 -- [ 300 1777]
1685 -- [ 916 1439]
1707 -- [715 294]
1708 -- [1917 3493]
1718 -- [2131 4165]
1721 -- [4524 4242]
1722 -- [2094 2834]
1723 -- [1612  383]
1724 -- [1142  765]
1727 -- [3175 2520]
1728 -- [653 496]
1729 -- [ 212 1710]
1730 -- [294 199]
1740 -- [2610 4256]
1743 -- [1061  400]
1746 -- [162 219]
1751 -- [ 175 1266]
1752 -- [3020 2432]
1762 -- [1731  858]
1765 -- [4477 2715]
1772 -- [2173 3570]
1783 -- [3914 4003]
1785 -- [ 904 1710]
1787 -- [2659 2802]
1788 -- [3401 4299]
1789 -- [4554 2478]
1790 -- [2245 2956]
1792 -- [4298 3907]
1796 -- [3548 4179]
1799 -- [2041 3044]
1801 -- [1720  323]
1805 -- [3051 3570]
1812 -- [2551 2948]
1813 -- [2465 3564]
1816 -- [2026 2958]
1817 -- [3996 4166]
1818 -- [1775 1742]
1822 -- [1851 3187]
1824 -- [4269 3260]
1827 -- [1450 1537]
1828 -- [ 371 1206]
1830 -- [2143 2314]
1831 -- [ 218 1575]
1834 -- [ 468 1686]
1836 -- [1471 1470]
1837 -- [3361 4201]
1840 -- [3889 3539]
1845 -- [1743   10]
1849 -- [4434 3133]
1850 -- [3847 3608]
1851 -- [3430 3488]
1852 -- [4353 1826]
1854 -- [4155 3622]
1858 -- [3965 4437]
1862 -- [3310 2498]
1863 -- [3553 4427]
1867 -- [1742  562]
1870 -- [ 115 1670]
1876 -- [1005  479]
1878 -- [2963 4158]
1879 -- [3179 2223]
1882 -- [  9 306]
1887 -- [1532 1258]
1888 -- [3960 3837]
1889 -- [3857 3753]
1898 -- [1043  583]
1903 -- [2999 4302]
1911 -- [3182 3164]
1914 -- [1064 1260]
1916 -- [2277 4408]
1920 -- [1829 2137]
1921 -- [1559  951]
1923 -- [3444 4588]
1927 -- [1061  160]
1932 -- [735  36]
1935 -- [488   5]
1938 -- [2098 2483]
1941 -- [2008 3493]
1946 -- [1145 1658]
1960 -- [2337 2306]
1962 -- [147  64]
1963 -- [2288 2396]
1966 -- [ 649 1486]
1969 -- [4204 2479]
1975 -- [2535 4214]
1976 -- [2838 2065]
1977 -- [1205  465]
1981 -- [1311  117]
1983 -- [2019 3200]
1984 -- [1652 1271]
1987 -- [3273 2080]
1992 -- [2537 4200]
2002 -- [2563 4360]
2007 -- [3214 3200]
2011 -- [2737 3156]
2015 -- [1175 1017]
2017 -- [4284 4229]
2019 -- [1274  110]
2023 -- [1983 2114]
2029 -- [1120  909]
2034 -- [2264 3519]
2041 -- [ 811 1537]
2042 -- [2421 4422]
2048 -- [2913 2536]
2050 -- [4173 2026]
2051 -- [2465 1837]
2053 -- [1027 1346]
2055 -- [4037 1817]
2056 -- [305 659]
2058 -- [3601 3050]
2060 -- [3863 4087]
2063 -- [3318 1979]
2067 -- [880 431]
2069 -- [1495  533]
2079 -- [2624 4010]
2089 -- [2063 4576]
2091 -- [3771 3710]
2101 -- [3454 4394]
2110 -- [  62 1774]
2125 -- [4491 3802]
2131 -- [1376   13]
2140 -- [1507 1408]
2143 -- [4477 4134]
2147 -- [1059  247]
2150 -- [4199 2586]
2151 -- [3455 2263]
2154 -- [2689 3009]
2161 -- [1433  185]
2171 -- [1431  415]
2172 -- [2588 2589]
2174 -- [138  27]
2177 -- [4164 2302]
2181 -- [2628 4177]
2183 -- [58 33]
2184 -- [4473 3714]
2185 -- [2970 3023]
2186 -- [2171 4428]
2189 -- [ 439 1450]
2196 -- [4282 3364]
2197 -- [1541  617]
2199 -- [2772 4295]
2204 -- [ 293 1226]
2209 -- [2223 2267]
2211 -- [2776 3064]
2226 -- [4582 4408]
2227 -- [3152 1995]
2228 -- [1343 1250]
2246 -- [1231 1120]
2257 -- [1471 1011]
2258 -- [1779  889]
2282 -- [3380 2550]
2292 -- [1882 4187]
2295 -- [4343 4135]
2298 -- [4379 3510]
2303 -- [294 181]
2304 -- [618 818]
2306 -- [4492 3201]
2309 -- [ 562 1377]
2313 -- [2919 3614]
2316 -- [2404 4077]
2320 -- [107 161]
2322 -- [2252 2259]
2323 -- [3152 4455]
2325 -- [2828 4032]
2326 -- [ 279 1545]
2329 -- [4298 2038]
2330 -- [3326 4337]
2334 -- [1532 1798]
2339 -- [3054 3477]
2344 -- [324 684]
2346 -- [4270 2763]
2349 -- [1665  996]
2350 -- [2362 3903]
2352 -- [3495 2260]
2354 -- [ 956 1556]
2355 -- [1269 1540]
2356 -- [1169    6]
2360 -- [2036 3191]
2375 -- [2141 3642]
2377 -- [3052 4454]
2381 -- [4145 1839]
2383 -- [ 901 1502]
2390 -- [4121 2136]
2391 -- [2639 1843]
2394 -- [3326 4506]
2395 -- [1669   64]
2401 -- [1311  408]
2402 -- [ 867 1144]
2405 -- [1113 1253]
2408 -- [1687 1488]
2409 -- [2773 4200]
2410 -- [1660 1645]
-cl sat and violated: 1509 | 673  | total #cl: 2182 | -violated weight: 673
1 -- [1834 1707]
2 -- [2560   31]
13 -- [1586 4124]
15 -- [3313 1521]
16 -- [3361  386]
17 -- [ 795 2810]
23 -- [2686 1785]
24 -- [1093 4298]
25 -- [ 774 2893]
26 -- [ 877 4520]
33 -- [3483  108]
34 -- [1502 2199]
35 -- [ 805 3588]
37 -- [2166  483]
39 -- [3639 1618]
43 -- [ 268 4486]
45 -- [ 161 3737]
49 -- [4077  495]
51 -- [2115  828]
52 -- [1342 2572]
53 -- [ 388 2006]
59 -- [1585 3262]
62 -- [ 797 2428]
63 -- [3805 1616]
66 -- [1956 1615]
68 -- [3492 1735]
69 -- [ 897 3821]
70 -- [2585  761]
75 -- [2110 1545]
79 -- [3485 1751]
81 -- [ 849 1819]
82 -- [3251   47]
84 -- [3604 1640]
86 -- [2370  298]
87 -- [3850 1132]
89 -- [3871  650]
93 -- [  82 3724]
94 -- [3651  840]
96 -- [2833   41]
99 -- [ 315 4347]
100 -- [4021 1365]
103 -- [ 566 4593]
108 -- [ 730 2097]
109 -- [3128 1665]
117 -- [3126 1124]
124 -- [2298 1412]
127 -- [ 496 3001]
135 -- [   1 3256]
136 -- [3505 1037]
140 -- [4218   76]
141 -- [1057 3226]
149 -- [3237   82]
156 -- [3519 1371]
160 -- [4443  701]
168 -- [4182  502]
169 -- [ 348 2478]
175 -- [3335  434]
177 -- [ 293 3281]
180 -- [2485  131]
181 -- [ 811 4486]
182 -- [ 287 2806]
183 -- [3511  153]
185 -- [3355  500]
190 -- [1532 1885]
192 -- [1402 3602]
193 -- [ 324 4597]
203 -- [ 572 3790]
207 -- [4270 1353]
209 -- [1198 3451]
214 -- [1055 2359]
215 -- [2589  669]
217 -- [2136  514]
220 -- [2141 1497]
221 -- [1287 2613]
223 -- [1487 2409]
224 -- [1317 2483]
226 -- [2823 1586]
229 -- [2066  496]
233 -- [4590  478]
234 -- [ 298 4519]
238 -- [1586 3543]
241 -- [3541   40]
244 -- [ 176 3932]
246 -- [4212  515]
252 -- [4103  385]
254 -- [1774 1885]
256 -- [2495 1738]
257 -- [1317 3156]
258 -- [2159  149]
265 -- [ 858 2446]
268 -- [3755  104]
272 -- [1937 1299]
274 -- [1136 3035]
281 -- [3095  249]
284 -- [3259 1230]
287 -- [ 754 2044]
298 -- [2637 1777]
308 -- [3325 1564]
309 -- [2992 1554]
310 -- [ 495 2748]
312 -- [2008 1264]
313 -- [2620  162]
325 -- [ 780 2211]
326 -- [ 316 3847]
327 -- [3912  617]
328 -- [4244 1585]
332 -- [ 696 1856]
346 -- [ 462 1889]
355 -- [4027  161]
357 -- [ 391 3618]
359 -- [1817 1467]
361 -- [1439 2723]
362 -- [3124  115]
365 -- [1444 4298]
366 -- [2848 1781]
367 -- [1006 2529]
377 -- [2606 1736]
379 -- [4289 1640]
380 -- [1616 2873]
381 -- [ 561 4061]
383 -- [1728 4213]
397 -- [2748  949]
398 -- [1131 2061]
406 -- [  63 3850]
407 -- [4528  754]
415 -- [4182  340]
418 -- [2046 1457]
419 -- [1543 4261]
421 -- [1757 1822]
422 -- [ 709 2553]
423 -- [1457 3305]
428 -- [3938 1289]
430 -- [ 586 1863]
432 -- [2359  216]
433 -- [2178 1113]
436 -- [  86 3717]
443 -- [ 150 1858]
447 -- [4117  440]
450 -- [1739 3842]
451 -- [ 875 2091]
455 -- [1457 2002]
456 -- [2612  740]
457 -- [ 884 4216]
461 -- [  35 2029]
463 -- [ 750 2142]
467 -- [ 948 2676]
469 -- [2288  859]
477 -- [1255 2098]
478 -- [4403 1292]
479 -- [1415 2700]
480 -- [1777 2401]
481 -- [ 967 3396]
482 -- [4454  265]
484 -- [1653 2585]
485 -- [3900 1615]
487 -- [ 308 3322]
488 -- [1381 2606]
489 -- [2020  891]
492 -- [ 499 2153]
493 -- [3575  840]
495 -- [ 773 2965]
498 -- [3759  482]
499 -- [ 633 4370]
504 -- [ 502 3023]
506 -- [1348 4145]
507 -- [ 747 3523]
508 -- [ 186 1859]
512 -- [1154 2980]
513 -- [ 393 2389]
514 -- [2561 1680]
516 -- [ 959 3755]
522 -- [ 767 2766]
526 -- [1083 1910]
527 -- [1348 4199]
532 -- [ 184 3811]
536 -- [ 152 2328]
537 -- [4305  151]
541 -- [ 517 3922]
561 -- [3096  945]
563 -- [3892  602]
566 -- [4461 1559]
570 -- [  99 2534]
571 -- [3121  515]
573 -- [3798 1062]
575 -- [4382 1585]
576 -- [1774 2719]
579 -- [4483  737]
583 -- [3461 1559]
585 -- [2461  997]
596 -- [2563   82]
607 -- [ 108 2299]
609 -- [4489   94]
611 -- [1640 4380]
614 -- [1793 2977]
617 -- [1274 3434]
618 -- [3607 1774]
620 -- [3413 1530]
622 -- [ 982 2631]
625 -- [3150  151]
631 -- [ 124 2990]
633 -- [1038 3223]
634 -- [4047 1459]
636 -- [3751 1422]
638 -- [   7 4094]
640 -- [3901 1107]
642 -- [1270 2014]
650 -- [3131   42]
651 -- [ 176 3733]
654 -- [2558  661]
658 -- [ 840 3226]
660 -- [1444 4288]
668 -- [2060  784]
672 -- [ 887 4076]
674 -- [ 617 4475]
676 -- [2608  444]
677 -- [2252 1585]
682 -- [2021 1198]
692 -- [  64 3958]
695 -- [1950 1496]
704 -- [ 659 3794]
709 -- [4213  805]
710 -- [2573    1]
715 -- [3273 1766]
717 -- [  94 4414]
718 -- [ 310 2195]
723 -- [4391  740]
724 -- [3248  713]
731 -- [2391  402]
732 -- [ 346 2313]
736 -- [ 889 3591]
738 -- [1987  360]
739 -- [ 136 2772]
743 -- [ 162 3548]
750 -- [2974  406]
751 -- [ 547 4432]
754 -- [4340  755]
757 -- [1602 3615]
758 -- [4503  886]
759 -- [2472  674]
762 -- [ 734 2905]
765 -- [4242 1729]
767 -- [3060 1504]
775 -- [2381 1535]
778 -- [4345 1341]
780 -- [2052    9]
784 -- [ 243 3612]
789 -- [3537 1504]
790 -- [3135  773]
795 -- [1311 3947]
797 -- [1255 2446]
798 -- [ 378 3268]
803 -- [1135 3526]
806 -- [1849   30]
809 -- [ 855 2469]
814 -- [ 460 1985]
819 -- [3889  741]
825 -- [ 184 3335]
826 -- [2642  780]
827 -- [1549 2802]
834 -- [4186  545]
838 -- [4145  789]
841 -- [3795 1399]
842 -- [4588 1504]
844 -- [2068   83]
848 -- [3288 1562]
851 -- [4099 1299]
852 -- [4061  411]
853 -- [1120 3593]
858 -- [1770 3497]
860 -- [ 386 2068]
866 -- [3467 1395]
867 -- [1255 3585]
872 -- [3576  946]
873 -- [2516 1234]
875 -- [2956 1766]
876 -- [1459 3397]
881 -- [2143  200]
884 -- [2003 1230]
888 -- [3460 1027]
892 -- [1581 2084]
895 -- [3015  855]
899 -- [ 440 2256]
904 -- [ 544 2938]
911 -- [1762 4235]
913 -- [4586 1126]
917 -- [1438 4081]
920 -- [4093  615]
923 -- [3344  666]
928 -- [2378  144]
931 -- [ 244 2276]
933 -- [4404 1396]
934 -- [ 521 2748]
935 -- [1468 4517]
940 -- [ 907 3375]
944 -- [2873  481]
945 -- [3310 1291]
948 -- [2536   99]
957 -- [4215  187]
959 -- [1515 2692]
965 -- [3186  186]
967 -- [3853 1006]
968 -- [ 804 3276]
971 -- [2395  164]
976 -- [2337  602]
978 -- [1444 4454]
989 -- [4060  730]
991 -- [4497 1126]
1002 -- [1262 2813]
1003 -- [2369  185]
1009 -- [3631   23]
1014 -- [1933 1705]
1017 -- [3523 1255]
1018 -- [3741  162]
1019 -- [2160 1112]
1024 -- [1321 1957]
1028 -- [2795 1733]
1029 -- [2816 1630]
1030 -- [3749 1614]
1032 -- [3453  769]
1033 -- [1800 2189]
1035 -- [4410  402]
1036 -- [ 999 3753]
1037 -- [ 518 4134]
1038 -- [1556 2184]
1043 -- [ 922 4344]
1048 -- [1735 2805]
1051 -- [1376 4132]
1052 -- [1886  162]
1053 -- [ 308 2009]
1071 -- [4499 1521]
1077 -- [2613 1706]
1078 -- [  42 2967]
1080 -- [2662  138]
1082 -- [ 482 2665]
1085 -- [1519 4045]
1086 -- [1021 4192]
1088 -- [ 347 4184]
1091 -- [1843 1145]
1095 -- [ 681 3237]
1101 -- [1560 3012]
1109 -- [1149 3377]
1112 -- [3075  616]
1120 -- [  76 2503]
1121 -- [4168  539]
1124 -- [ 441 3376]
1125 -- [2780   31]
1131 -- [1738 2281]
1142 -- [ 774 1934]
1147 -- [1477 4391]
1149 -- [4449 1749]
1150 -- [ 522 3050]
1153 -- [ 661 4471]
1158 -- [ 438 3512]
1179 -- [ 852 1820]
1183 -- [3601  889]
1187 -- [3201  616]
1189 -- [ 666 3142]
1193 -- [ 437 3455]
1196 -- [3508   87]
1197 -- [3633 1211]
1199 -- [2197  173]
1202 -- [2325 1740]
1203 -- [3210  235]
1213 -- [3319 1400]
1218 -- [3694  185]
1221 -- [ 399 2980]
1227 -- [ 173 2753]
1229 -- [3349 1641]
1231 -- [3754  497]
1232 -- [1305 3554]
1233 -- [3944 1142]
1234 -- [1906  139]
1235 -- [3307  482]
1240 -- [4562    7]
1246 -- [ 876 1908]
1252 -- [1726 3803]
1254 -- [3245  289]
1260 -- [1102 2061]
1262 -- [3811  108]
1263 -- [1700 4051]
1264 -- [ 506 4264]
1267 -- [1786 3235]
1268 -- [1676 4439]
1273 -- [1716 2006]
1279 -- [2772 1570]
1280 -- [2538  165]
1284 -- [ 548 2483]
1285 -- [2104 1688]
1288 -- [2986 1490]
1289 -- [4095  235]
1290 -- [1560 2729]
1292 -- [ 300 4257]
1293 -- [ 322 3938]
1305 -- [1909 1781]
1309 -- [2538 1744]
1311 -- [ 848 4208]
1314 -- [1336 2432]
1316 -- [4456 1027]
1318 -- [2447  649]
1321 -- [ 231 2538]
1324 -- [2831  441]
1330 -- [ 755 2391]
1332 -- [4338 1806]
1337 -- [ 116 1938]
1340 -- [4202 1491]
1342 -- [2861  702]
1361 -- [ 113 3218]
1370 -- [ 622 4030]
1372 -- [ 162 3832]
1374 -- [2716  262]
1375 -- [1219 3260]
1377 -- [2522 1715]
1378 -- [3711  666]
1379 -- [ 960 2518]
1380 -- [1677 2472]
1381 -- [3185  882]
1389 -- [ 567 3453]
1392 -- [1553 3451]
1396 -- [4215 1746]
1399 -- [ 173 3283]
1400 -- [3166  176]
1406 -- [4164  166]
1409 -- [2048 1279]
1410 -- [   9 2088]
1412 -- [4390 1038]
1414 -- [1025 3075]
1416 -- [2435  485]
1417 -- [ 434 2943]
1418 -- [1866 1463]
1425 -- [ 659 2958]
1426 -- [ 914 3918]
1427 -- [ 740 4060]
1430 -- [3246  451]
1431 -- [ 731 2655]
1432 -- [4417  402]
1436 -- [4316  155]
1438 -- [ 485 3856]
1440 -- [ 714 2803]
1446 -- [1072 2971]
1448 -- [2428  345]
1449 -- [ 353 4284]
1451 -- [1059 4111]
1456 -- [ 419 2715]
1457 -- [ 482 1837]
1462 -- [1246 2391]
1463 -- [2143 1495]
1466 -- [3422  160]
1470 -- [1607 4408]
1472 -- [3438  674]
1480 -- [1519 2313]
1485 -- [4049   79]
1487 -- [4593  113]
1488 -- [ 347 2986]
1489 -- [1933 1630]
1490 -- [  32 4533]
1491 -- [ 176 1853]
1496 -- [2357 1124]
1498 -- [1921   94]
1506 -- [4007  690]
1512 -- [1260 3292]
1518 -- [2821  566]
1519 -- [1145 2229]
1521 -- [4242 1405]
1524 -- [2430 1126]
1531 -- [2938  666]
1533 -- [ 972 2639]
1534 -- [1710 3456]
1538 -- [1028 3380]
1539 -- [1194 2417]
1541 -- [1634 2948]
1548 -- [4101 1559]
1553 -- [3622 1351]
1554 -- [ 120 2661]
1558 -- [ 287 3305]
1559 -- [4554 1264]
1562 -- [4413 1676]
1564 -- [1519 2279]
1566 -- [ 831 2772]
1567 -- [2161  496]
1572 -- [1868 1664]
1582 -- [  82 3648]
1590 -- [2810 1374]
1592 -- [1800 4502]
1593 -- [1585 4189]
1595 -- [ 324 3238]
1600 -- [1586 2933]
1601 -- [4390  893]
1602 -- [2517 1807]
1603 -- [1142 2784]
1605 -- [1409 3850]
1607 -- [4307  965]
1609 -- [ 650 4249]
1610 -- [1998 1017]
1611 -- [4160  473]
1614 -- [4102 1757]
1616 -- [2880 1537]
1617 -- [2991 1205]
1618 -- [3204 1160]
1619 -- [ 887 4070]
1633 -- [ 294 2633]
1636 -- [1546 3884]
1637 -- [1119 4245]
1641 -- [3967  471]
1643 -- [1735 2685]
1648 -- [ 478 3781]
1649 -- [2293 1178]
1659 -- [ 661 2252]
1670 -- [1537 1940]
1672 -- [3047  619]
1677 -- [1274 3632]
1680 -- [1510 2639]
1683 -- [1689 1976]
1684 -- [1702 4392]
1686 -- [   0 3156]
1688 -- [ 174 2851]
1689 -- [2514 1438]
1690 -- [ 133 2681]
1696 -- [3513  759]
1697 -- [2620  240]
1700 -- [4186 1255]
1702 -- [ 598 2778]
1703 -- [  95 2639]
1704 -- [2952 1168]
1706 -- [1142 4073]
1707 -- [ 215 2061]
1710 -- [1231 2339]
1713 -- [1733 4543]
1718 -- [1828  520]
1720 -- [1120 2405]
1726 -- [ 438 2792]
1727 -- [3936   42]
1733 -- [ 946 2317]
1734 -- [ 175 3706]
1739 -- [ 756 2576]
1744 -- [4558 1388]
1745 -- [1817  178]
1753 -- [2144  122]
1754 -- [2066 1751]
1756 -- [1652 3459]
1760 -- [4135    5]
1764 -- [3604 1235]
1766 -- [3837  559]
1770 -- [2157 1264]
1775 -- [3293 1399]
1778 -- [1589 4087]
1780 -- [3054  998]
1787 -- [4400 1585]
1789 -- [1910  521]
1792 -- [ 541 3712]
1793 -- [1769 3894]
1794 -- [2756  723]
1804 -- [3591 1017]
1805 -- [2686 1347]
1807 -- [3596  887]
1808 -- [2468 1332]
1818 -- [2068  324]
1821 -- [3669 1601]
1822 -- [ 796 4156]
1824 -- [1331 3252]
1831 -- [1043 2422]
1834 -- [2331  541]
1836 -- [1576 4269]
1842 -- [ 782 4214]
1844 -- [ 161 2116]
1848 -- [1206 4020]
1853 -- [ 509 2755]
1862 -- [1144 3425]
1864 -- [4181 1413]
1867 -- [1069 2834]
1868 -- [2182 1563]
1872 -- [1389 2717]
1873 -- [ 957 2661]
1874 -- [1645 3849]
1877 -- [2139  615]
1880 -- [1254 2297]
1881 -- [1227 3072]
1889 -- [ 780 4533]
1890 -- [4158 1156]
1894 -- [4299  270]
1895 -- [ 164 2080]
1902 -- [3275  357]
1905 -- [ 496 1999]
1908 -- [1979  415]
1915 -- [1207 3207]
1923 -- [1975 1339]
1925 -- [ 925 3887]
1930 -- [4353  581]
1932 -- [1361 3802]
1935 -- [3221  174]
1937 -- [3897  516]
1939 -- [3957  730]
1944 -- [1921 1540]
1946 -- [2484  877]
1948 -- [1765 4167]
1952 -- [2957  704]
1953 -- [ 562 4328]
1957 -- [1149 3571]
1960 -- [2977   95]
1962 -- [1504 3917]
1964 -- [ 321 3128]
1965 -- [ 438 4492]
1967 -- [3196  113]
1970 -- [4496  897]
1976 -- [ 381 2946]
1978 -- [3206 1312]
1980 -- [1467 2039]
1983 -- [1985 1051]
1984 -- [ 461 2860]
1986 -- [4180 1094]
1990 -- [ 650 3645]
1998 -- [2116 1537]
2001 -- [ 633 2079]
2005 -- [2461 1428]
2008 -- [1871 1049]
2023 -- [2352 1194]
2024 -- [3395  500]
2027 -- [ 602 3579]
2028 -- [ 310 2380]
2029 -- [4001 1800]
2030 -- [ 867 4533]
2031 -- [1943  113]
2032 -- [1014 2445]
2033 -- [ 440 2253]
2036 -- [ 138 2145]
2037 -- [3443 1163]
2038 -- [ 223 2039]
2042 -- [1388 2902]
2048 -- [3095  223]
2051 -- [4207  259]
2056 -- [1786 3356]
2057 -- [3048  731]
2060 -- [ 284 2421]
2061 -- [  21 2049]
2062 -- [3244  198]
2072 -- [ 385 3281]
2075 -- [1584 3357]
2077 -- [2605 1591]
2078 -- [  86 4576]
2080 -- [1688 4428]
2087 -- [1690 4187]
2092 -- [ 940 2204]
2094 -- [ 760 4050]
2095 -- [ 948 2394]
2098 -- [1867  153]
2100 -- [ 677 3178]
2101 -- [1048 2616]
2102 -- [2278  442]
2105 -- [2941  469]
2107 -- [1586 3893]
2109 -- [4156  340]
2110 -- [3549 1478]
2112 -- [4044 1120]
2114 -- [3072  562]
2117 -- [ 489 2913]
2124 -- [1562 2723]
2125 -- [3425  368]
2127 -- [4159 1137]
2129 -- [1446 2476]
2132 -- [2245  964]
2133 -- [ 867 4570]
2134 -- [4360 1233]
2142 -- [ 240 3538]
2143 -- [1901  385]
2155 -- [1435 2758]
2156 -- [2719   64]
2164 -- [4574  351]
2165 -- [ 406 3565]
2166 -- [ 711 3200]
2168 -- [3148   33]
2172 -- [ 767 3180]
2173 -- [2740 1581]
2176 -- [1682 4198]
2179 -- [ 248 3116]
7 -time: 0.02127 -dim: (11172, 2)
8 -time: 0.00012 -dim: (7, 57)
9 -time: 3.97490 -dim: (1835400, 3)
10 -time: 5.34709 -dim: (1730141, 3)
11_12 -time: 0.19059 -dim: [110424, 2]
13 -time: 0.07452 -dim: (36808, 4)
14_15 -time: 0.03181 -dim: [798, 2]
16 -time: 0.00002 -dim: (0, 2)
17_18 -time: 0.32742 -dim: [73616, 3]
19 -time: 0.00007 -dim: (1, 1)
20 -time: 0.22110 -dim: (0, 4601)
21 -time: 0.00077 -dim: (1, 4601)
22 -time: 0.00005 -dim: (2182, 3)
23 -time: 0.00002 -dim: (2182, 3)
24 -time: 0.00003 -dim: (0, 5)
25 -time: 0.00005 -dim: (2419, 3)
26 -time: 0.00003 -dim: (2419, 3)
smtPr 22-26 -time: 0.01413 -dim: nan
slvr_header -time: 2.23852 -dim: nan
*solver* -time: 900.06075 -dim: nan
res_read -time: 0.06447 -dim: nan
-- SUM CL TIME: 10.20399          |  SUM other TIME: 902.36374          |  SUM TIME: 912.56773
