num branch_node: 7
num leaf_node: 8
num feature: 57
tree_depth: 3
num label: 2
nDC: 2432

***variables
a: 1 - 399 -> 399
s: 400 - 32606 -> 32207
z: 32607 - 69414 -> 36808
g: 69415 - 69430 -> 16
x: 69431 - 78632 -> 9202
ml: 78633 - 82233 -> 3601
cl: 82234 - 85533 -> 3300

variables***
[debug] --> CL ML ratio 1
the cl header --> p wcnf 85533 3819071 6902

timeout 900s ~/SAT_Project/loandra-master/loandra_static -pmreslin-cglim=30 -weight-strategy=1 -print-model -verbosity=1 ./solutions/spam_0.1_mc1.5_s1732_r1/phase_1_clauses_final >./solutions/spam_0.1_mc1.5_s1732_r1/phase_1_loandra_res

Start to read loandra res
*loandra status: SATISFIABLE
-ml sat and violated: 2712 | 889  | total #ml: 3601 | -violated weight: 889
2 -- [3885 3600]
3 -- [2917 3085]
5 -- [3390 2319]
13 -- [2802 2697]
14 -- [3542 3990]
16 -- [2894 2641]
18 -- [596 591]
20 -- [2947 3718]
22 -- [3357 2444]
38 -- [1493  656]
44 -- [1435  715]
45 -- [3823 4487]
49 -- [911 455]
51 -- [2387 2455]
52 -- [702  25]
60 -- [763 482]
72 -- [3829 1953]
73 -- [780 956]
75 -- [2769 3813]
77 -- [ 121 1463]
84 -- [1365 1541]
86 -- [2558 3600]
88 -- [739 697]
90 -- [3493 2027]
93 -- [3313 2903]
97 -- [4531 2682]
101 -- [1694  544]
105 -- [  83 1318]
106 -- [ 606 1692]
113 -- [1812  359]
117 -- [668 133]
120 -- [3932 3029]
121 -- [522 289]
122 -- [4278 2343]
125 -- [1390  433]
126 -- [3206 2232]
133 -- [525 696]
136 -- [ 443 1068]
140 -- [287 752]
151 -- [973 796]
161 -- [ 465 1781]
165 -- [1198 1272]
166 -- [641 145]
171 -- [2052 2029]
172 -- [3826 1824]
173 -- [1681  317]
182 -- [ 264 1058]
183 -- [2573 3666]
185 -- [4202 3217]
186 -- [3260 3086]
200 -- [3310 2683]
203 -- [182 896]
207 -- [433 467]
221 -- [2004 4224]
223 -- [1320  783]
226 -- [2921 2138]
229 -- [3765 2173]
234 -- [3102 3690]
235 -- [4177 3209]
238 -- [ 513 1580]
239 -- [  57 1812]
243 -- [964 382]
262 -- [3153 1919]
276 -- [2869 4228]
277 -- [ 537 1024]
283 -- [1375 1629]
284 -- [3718 2244]
287 -- [632 990]
288 -- [3186 2474]
295 -- [2598 2411]
303 -- [3813 4576]
306 -- [3292 3457]
309 -- [4332 2470]
310 -- [1454 1620]
312 -- [770 449]
316 -- [347 727]
322 -- [4124 3999]
323 -- [4449 2579]
326 -- [648 975]
330 -- [ 150 1722]
340 -- [1518  957]
341 -- [726 847]
344 -- [1953 4270]
346 -- [1760  637]
347 -- [1708  983]
351 -- [1368 1502]
352 -- [1042  268]
353 -- [ 212 1107]
354 -- [ 549 1470]
355 -- [4262 3292]
356 -- [735 515]
358 -- [3374 2074]
363 -- [2887 3885]
371 -- [ 110 1370]
389 -- [479 199]
390 -- [1662 1752]
393 -- [1670 1272]
396 -- [ 275 1718]
399 -- [3619 3003]
405 -- [1088 1373]
406 -- [2435 4398]
408 -- [295 502]
416 -- [ 845 1700]
417 -- [ 787 1362]
422 -- [102 265]
425 -- [1139  136]
429 -- [3372 2245]
430 -- [2176 3819]
441 -- [1419  878]
446 -- [1646 1053]
452 -- [1221   25]
455 -- [2903 2356]
458 -- [2405 3782]
460 -- [4307 1955]
462 -- [3830 2603]
466 -- [1283 1550]
472 -- [3374 3433]
485 -- [772 149]
487 -- [1401 1217]
489 -- [1608 1052]
501 -- [1552  379]
503 -- [2743 2096]
506 -- [1017 1420]
508 -- [ 381 1223]
510 -- [1093 1329]
511 -- [1642   20]
523 -- [94 38]
527 -- [1240 1302]
530 -- [944 835]
533 -- [722  34]
539 -- [ 842 1645]
540 -- [ 91 441]
545 -- [1492 1725]
551 -- [1840 2640]
555 -- [4207 3658]
556 -- [439 591]
564 -- [2204 2375]
568 -- [3138 3895]
572 -- [ 544 1691]
575 -- [4207 2834]
579 -- [2768 3571]
583 -- [ 758 1072]
584 -- [270 178]
586 -- [126 237]
592 -- [3280 3161]
596 -- [472 894]
597 -- [4500 2153]
598 -- [1875 4212]
600 -- [804 393]
603 -- [2539 2277]
606 -- [3925 3265]
609 -- [738 486]
613 -- [2726 3679]
627 -- [2145 2122]
630 -- [676 608]
636 -- [1653 1747]
639 -- [1269  853]
640 -- [2932 3132]
644 -- [4390 3210]
651 -- [969 457]
652 -- [2842 3664]
655 -- [2516 2422]
656 -- [4278 2561]
658 -- [376 330]
662 -- [1476 1399]
663 -- [203 487]
664 -- [1169  322]
669 -- [1594  566]
670 -- [1709  865]
676 -- [2047 3067]
678 -- [448 339]
683 -- [3757 2946]
684 -- [986 189]
685 -- [2471 2324]
688 -- [1130  208]
695 -- [ 824 1260]
706 -- [1486  127]
708 -- [3507 4210]
714 -- [ 204 1299]
720 -- [4134 4520]
721 -- [196 836]
726 -- [2289 2071]
730 -- [3359 2943]
733 -- [2917 3274]
734 -- [  61 1222]
735 -- [1174  809]
740 -- [ 93 587]
741 -- [832 476]
743 -- [1346   13]
744 -- [1636   99]
755 -- [3542 3271]
760 -- [1745 1692]
762 -- [1779   89]
763 -- [1785 1010]
767 -- [1300  126]
770 -- [3328 3754]
773 -- [659 231]
774 -- [1824 3723]
777 -- [1641 1307]
783 -- [1639 1349]
787 -- [1781 1200]
790 -- [193 935]
792 -- [ 524 1190]
794 -- [1020 1240]
796 -- [1984 4240]
798 -- [2980 2946]
801 -- [3389 2616]
808 -- [  77 1354]
813 -- [1161   39]
814 -- [3695 2579]
816 -- [1863 1985]
817 -- [1924 3177]
823 -- [1514 1315]
825 -- [374 709]
829 -- [4471 1948]
830 -- [2330 3257]
831 -- [4143 2424]
835 -- [3443 3885]
836 -- [4293 3971]
839 -- [4102 2411]
841 -- [3042 3451]
843 -- [1467 1778]
848 -- [1087 1396]
849 -- [ 912 1592]
856 -- [4497 1826]
858 -- [2057 2167]
860 -- [ 537 1609]
865 -- [ 754 1808]
872 -- [489 744]
877 -- [1404 1735]
880 -- [ 625 1115]
886 -- [ 136 1440]
888 -- [2223 3201]
892 -- [4526 4228]
894 -- [4259 3679]
901 -- [961 727]
910 -- [4279 2474]
912 -- [1977 2539]
916 -- [3678 3087]
919 -- [ 510 1511]
921 -- [2555 2486]
925 -- [3827 2287]
931 -- [1433 1397]
937 -- [1323  348]
938 -- [ 366 1505]
945 -- [3014 4589]
947 -- [4416 4221]
949 -- [ 76 528]
950 -- [1375  999]
952 -- [ 878 1491]
959 -- [512 826]
961 -- [574 897]
963 -- [780 716]
969 -- [3022 3819]
971 -- [216 775]
984 -- [2702 3560]
985 -- [2376 3496]
987 -- [513 169]
990 -- [ 720 1442]
995 -- [1663  860]
999 -- [ 784 1131]
1002 -- [1694  132]
1008 -- [  33 1417]
1009 -- [3384 1879]
1014 -- [2278 1891]
1016 -- [243 584]
1023 -- [921 432]
1024 -- [3860 3435]
1030 -- [1417  251]
1032 -- [2258 2724]
1034 -- [2425 1889]
1036 -- [1301  616]
1037 -- [1408  868]
1038 -- [ 695 1528]
1039 -- [1046  121]
1045 -- [ 117 1571]
1047 -- [2872 2010]
1048 -- [512 187]
1052 -- [1058  637]
1057 -- [2012 4398]
1062 -- [3179 2278]
1064 -- [ 104 1068]
1065 -- [324 227]
1070 -- [1571 1655]
1076 -- [3533 2881]
1082 -- [1732 1154]
1084 -- [2682 3746]
1089 -- [1792 1280]
1093 -- [ 326 1701]
1100 -- [1990 2065]
1104 -- [691 137]
1105 -- [1320   67]
1110 -- [1674 1294]
1111 -- [233 218]
1121 -- [845 909]
1122 -- [1647  959]
1127 -- [2459 1919]
1128 -- [3429 3446]
1130 -- [1155  173]
1131 -- [2580 3481]
1132 -- [101 942]
1135 -- [ 758 1418]
1138 -- [1954 4576]
1149 -- [3643 2131]
1162 -- [2811 2517]
1164 -- [3512 3626]
1165 -- [1367 1607]
1175 -- [1335  936]
1184 -- [1033  598]
1198 -- [1722 1227]
1205 -- [ 868 1375]
1213 -- [1632 1289]
1218 -- [1620  501]
1228 -- [1370 1382]
1229 -- [4349 1924]
1235 -- [3798 2465]
1239 -- [3879 4450]
1240 -- [210 349]
1248 -- [ 336 1076]
1250 -- [1141 1404]
1253 -- [ 54 459]
1273 -- [1814 2006]
1278 -- [3087 4567]
1282 -- [ 382 1493]
1289 -- [2226 4155]
1291 -- [1737 1112]
1302 -- [1442  515]
1304 -- [204 414]
1312 -- [837 500]
1323 -- [529  74]
1330 -- [1307  309]
1331 -- [2052 2810]
1334 -- [3102 1827]
1340 -- [ 263 1158]
1342 -- [1651 1411]
1360 -- [2460 3509]
1362 -- [1176 1129]
1366 -- [1167    5]
1384 -- [2226 2454]
1389 -- [332 599]
1397 -- [685 587]
1399 -- [3156 2096]
1406 -- [ 603 1532]
1408 -- [   2 1251]
1415 -- [1838 3014]
1416 -- [839  90]
1422 -- [ 246 1782]
1424 -- [505   8]
1425 -- [2422 4208]
1432 -- [1924 4544]
1439 -- [ 256 1278]
1442 -- [3437 2250]
1443 -- [1414  345]
1444 -- [1678  971]
1455 -- [4584 4489]
1457 -- [3206 3579]
1458 -- [4357 2573]
1459 -- [4257 4066]
1460 -- [2691 2421]
1469 -- [1322  757]
1471 -- [4028 2354]
1474 -- [2130 2015]
1488 -- [2376 4491]
1489 -- [1731 1523]
1491 -- [386 466]
1493 -- [1502  186]
1498 -- [3005 4586]
1507 -- [419 316]
1514 -- [734 626]
1515 -- [2887 4471]
1517 -- [411 240]
1518 -- [3542 3109]
1521 -- [1240 1473]
1525 -- [723 335]
1529 -- [1217  557]
1538 -- [2552 2473]
1546 -- [ 560 1503]
1550 -- [ 305 1677]
1552 -- [1708  727]
1555 -- [310 756]
1564 -- [553 838]
1567 -- [1590  600]
1569 -- [2823 4149]
1572 -- [1754  476]
1573 -- [  96 1534]
1575 -- [2278 1888]
1577 -- [728 448]
1580 -- [388 436]
1587 -- [2167 3300]
1590 -- [ 471 1121]
1594 -- [1072  775]
1600 -- [2330 3324]
1601 -- [3389 2651]
1602 -- [3389 3562]
1603 -- [1240   45]
1604 -- [ 921 1443]
1605 -- [3091 3751]
1612 -- [211 686]
1614 -- [3089 2727]
1626 -- [1715 1157]
1635 -- [1329 1205]
1640 -- [2081 3084]
1647 -- [4507 4540]
1651 -- [835 816]
1659 -- [3284 2170]
1667 -- [1452 1064]
1670 -- [1317  639]
1675 -- [3943 3407]
1689 -- [1513  303]
1690 -- [1506 1302]
1692 -- [ 976 1673]
1693 -- [3819 4274]
1705 -- [ 51 355]
1708 -- [1903 2464]
1719 -- [ 126 1405]
1729 -- [924 422]
1738 -- [754 646]
1739 -- [120 743]
1746 -- [1098 1609]
1748 -- [1417  340]
1751 -- [ 306 1087]
1763 -- [2782 3627]
1767 -- [1133 1696]
1769 -- [1047 1488]
1780 -- [1068 1371]
1781 -- [4395 3574]
1785 -- [4296 2641]
1789 -- [701 848]
1790 -- [2766 3754]
1802 -- [1310   67]
1803 -- [1891 4398]
1808 -- [ 20 614]
1816 -- [3217 3777]
1817 -- [2883 4279]
1818 -- [3443 1981]
1824 -- [1428 1187]
1830 -- [ 938 1333]
1835 -- [775 713]
1848 -- [4069 2445]
1849 -- [1415 1696]
1855 -- [4329 3817]
1858 -- [1745  760]
1870 -- [911 365]
1876 -- [2319 4133]
1881 -- [699  73]
1883 -- [ 762 1769]
1886 -- [2362 3289]
1887 -- [3798 3506]
1894 -- [1605 1778]
1895 -- [753 566]
1898 -- [1272 1728]
1903 -- [1033 1811]
1904 -- [2917 3520]
1908 -- [482  96]
1913 -- [ 199 1248]
1922 -- [846 488]
1924 -- [1270  265]
1929 -- [ 991 1103]
1936 -- [ 17 569]
1937 -- [1530 1179]
1940 -- [380 329]
1941 -- [1415  857]
1944 -- [1181  665]
1955 -- [ 747 1262]
1958 -- [1712 1584]
1960 -- [ 487 1170]
1961 -- [448  70]
1975 -- [3869 2943]
1977 -- [ 333 1057]
1979 -- [ 68 115]
1983 -- [1198  733]
1987 -- [2634 2008]
1988 -- [1423  618]
1990 -- [ 285 1788]
1991 -- [ 997 1713]
1993 -- [ 553 1635]
1996 -- [ 406 1549]
2002 -- [3609 3260]
2004 -- [1721 1750]
2006 -- [2352 1826]
2011 -- [2496 2196]
2014 -- [888 920]
2017 -- [2221 2945]
2023 -- [38 54]
2033 -- [2379 2077]
2040 -- [ 971 1088]
2052 -- [2573 2667]
2061 -- [2335 3451]
2065 -- [401 854]
2076 -- [3225 2910]
2077 -- [719 824]
2084 -- [1159 1708]
2085 -- [3622 2411]
2090 -- [1723 1185]
2099 -- [1627   73]
2101 -- [2455 4236]
2107 -- [2707 3102]
2111 -- [3455 3297]
2112 -- [1269  843]
2116 -- [1308 1358]
2117 -- [1660  545]
2120 -- [1088    7]
2123 -- [247 849]
2125 -- [4193 3186]
2135 -- [1408  810]
2140 -- [ 392 1100]
2141 -- [1786 1481]
2144 -- [1709   93]
2147 -- [516 677]
2148 -- [2542 4018]
2149 -- [1723  483]
2159 -- [1653   14]
2160 -- [ 911 1699]
2161 -- [3285 3600]
2163 -- [3999 4240]
2167 -- [3769 2008]
2168 -- [2481 3455]
2171 -- [4339 3374]
2172 -- [1072 1273]
2175 -- [3542 2015]
2176 -- [1224 1109]
2178 -- [4303 2967]
2179 -- [1384  198]
2184 -- [ 72 198]
2187 -- [2272 4489]
2189 -- [357  47]
2191 -- [4296 2402]
2192 -- [3201 3923]
2197 -- [1716  441]
2203 -- [1255  917]
2209 -- [ 884 1216]
2213 -- [1352 1623]
2222 -- [1784 1388]
2224 -- [1085  630]
2226 -- [4489 2883]
2229 -- [521 975]
2230 -- [1231 1691]
2235 -- [3217 3553]
2245 -- [ 555 1419]
2247 -- [ 531 1250]
2250 -- [2555 2500]
2252 -- [1371 1718]
2253 -- [1963 2558]
2254 -- [1411 1681]
2258 -- [1668 1758]
2262 -- [500 857]
2268 -- [710  26]
2269 -- [3186 2479]
2272 -- [1388 1634]
2275 -- [2104 2455]
2276 -- [ 293 1230]
2285 -- [ 742 1447]
2294 -- [552 425]
2317 -- [4054 1886]
2318 -- [2118 2573]
2321 -- [1716  624]
2330 -- [2096 3505]
2332 -- [2122 1870]
2347 -- [1425 1784]
2348 -- [4525 2555]
2350 -- [2776 4471]
2354 -- [4329 4435]
2355 -- [2857 2380]
2356 -- [347 433]
2370 -- [3201 4063]
2372 -- [762 938]
2374 -- [775 197]
2380 -- [  23 1264]
2386 -- [2411 1887]
2395 -- [750 791]
2397 -- [758 571]
2399 -- [850 266]
2402 -- [4446 1866]
2405 -- [ 472 1398]
2406 -- [3305 3379]
2407 -- [1002  130]
2410 -- [273 780]
2413 -- [ 636 1225]
2418 -- [1145 1609]
2419 -- [1638 1366]
2425 -- [2373 3953]
2434 -- [1040  318]
2435 -- [245 226]
2439 -- [2103 4018]
2443 -- [1106  261]
2446 -- [3561 2027]
2450 -- [630 481]
2453 -- [1629 1507]
2454 -- [1177  627]
2455 -- [1684   78]
2459 -- [2254 3289]
2461 -- [952 958]
2467 -- [ 353 1441]
2469 -- [2131 4047]
2471 -- [1431  837]
2472 -- [722 836]
2474 -- [957 721]
2476 -- [2704 3813]
2479 -- [1278 1810]
2481 -- [1745  610]
2484 -- [1868 3988]
2487 -- [2950 3407]
2488 -- [ 700 1724]
2492 -- [ 617 1466]
2495 -- [650 931]
2496 -- [4450 4316]
2498 -- [ 785 1732]
2499 -- [2121 4242]
2501 -- [3574 1833]
2502 -- [ 725 1380]
2505 -- [3225 2973]
2507 -- [1504  921]
2513 -- [ 240 1132]
2515 -- [4442 2403]
2516 -- [  78 1644]
2517 -- [  77 1084]
2526 -- [370 820]
2533 -- [336 316]
2534 -- [3542 4019]
2538 -- [1498  740]
2545 -- [2953 2555]
2553 -- [802 763]
2557 -- [1547 1173]
2563 -- [2779 3374]
2569 -- [4207 3759]
2579 -- [3909 1912]
2580 -- [2984 2402]
2583 -- [2040 3217]
2589 -- [4561 4500]
2590 -- [3014 1920]
2595 -- [2464 3596]
2597 -- [1340 1505]
2598 -- [ 522 1086]
2600 -- [1680 1644]
2601 -- [3209 2544]
2602 -- [ 640 1137]
2611 -- [1383  526]
2614 -- [1246  259]
2615 -- [1787 1613]
2618 -- [2210 1814]
2623 -- [1068 1584]
2638 -- [1235 1346]
2640 -- [3089 4247]
2642 -- [1573 1783]
2643 -- [1592  536]
2653 -- [2464 3602]
2657 -- [3107 4106]
2660 -- [1890 1886]
2670 -- [ 29 467]
2671 -- [238 265]
2672 -- [4497 4018]
2675 -- [ 974 1470]
2680 -- [2204 4093]
2682 -- [ 34 413]
2685 -- [1754   96]
2694 -- [738 588]
2695 -- [ 640 1136]
2697 -- [ 604 1668]
2711 -- [4292 3027]
2718 -- [3225 2058]
2722 -- [3786 1976]
2723 -- [4339 1826]
2724 -- [601 222]
2725 -- [1806  657]
2726 -- [3817 3003]
2734 -- [180 287]
2740 -- [4317 3901]
2744 -- [4329 2105]
2745 -- [1458 1169]
2747 -- [3307 4191]
2749 -- [ 234 1019]
2750 -- [3798 3041]
2756 -- [3067 2911]
2758 -- [3444 2888]
2768 -- [884 679]
2775 -- [1672 1714]
2776 -- [ 292 1104]
2781 -- [1990 3632]
2782 -- [3880 1867]
2783 -- [3067 3143]
2785 -- [3078 2090]
2799 -- [1498  453]
2800 -- [ 316 1427]
2801 -- [3616 2445]
2802 -- [2586 4500]
2805 -- [879 536]
2808 -- [426 465]
2819 -- [1374 1570]
2826 -- [4034 2485]
2827 -- [1634  934]
2829 -- [3459 4070]
2832 -- [4547 4278]
2834 -- [  64 1419]
2843 -- [1412 1054]
2844 -- [2215 2997]
2845 -- [2830 1973]
2846 -- [3814 2642]
2847 -- [1327  861]
2863 -- [ 772 1699]
2869 -- [3172 3256]
2874 -- [702 793]
2875 -- [3372 4129]
2887 -- [739 388]
2891 -- [1955 1834]
2897 -- [442 799]
2898 -- [1263  184]
2900 -- [1245 1634]
2905 -- [ 148 1336]
2907 -- [3057 3207]
2908 -- [3285 3241]
2909 -- [2832 3210]
2912 -- [ 108 1163]
2913 -- [4278 3600]
2915 -- [1486  103]
2920 -- [1826 4081]
2922 -- [3724 3981]
2926 -- [623 100]
2927 -- [2723 3444]
2929 -- [1118 1656]
2930 -- [1275  963]
2939 -- [714 178]
2941 -- [ 455 1783]
2949 -- [2105 3526]
2951 -- [2256 3154]
2954 -- [3830 3294]
2958 -- [4153 2131]
2974 -- [3887 2130]
2976 -- [321 837]
2981 -- [2825 4503]
2982 -- [3574 2348]
2986 -- [1117  872]
2987 -- [630 606]
2990 -- [1112  711]
2996 -- [4505 1866]
2998 -- [1097 1179]
3002 -- [1807 1186]
3003 -- [641 877]
3007 -- [2756 1912]
3011 -- [1435 1584]
3016 -- [2294 2321]
3017 -- [930 649]
3019 -- [1475 1060]
3030 -- [1043 1194]
3031 -- [4320 4232]
3034 -- [ 827 1299]
3041 -- [2130 4271]
3042 -- [2124 1924]
3044 -- [1626  157]
3048 -- [2276 2338]
3050 -- [3571 1992]
3051 -- [ 890 1263]
3056 -- [4160 1814]
3065 -- [3571 2989]
3067 -- [2483 2493]
3071 -- [ 898 1002]
3072 -- [  52 1811]
3085 -- [1334  986]
3087 -- [ 70 829]
3094 -- [  72 1523]
3097 -- [2004 3655]
3110 -- [ 281 1114]
3112 -- [2399 2422]
3115 -- [ 202 1194]
3116 -- [3200 3268]
3118 -- [1539 1371]
3131 -- [1065 1596]
3132 -- [ 952 1341]
3141 -- [643 895]
3145 -- [3292 1998]
3148 -- [141 745]
3161 -- [1639  673]
3167 -- [2644 3985]
3176 -- [3402 2146]
3177 -- [3006 4254]
3184 -- [2318 4292]
3185 -- [1444  111]
3195 -- [1229 1809]
3196 -- [592 765]
3203 -- [2649 3444]
3206 -- [3924 3276]
3230 -- [ 854 1346]
3235 -- [1068 1542]
3236 -- [1623  700]
3241 -- [3542 2189]
3244 -- [1483 1097]
3247 -- [ 319 1804]
3251 -- [1326 1292]
3253 -- [609 448]
3260 -- [2090 2501]
3261 -- [1702 1066]
3264 -- [2623 2090]
3269 -- [613 646]
3277 -- [2776 4018]
3278 -- [1673 1078]
3279 -- [345 101]
3282 -- [637 257]
3287 -- [2450 2310]
3288 -- [2387 3247]
3292 -- [523 283]
3295 -- [  92 1659]
3298 -- [4471 3124]
3300 -- [1722  944]
3301 -- [  55 1703]
3304 -- [2209 1886]
3307 -- [1479 1137]
3312 -- [1451 1518]
3315 -- [1542   48]
3322 -- [3590 4489]
3324 -- [ 272 1044]
3325 -- [4469 2204]
3326 -- [1392 1465]
3336 -- [2558 3887]
3338 -- [4488 3407]
3343 -- [3627 3310]
3346 -- [1054  740]
3358 -- [2615 3590]
3359 -- [1702 1270]
3360 -- [1937 3209]
3362 -- [977 571]
3370 -- [1117   52]
3371 -- [1612 1439]
3377 -- [1367 1047]
3379 -- [1843 2558]
3385 -- [2220 4489]
3386 -- [2936 2640]
3387 -- [1727 1770]
3388 -- [1604  726]
3389 -- [1422 1647]
3390 -- [ 756 1369]
3394 -- [2221 3968]
3397 -- [3170 3692]
3399 -- [2431 3967]
3404 -- [2163 1953]
3405 -- [2900 2421]
3412 -- [2422 2061]
3414 -- [3307 3375]
3415 -- [1693  335]
3417 -- [3526 3226]
3420 -- [3381 2027]
3423 -- [657   9]
3429 -- [3449 2226]
3432 -- [1000  935]
3434 -- [1412  809]
3445 -- [2321 2476]
3446 -- [3379 3935]
3449 -- [669 800]
3454 -- [3379 3504]
3455 -- [2016 4028]
3458 -- [378 684]
3462 -- [2226 2809]
3466 -- [1605  453]
3468 -- [1686 1738]
3470 -- [226 379]
3473 -- [198 962]
3475 -- [ 729 1253]
3476 -- [1986 2215]
3481 -- [1972 3861]
3484 -- [ 155 1041]
3487 -- [1976 4148]
3490 -- [510 202]
3495 -- [4596 3470]
3497 -- [2692 2321]
3499 -- [1182  989]
3500 -- [2145 3718]
3502 -- [2291 2505]
3506 -- [1558  576]
3507 -- [1074 1679]
3508 -- [ 806 1756]
3509 -- [1547  295]
3514 -- [ 627 1101]
3518 -- [4279 2297]
3519 -- [1515 1396]
3523 -- [1157 1529]
3527 -- [1314 1301]
3531 -- [437 806]
3533 -- [1472  575]
3541 -- [ 449 1677]
3543 -- [4368 2552]
3545 -- [2827 3443]
3546 -- [2412 4149]
3550 -- [ 261 1131]
3570 -- [4458 2336]
3572 -- [ 558 1326]
3574 -- [1145 1459]
3578 -- [  47 1741]
3583 -- [1655 1355]
3587 -- [916 242]
3588 -- [1515  377]
3596 -- [1011  662]
-cl sat and violated: 1316 | 1984  | total #cl: 3300 | -violated weight: 1984
0 -- [2186  862]
3 -- [1490 3094]
5 -- [4405 1775]
6 -- [3757  763]
7 -- [2293  475]
8 -- [3541  831]
10 -- [1098 2342]
12 -- [2003   70]
14 -- [1175 3585]
19 -- [ 882 2595]
20 -- [ 530 4094]
23 -- [3500 1411]
24 -- [1038 1824]
25 -- [ 946 3336]
26 -- [ 777 4438]
27 -- [3848  396]
28 -- [2117  713]
29 -- [ 275 3538]
31 -- [1330 2609]
32 -- [3564  490]
35 -- [2535  620]
36 -- [ 990 3746]
37 -- [3826 1501]
38 -- [ 798 2621]
43 -- [3213  139]
44 -- [2346  201]
45 -- [2721 1424]
46 -- [ 643 2597]
48 -- [ 262 2743]
49 -- [3958  562]
55 -- [4090  949]
56 -- [3396 1665]
58 -- [3034 1790]
59 -- [3505 1362]
61 -- [3057 1563]
62 -- [3495 1415]
64 -- [ 395 3110]
65 -- [2182 1526]
68 -- [ 913 4281]
72 -- [1439 4581]
73 -- [2786  352]
81 -- [ 856 2181]
83 -- [3193  422]
85 -- [3522 1282]
87 -- [3376 1615]
88 -- [ 277 4111]
89 -- [ 702 4416]
90 -- [4593 1252]
91 -- [2732  445]
92 -- [3221 1508]
93 -- [1701 3003]
94 -- [ 956 3694]
96 -- [1124 3104]
99 -- [3949  258]
100 -- [3497 1081]
102 -- [ 892 2668]
103 -- [1859 1462]
104 -- [4202 1715]
105 -- [3457  111]
108 -- [3360 1739]
111 -- [4209 1281]
113 -- [1863  296]
114 -- [1240 3190]
116 -- [1979 1343]
117 -- [ 667 3462]
118 -- [1810 2153]
120 -- [ 747 3637]
122 -- [ 940 4511]
123 -- [ 863 3859]
127 -- [3764  240]
128 -- [1102 2255]
134 -- [ 984 2432]
137 -- [4267  141]
138 -- [4375 1457]
141 -- [ 676 4378]
143 -- [1575 1973]
144 -- [ 172 4227]
145 -- [3960  567]
149 -- [3297 1210]
150 -- [1862 1700]
153 -- [1712 4279]
154 -- [1722 4427]
156 -- [3559  453]
161 -- [ 612 2641]
162 -- [ 365 4008]
163 -- [4352 1768]
164 -- [1072 1859]
166 -- [1587 3169]
167 -- [1199 4135]
169 -- [1950  615]
171 -- [3574 1459]
172 -- [1773 3057]
174 -- [4293 1494]
175 -- [4485  694]
176 -- [3743 1643]
178 -- [2439  605]
179 -- [1035 4044]
180 -- [1251 2384]
181 -- [1310 2370]
184 -- [1794 4281]
186 -- [ 241 4508]
189 -- [4187  708]
190 -- [4131 1412]
192 -- [  69 1930]
194 -- [2574 1584]
195 -- [ 320 2760]
196 -- [1628 3172]
197 -- [1708 3284]
198 -- [2478  693]
199 -- [1706 4310]
200 -- [3802 1035]
201 -- [3214 1090]
202 -- [1564 4150]
203 -- [1399 3602]
204 -- [3555  990]
205 -- [2415 1487]
206 -- [ 813 2453]
207 -- [ 814 3805]
208 -- [1187 3294]
209 -- [1700 3252]
211 -- [2481  324]
214 -- [3046 1323]
215 -- [1151 4422]
217 -- [ 323 3913]
218 -- [4274  511]
219 -- [1896   55]
220 -- [2328  310]
221 -- [2375 1564]
222 -- [1378 4101]
224 -- [3511  543]
225 -- [2102 1572]
226 -- [1332 2397]
227 -- [2989 1175]
229 -- [ 309 3543]
232 -- [3943  238]
233 -- [ 493 3658]
234 -- [  74 2128]
235 -- [4357  906]
236 -- [4211 1794]
238 -- [  37 4290]
240 -- [1459 2023]
241 -- [4202  222]
243 -- [3745 1343]
246 -- [3491 1221]
248 -- [2484 1546]
249 -- [3154  872]
258 -- [ 419 3999]
260 -- [4135  202]
262 -- [ 299 3775]
263 -- [ 563 2362]
266 -- [2092  683]
267 -- [2057  101]
269 -- [4337 1572]
270 -- [1563 2441]
272 -- [2086   15]
273 -- [ 166 2872]
274 -- [4511  965]
275 -- [2320  342]
276 -- [3698  175]
277 -- [ 323 3441]
279 -- [ 815 2812]
280 -- [1745 3662]
282 -- [1625 3972]
284 -- [3648  187]
286 -- [4561   29]
287 -- [2069   63]
289 -- [ 983 3275]
290 -- [2633  436]
291 -- [1463 4155]
292 -- [2874  660]
293 -- [3323 1585]
294 -- [1968 1373]
295 -- [2800  306]
296 -- [2566   34]
297 -- [ 237 2593]
299 -- [3438  617]
302 -- [4503  328]
304 -- [ 459 3022]
307 -- [4312 1005]
308 -- [2892  970]
310 -- [3386 1016]
311 -- [1066 3261]
312 -- [ 426 2576]
313 -- [3920 1096]
314 -- [ 337 2865]
315 -- [2112 1685]
317 -- [4245  266]
320 -- [1478 1873]
324 -- [1049 2862]
325 -- [ 399 4189]
329 -- [4130 1666]
332 -- [3432  340]
333 -- [1019 2047]
334 -- [ 736 4215]
335 -- [1037 2761]
336 -- [ 505 2281]
340 -- [ 533 3337]
342 -- [2565 1623]
343 -- [ 349 2276]
344 -- [1451 4370]
345 -- [1590 2625]
346 -- [2305 1282]
348 -- [1010 4279]
349 -- [ 903 1818]
353 -- [ 107 2021]
354 -- [4206  605]
355 -- [1150 2983]
356 -- [4284 1590]
357 -- [3122   72]
358 -- [2681 1244]
361 -- [1204 4160]
363 -- [ 649 3910]
364 -- [1250 2041]
367 -- [ 315 3475]
368 -- [1081 4364]
369 -- [1776 4323]
370 -- [2011 1419]
372 -- [3704 1113]
373 -- [ 189 2168]
374 -- [1418 3848]
375 -- [1729 1904]
377 -- [2434   89]
378 -- [3762  330]
380 -- [ 902 4510]
381 -- [1334 3450]
382 -- [3498 1792]
383 -- [ 563 3549]
388 -- [2453  590]
391 -- [1657 2649]
393 -- [3925 1375]
394 -- [1774 1922]
395 -- [2405  241]
401 -- [ 250 4146]
404 -- [ 155 2670]
406 -- [4127 1799]
407 -- [2059 1802]
409 -- [ 736 3762]
411 -- [ 143 2303]
413 -- [3813 1452]
414 -- [4474  314]
415 -- [ 396 3599]
417 -- [2462  552]
418 -- [ 785 2980]
419 -- [2477  455]
421 -- [ 681 3284]
422 -- [3069 1055]
424 -- [ 553 2287]
425 -- [3789  414]
426 -- [ 233 4069]
427 -- [2419   31]
429 -- [3669   34]
431 -- [1454 1959]
432 -- [4409 1785]
433 -- [2298 1347]
434 -- [1697 2499]
436 -- [2925   84]
438 -- [1457 4589]
439 -- [ 275 2308]
442 -- [3476 1259]
443 -- [2550 1399]
444 -- [1749 1855]
445 -- [3184 1562]
446 -- [1873   76]
447 -- [ 607 4289]
450 -- [3597  511]
451 -- [4531 1668]
452 -- [1031 4012]
454 -- [2056 1805]
458 -- [ 373 1869]
463 -- [1716 3999]
464 -- [ 919 2769]
466 -- [ 587 3134]
469 -- [2238 1449]
470 -- [1571 2776]
472 -- [ 997 4189]
476 -- [2512  893]
477 -- [ 337 2535]
478 -- [1654 3151]
481 -- [3975 1146]
485 -- [3603 1697]
486 -- [2750  548]
487 -- [3720  156]
488 -- [ 511 2929]
489 -- [ 962 1988]
491 -- [3346  414]
492 -- [4552 1637]
493 -- [3678  958]
495 -- [ 791 4378]
496 -- [ 296 4477]
497 -- [1270 2632]
499 -- [3556  458]
500 -- [2746 1711]
501 -- [  26 3358]
502 -- [ 692 3220]
505 -- [ 101 2038]
508 -- [ 590 4374]
510 -- [1715 3956]
513 -- [1156 3817]
514 -- [3751  193]
516 -- [ 300 2545]
517 -- [1090 1913]
518 -- [ 579 3041]
519 -- [3237 1369]
521 -- [4102  480]
522 -- [1139 3754]
525 -- [ 311 2656]
528 -- [2243   84]
529 -- [ 136 2737]
530 -- [2476  173]
532 -- [2900 1563]
533 -- [ 587 3332]
536 -- [  13 3118]
537 -- [1006 2128]
538 -- [1761 4478]
539 -- [1968  360]
540 -- [4251 1012]
542 -- [ 751 1841]
543 -- [2247 1745]
544 -- [2196 1118]
545 -- [2284 1011]
546 -- [3160  162]
547 -- [1387 2965]
550 -- [ 602 2547]
551 -- [3033  360]
552 -- [1293 2054]
554 -- [1674 3010]
556 -- [ 222 2698]
557 -- [1621 4064]
559 -- [3572  101]
560 -- [2629  981]
565 -- [3002 1707]
566 -- [2695 1765]
567 -- [1640 2231]
568 -- [4270  826]
570 -- [2883 1233]
571 -- [1457 3916]
574 -- [ 357 3072]
576 -- [1150 4405]
578 -- [ 296 3052]
579 -- [4393  225]
583 -- [1698 3864]
584 -- [ 402 2196]
588 -- [1113 1870]
590 -- [3857  712]
593 -- [2045  754]
595 -- [ 404 3973]
597 -- [ 277 3788]
598 -- [2136 1493]
600 -- [3654 1794]
601 -- [1970 1151]
602 -- [3996  331]
605 -- [2431 1668]
606 -- [1298 1987]
607 -- [3728  836]
608 -- [1745 2674]
610 -- [3585  901]
612 -- [4437 1148]
614 -- [ 258 2596]
615 -- [1513 4168]
616 -- [3613  517]
617 -- [3669   20]
619 -- [3685 1781]
623 -- [3745  855]
624 -- [3452  876]
625 -- [ 359 2521]
627 -- [1225 2000]
629 -- [ 940 3069]
632 -- [ 255 2085]
633 -- [ 975 1972]
636 -- [2584  717]
637 -- [3057  864]
638 -- [2597 1186]
640 -- [2256  169]
641 -- [1777 3181]
643 -- [3813  686]
647 -- [1783 3087]
648 -- [ 990 2969]
649 -- [ 996 2637]
650 -- [  51 3310]
652 -- [4075  331]
654 -- [1768 3092]
655 -- [3047  197]
656 -- [2726 1181]
659 -- [ 235 1918]
660 -- [3175  228]
661 -- [1560 2577]
662 -- [2894  170]
663 -- [ 228 3268]
666 -- [3410 1375]
668 -- [1110 3051]
669 -- [1016 3898]
670 -- [1408 4336]
672 -- [2182  650]
673 -- [1517 4231]
675 -- [2189  153]
676 -- [1386 3243]
680 -- [1562 4491]
681 -- [3013 1789]
683 -- [ 264 3387]
684 -- [ 457 2970]
686 -- [3433  854]
690 -- [ 522 2194]
692 -- [2336  104]
695 -- [  59 2560]
696 -- [4000   17]
698 -- [1582 4392]
700 -- [3842 1126]
701 -- [ 504 2211]
702 -- [2546  559]
704 -- [ 983 3501]
706 -- [4297 1412]
708 -- [2036 1115]
709 -- [2510  356]
710 -- [1735 3369]
711 -- [3018 1031]
713 -- [2891  854]
714 -- [ 962 2440]
719 -- [4373 1460]
721 -- [2225 1396]
722 -- [ 103 2306]
724 -- [4474  863]
726 -- [4347  505]
727 -- [3407 1589]
728 -- [ 362 3180]
729 -- [2972  434]
731 -- [2122  421]
732 -- [ 471 4414]
735 -- [2860  964]
738 -- [ 815 3231]
739 -- [ 862 1896]
740 -- [ 545 4000]
741 -- [ 474 3227]
742 -- [ 169 3208]
744 -- [2250 1514]
747 -- [3974  921]
748 -- [ 443 2160]
749 -- [3141 1797]
751 -- [3677  917]
753 -- [ 593 2688]
754 -- [1823 1800]
756 -- [3515 1258]
757 -- [1046 3192]
758 -- [3312 1628]
762 -- [3508 1524]
763 -- [2015  379]
765 -- [2591  535]
767 -- [1803 2446]
768 -- [2355   29]
769 -- [2298  586]
771 -- [1078 3982]
772 -- [2836  110]
773 -- [4035 1697]
774 -- [2164 1293]
775 -- [2802  226]
776 -- [2513 1774]
777 -- [ 434 3452]
781 -- [ 243 2009]
782 -- [ 870 2398]
783 -- [3188  988]
784 -- [2525  124]
788 -- [1138 3496]
789 -- [1330 4160]
790 -- [ 940 4497]
791 -- [1336 1979]
792 -- [4233  208]
793 -- [1491 3788]
795 -- [3984  197]
797 -- [ 890 3723]
798 -- [1382 3017]
799 -- [ 589 3772]
801 -- [ 761 2638]
806 -- [ 212 2832]
808 -- [ 214 3753]
809 -- [1043 2219]
810 -- [4201    3]
811 -- [4564 1720]
812 -- [ 281 2950]
814 -- [1515 1879]
815 -- [ 902 3950]
816 -- [3509 1779]
817 -- [2987 1008]
820 -- [1216 2674]
823 -- [1747 2153]
824 -- [1384 3337]
826 -- [2553  606]
827 -- [2879  715]
830 -- [1778 4439]
831 -- [2448  954]
833 -- [4554  643]
835 -- [1271 3170]
836 -- [2852   89]
837 -- [2963  852]
838 -- [ 463 2225]
839 -- [2960   90]
840 -- [ 511 3518]
842 -- [1548 2586]
843 -- [2677 1776]
844 -- [2348   10]
845 -- [ 464 3044]
847 -- [2741  898]
848 -- [2694  144]
850 -- [ 541 4482]
855 -- [2055 1752]
857 -- [3404  749]
858 -- [1183 3592]
860 -- [2114   62]
861 -- [4354  716]
864 -- [ 864 2405]
868 -- [ 143 4162]
869 -- [1079 4349]
870 -- [1255 2425]
873 -- [1022 4262]
876 -- [2382 1537]
878 -- [4523  681]
880 -- [1891  626]
882 -- [1301 2804]
883 -- [1560 2340]
884 -- [2553  169]
885 -- [1072 3876]
886 -- [1580 4576]
887 -- [3219  891]
889 -- [1825  915]
891 -- [2526  185]
892 -- [3395  535]
893 -- [1093 4373]
895 -- [1341 4367]
897 -- [  98 3673]
900 -- [ 374 2087]
901 -- [3159 1516]
902 -- [2260  846]
903 -- [4137 1143]
904 -- [2271  840]
905 -- [ 557 2777]
907 -- [1918 1683]
910 -- [1124 2969]
911 -- [1129 4145]
912 -- [4392 1415]
913 -- [ 830 4542]
915 -- [1023 2266]
916 -- [ 249 2149]
917 -- [4392    6]
918 -- [ 131 3725]
920 -- [2661  717]
921 -- [1415 3948]
922 -- [ 487 2925]
925 -- [ 328 3699]
927 -- [4441 1567]
928 -- [2779  381]
929 -- [4067  290]
930 -- [ 258 3694]
931 -- [1201 4083]
933 -- [ 843 2736]
934 -- [ 738 4423]
935 -- [1330 3219]
937 -- [1689 4596]
938 -- [2064  954]
939 -- [ 726 3876]
941 -- [ 407 3743]
943 -- [3698  972]
946 -- [3336  249]
947 -- [ 548 2957]
950 -- [ 194 1966]
951 -- [ 520 2696]
952 -- [3637  189]
954 -- [3554  954]
955 -- [ 309 2731]
957 -- [2226 1041]
958 -- [3856  966]
959 -- [2895  309]
960 -- [4446  908]
961 -- [2739  764]
962 -- [3643  100]
966 -- [3027   33]
967 -- [3348 1521]
968 -- [3381 1151]
969 -- [4504 1723]
970 -- [3310 1466]
972 -- [1323 2347]
973 -- [1456 2053]
974 -- [ 728 2139]
975 -- [2289  101]
977 -- [1962  262]
978 -- [1903 1300]
979 -- [4209  970]
983 -- [3713 1250]
984 -- [ 463 2041]
985 -- [ 585 3625]
988 -- [ 874 2301]
990 -- [4553 1799]
991 -- [4203  626]
993 -- [3851  657]
995 -- [  75 3053]
996 -- [1382 3919]
997 -- [1516 3261]
1000 -- [1777 4421]
1003 -- [4243  207]
1004 -- [1770 2561]
1005 -- [2328 1189]
1006 -- [1597 4543]
1009 -- [3289   52]
1011 -- [ 427 4274]
1012 -- [2699  479]
1015 -- [2582  246]
1017 -- [4045 1337]
1019 -- [2083  396]
1021 -- [ 133 3048]
1022 -- [ 441 3920]
1025 -- [1259 2019]
1029 -- [2236  332]
1032 -- [ 887 4504]
1034 -- [3631 1050]
1035 -- [1514 3092]
1040 -- [3903 1143]
1042 -- [4554 1507]
1043 -- [1327 2218]
1044 -- [1190 2804]
1046 -- [2880 1775]
1049 -- [3426  369]
1050 -- [ 544 2364]
1053 -- [ 187 2861]
1054 -- [2011 1096]
1056 -- [3602  590]
1057 -- [2472  179]
1059 -- [4204  184]
1060 -- [2285  130]
1062 -- [1451 3498]
1064 -- [ 453 2271]
1065 -- [1890 1373]
1066 -- [ 223 3653]
1067 -- [3614 1586]
1068 -- [3654  391]
1069 -- [2021  262]
1071 -- [4450 1421]
1072 -- [ 853 2527]
1073 -- [ 281 2313]
1074 -- [1487 3126]
1075 -- [  39 2458]
1076 -- [1305 2438]
1077 -- [3761  481]
1078 -- [1968  281]
1080 -- [2890 1521]
1081 -- [2729  202]
1082 -- [2082  160]
1083 -- [4265  468]
1084 -- [2013 1026]
1085 -- [1222 4295]
1087 -- [1337 4355]
1088 -- [3419  118]
1090 -- [3818   59]
1093 -- [1687 3066]
1094 -- [ 664 3412]
1095 -- [1402 3283]
1097 -- [2593  339]
1102 -- [1336 3130]
1103 -- [3377 1105]
1105 -- [ 271 3658]
1107 -- [3278 1699]
1110 -- [ 934 4146]
1111 -- [ 773 3299]
1113 -- [2314 1698]
1114 -- [1680 3927]
1115 -- [2434 1100]
1116 -- [1366 2923]
1117 -- [2718   82]
1119 -- [3727    4]
1120 -- [2177  744]
1121 -- [3197 1556]
1124 -- [3917  321]
1125 -- [1488 3648]
1126 -- [ 329 2999]
1127 -- [2311 1414]
1129 -- [1075 3059]
1131 -- [  36 3560]
1132 -- [  42 4555]
1133 -- [3411  280]
1134 -- [2860 1149]
1135 -- [2771 1469]
1136 -- [ 178 4114]
1138 -- [1301 2117]
1140 -- [ 504 3854]
1142 -- [3225  465]
1144 -- [2472  814]
1145 -- [2156  509]
1146 -- [1189 2566]
1147 -- [ 414 1896]
1148 -- [ 915 3739]
1149 -- [2697  326]
1151 -- [2788  256]
1153 -- [1776 3516]
1154 -- [4173   85]
1155 -- [3960 1249]
1156 -- [1094 3399]
1157 -- [ 309 3772]
1159 -- [4284  369]
1161 -- [2909  518]
1163 -- [4462 1717]
1168 -- [1281 2168]
1169 -- [3998  133]
1170 -- [4337  363]
1172 -- [3026  645]
1173 -- [3440 1035]
1175 -- [ 358 3739]
1176 -- [4091 1736]
1178 -- [3231 1730]
1180 -- [4522  417]
1181 -- [4211  136]
1183 -- [3420  770]
1185 -- [1298 4393]
1187 -- [ 271 2170]
1188 -- [2039  130]
1190 -- [  31 3656]
1192 -- [1118 2416]
1193 -- [ 844 2676]
1194 -- [ 764 2619]
1195 -- [4095 1251]
1196 -- [3539  443]
1197 -- [ 702 3397]
1198 -- [3134 1308]
1199 -- [3441  102]
1202 -- [2598  973]
1203 -- [3813  278]
1206 -- [1063 3677]
1207 -- [ 454 2968]
1208 -- [1550 3840]
1209 -- [ 324 1932]
1210 -- [3630 1775]
1215 -- [3445 1722]
1216 -- [ 476 2989]
1217 -- [1495 2958]
1219 -- [3189   74]
1220 -- [1923 1570]
1222 -- [4302 1183]
1225 -- [2063   55]
1226 -- [ 779 4093]
1227 -- [2559  873]
1228 -- [1792 2076]
1230 -- [2297 1050]
1231 -- [ 510 3005]
1236 -- [2062   63]
1238 -- [3422  459]
1239 -- [1966 1489]
1241 -- [1201 3409]
1242 -- [1796 4268]
1245 -- [3816  461]
1246 -- [4587  926]
1247 -- [1396 3390]
1248 -- [2542  233]
1250 -- [1173 2577]
1252 -- [3781  657]
1254 -- [2335 1332]
1258 -- [2241  581]
1261 -- [ 735 3001]
1262 -- [1348 2898]
1266 -- [ 375 2308]
1268 -- [3273  818]
1269 -- [3975  808]
1272 -- [2310 1434]
1273 -- [ 466 3028]
1274 -- [2948  867]
1275 -- [ 111 3120]
1276 -- [   0 1822]
1277 -- [1747 4141]
1279 -- [3525  458]
1281 -- [2310  491]
1282 -- [2771  729]
1283 -- [3371 1342]
1284 -- [1037 3318]
1287 -- [ 240 2474]
1289 -- [2897  456]
1290 -- [ 692 4439]
1292 -- [1650 3967]
1296 -- [3357  214]
1297 -- [1129 2385]
1298 -- [3840  135]
1299 -- [ 461 3986]
1301 -- [1770 2543]
1302 -- [4198 1554]
1303 -- [3447 1550]
1305 -- [4423 1299]
1308 -- [3401  246]
1309 -- [2732  578]
1311 -- [4218 1146]
1313 -- [ 854 3521]
1314 -- [ 852 3818]
1316 -- [2653 1061]
1317 -- [ 702 3208]
1319 -- [1343 2768]
1321 -- [2495  560]
1323 -- [2740   74]
1324 -- [3555  480]
1325 -- [1903 1190]
1326 -- [3204 1066]
1332 -- [2784 1400]
1333 -- [2570 1270]
1334 -- [1747 3787]
1335 -- [1149 2323]
1339 -- [ 363 3294]
1341 -- [ 446 3052]
1343 -- [3933  958]
1344 -- [ 729 3502]
1346 -- [4099 1148]
1348 -- [3164  368]
1350 -- [2402 1217]
1352 -- [1695 4073]
1354 -- [1775 4387]
1355 -- [ 192 2633]
1357 -- [2471  473]
1358 -- [ 675 3138]
1361 -- [3211  256]
1362 -- [4051 1594]
1363 -- [ 738 2620]
1364 -- [3626  439]
1365 -- [1728 4342]
1366 -- [1593 1906]
1367 -- [ 592 3566]
1369 -- [1201 3577]
1370 -- [3147  768]
1371 -- [ 504 3242]
1372 -- [1207 2741]
1374 -- [3136 1643]
1375 -- [4159 1251]
1378 -- [ 182 2393]
1380 -- [3381  761]
1382 -- [1724 2478]
1383 -- [4381  797]
1384 -- [2150  718]
1386 -- [3816  598]
1387 -- [1126 4334]
1388 -- [1460 1825]
1389 -- [2389  913]
1395 -- [3511   89]
1396 -- [1550 3667]
1399 -- [ 589 3319]
1400 -- [3126 1677]
1401 -- [ 151 2089]
1402 -- [1948  356]
1403 -- [2724  286]
1404 -- [3452 1735]
1406 -- [2117  373]
1407 -- [3956  675]
1408 -- [ 954 3506]
1409 -- [ 399 2273]
1410 -- [ 324 4437]
1411 -- [2595   58]
1412 -- [ 399 2118]
1413 -- [2510  770]
1414 -- [3216 1338]
1415 -- [2285  783]
1418 -- [1375 3096]
1421 -- [3427  208]
1422 -- [1947  323]
1423 -- [4488  127]
1425 -- [2563 1490]
1427 -- [4354  560]
1428 -- [1984  114]
1431 -- [2521  773]
1433 -- [ 132 3928]
1434 -- [ 701 3255]
1435 -- [4280  333]
1436 -- [ 544 4267]
1438 -- [2877 1527]
1440 -- [3749 1365]
1442 -- [1855  501]
1443 -- [4531 1719]
1444 -- [1066 2612]
1447 -- [3748  378]
1449 -- [1567 3753]
1450 -- [3288  115]
1452 -- [2824  664]
1453 -- [2886  111]
1454 -- [2214 1418]
1455 -- [2982  247]
1456 -- [3227  648]
1457 -- [1538 3422]
1458 -- [4439  400]
1461 -- [ 609 3568]
1462 -- [1103 2823]
1465 -- [1723 3758]
1466 -- [4048  541]
1467 -- [3486 1162]
1468 -- [2734 1735]
1470 -- [1507 4304]
1471 -- [ 572 3592]
1472 -- [ 917 2806]
1475 -- [2347  369]
1477 -- [1748 3501]
1478 -- [2841 1506]
1480 -- [ 730 3510]
1481 -- [2405  247]
1483 -- [2901  523]
1484 -- [2660  741]
1486 -- [3911   47]
1487 -- [ 764 4260]
1488 -- [3874 1204]
1490 -- [4170 1085]
1491 -- [1129 3356]
1492 -- [ 621 1946]
1495 -- [2033  474]
1496 -- [1966  206]
1500 -- [ 901 2926]
1501 -- [ 766 2565]
1503 -- [2622 1287]
1504 -- [1029 4251]
1505 -- [ 631 4515]
1506 -- [2475 1659]
1507 -- [1657 3816]
1508 -- [ 988 4244]
1509 -- [ 856 2356]
1511 -- [3969  108]
1513 -- [1610 2112]
1515 -- [2387  308]
1517 -- [2815 1341]
1522 -- [3715  976]
1523 -- [4110  646]
1524 -- [4346  128]
1525 -- [ 472 3596]
1526 -- [1539 2291]
1527 -- [  79 2918]
1528 -- [ 792 3018]
1532 -- [2196 1011]
1533 -- [1234 4512]
1534 -- [1204 4014]
1535 -- [  72 2083]
1542 -- [2729  154]
1543 -- [2685 1411]
1544 -- [4487  611]
1545 -- [  16 2843]
1546 -- [4026 1739]
1547 -- [2261  322]
1548 -- [1432 4078]
1549 -- [ 627 2504]
1551 -- [2575 1045]
1552 -- [1796 2559]
1553 -- [1242 3428]
1554 -- [3675 1377]
1555 -- [2988 1617]
1556 -- [3723  706]
1557 -- [1554 4359]
1558 -- [3898  235]
1563 -- [4004  533]
1564 -- [3767  545]
1566 -- [2004  393]
1569 -- [4435  156]
1571 -- [2437 1321]
1572 -- [ 250 3279]
1574 -- [3993   62]
1578 -- [4528 1267]
1579 -- [ 459 2139]
1580 -- [2980 1690]
1582 -- [4484 1743]
1583 -- [ 655 2409]
1584 -- [1728 2235]
1585 -- [3054 1205]
1588 -- [1396 3674]
1589 -- [1103 3142]
1590 -- [1348 3116]
1592 -- [4160   82]
1593 -- [ 189 2128]
1594 -- [2667  108]
1598 -- [ 112 2788]
1601 -- [3186  938]
1602 -- [ 774 3243]
1605 -- [ 606 2786]
1607 -- [ 853 2265]
1609 -- [3792  955]
1610 -- [1850  501]
1611 -- [ 728 3303]
1612 -- [3154  654]
1614 -- [4221 1131]
1615 -- [1195 1895]
1616 -- [3557  547]
1617 -- [4360  990]
1619 -- [  36 3543]
1620 -- [ 949 2690]
1621 -- [3505  867]
1624 -- [ 783 3840]
1625 -- [1091 4552]
1626 -- [2446  981]
1628 -- [1321 3729]
1630 -- [1852 1733]
1632 -- [1687 3527]
1633 -- [2963  267]
1635 -- [2635  768]
1637 -- [3323  840]
1638 -- [1581 4087]
1639 -- [3410  958]
1644 -- [ 652 3950]
1645 -- [ 701 3582]
1647 -- [4204  740]
1648 -- [3530  461]
1649 -- [ 169 4289]
1650 -- [2467  469]
1653 -- [3630 1193]
1654 -- [3901  161]
1656 -- [3595 1119]
1658 -- [4259  172]
1660 -- [1675 4428]
1661 -- [4239 1179]
1664 -- [ 831 2753]
1667 -- [2162  792]
1668 -- [1765 3945]
1671 -- [4389  506]
1672 -- [ 949 3399]
1673 -- [1124 2089]
1674 -- [3228 1590]
1676 -- [ 241 3041]
1677 -- [1183 2852]
1678 -- [1993 1721]
1681 -- [ 490 4123]
1682 -- [1249 2779]
1684 -- [3083 1113]
1685 -- [ 545 2591]
1686 -- [ 274 3655]
1687 -- [3263 1482]
1688 -- [4185  115]
1689 -- [3586  504]
1691 -- [1508 1940]
1692 -- [ 750 3643]
1693 -- [  28 2745]
1695 -- [4479  708]
1697 -- [1581 4404]
1698 -- [1457 3875]
1699 -- [  36 2174]
1700 -- [3173   53]
1701 -- [1203 3080]
1702 -- [4599 1453]
1703 -- [ 481 1837]
1706 -- [1744 3422]
1707 -- [ 830 2230]
1710 -- [   7 3409]
1713 -- [4378  979]
1714 -- [1355 1889]
1715 -- [2535 1193]
1716 -- [1248 2517]
1718 -- [2044 1501]
1719 -- [1666 3319]
1722 -- [4272 1770]
1723 -- [  80 2390]
1726 -- [1449 3077]
1728 -- [3878 1065]
1731 -- [ 926 4557]
1732 -- [3067  283]
1733 -- [2410 1616]
1735 -- [ 650 3066]
1736 -- [  62 2607]
1737 -- [3688 1145]
1738 -- [ 909 3229]
1741 -- [   4 1871]
1742 -- [4480 1520]
1743 -- [4412  427]
1745 -- [3226  487]
1746 -- [3431    5]
1748 -- [ 128 4444]
1750 -- [ 318 3221]
1751 -- [3226 1044]
1752 -- [ 585 2911]
1753 -- [1955  204]
1754 -- [1123 3652]
1755 -- [1787 3052]
1756 -- [1213 2058]
1757 -- [2877  784]
1758 -- [2418  501]
1759 -- [ 579 3663]
1761 -- [4010  215]
1762 -- [2683 1112]
1765 -- [1632 2648]
1767 -- [ 339 4502]
1768 -- [ 530 2301]
1770 -- [1526 4422]
1771 -- [2248 1556]
1773 -- [2981 1454]
1775 -- [2232 1148]
1776 -- [3992 1797]
1777 -- [3408 1241]
1778 -- [1158 2105]
1779 -- [4318 1386]
1783 -- [ 862 4245]
1784 -- [1665 4084]
1785 -- [2237  737]
1788 -- [2322 1075]
1789 -- [1699 3972]
1790 -- [4405 1419]
1791 -- [4276 1105]
1792 -- [4403  808]
1793 -- [3262  118]
1795 -- [1249 2143]
1796 -- [2462 1540]
1798 -- [3767   38]
1800 -- [4358  172]
1801 -- [1006 4419]
1802 -- [2973  520]
1804 -- [ 214 4043]
1806 -- [1538 3462]
1807 -- [  57 2884]
1808 -- [ 926 2845]
1809 -- [2863 1624]
1810 -- [  31 4234]
1811 -- [3926  783]
1812 -- [3661   84]
1813 -- [  73 2687]
1814 -- [ 307 3009]
1815 -- [1443 2650]
1816 -- [3990  497]
1817 -- [ 383 4526]
1818 -- [1781 4171]
1819 -- [3410 1462]
1822 -- [1677 2399]
1824 -- [  85 2059]
1825 -- [ 774 3538]
1827 -- [3281 1043]
1828 -- [ 925 3008]
1829 -- [4330 1686]
1831 -- [2101   87]
1833 -- [1892 1805]
1835 -- [4117 1560]
1838 -- [1365 4103]
1840 -- [1108 3243]
1841 -- [1179 1949]
1842 -- [1850  694]
1844 -- [1104 2814]
1847 -- [  36 2924]
1848 -- [1821  355]
1849 -- [1577 1871]
1850 -- [1585 3626]
1851 -- [1379 2625]
1855 -- [2688 1039]
1856 -- [2560  106]
1857 -- [1794 3648]
1858 -- [3072  941]
1860 -- [2751 1355]
1861 -- [1987  228]
1863 -- [1210 3081]
1865 -- [1925  384]
1866 -- [1149 1927]
1867 -- [2846  149]
1868 -- [1668 2554]
1871 -- [4049 1102]
1872 -- [2585   98]
1873 -- [2543 1175]
1876 -- [4001  582]
1877 -- [ 155 2979]
1878 -- [1092 3899]
1880 -- [1449 4418]
1881 -- [3478 1554]
1882 -- [ 299 3804]
1883 -- [ 501 3321]
1884 -- [ 286 4443]
1886 -- [1990 1116]
1887 -- [2188   70]
1888 -- [1513 2594]
1889 -- [1375 3172]
1890 -- [1237 3903]
1892 -- [3727 1569]
1893 -- [3624 1316]
1894 -- [2213  963]
1896 -- [3877   20]
1899 -- [1154 1991]
1900 -- [2365  351]
1901 -- [3392  296]
1902 -- [ 626 4244]
1904 -- [4357  970]
1906 -- [ 797 3151]
1907 -- [3127  505]
1908 -- [1830  617]
1909 -- [1520 2629]
1910 -- [1378 2199]
1912 -- [2090 1656]
1913 -- [1305 4272]
1915 -- [3082  363]
1916 -- [3414 1115]
1917 -- [4520 1485]
1918 -- [1525 2944]
1919 -- [ 427 3774]
1920 -- [4150 1006]
1924 -- [ 933 2928]
1927 -- [3498  287]
1928 -- [2172  596]
1931 -- [2820 1482]
1933 -- [ 316 4158]
1934 -- [2333  160]
1936 -- [2223  370]
1937 -- [3637  803]
1938 -- [3984   84]
1940 -- [1695 2120]
1943 -- [2231  479]
1944 -- [4324 1477]
1951 -- [ 279 3458]
1952 -- [4144  708]
1953 -- [4149 1280]
1955 -- [3532  776]
1956 -- [2090 1428]
1957 -- [1309 3594]
1959 -- [3480 1409]
1961 -- [ 608 2680]
1962 -- [4359  106]
1963 -- [ 379 3475]
1964 -- [1762 2714]
1966 -- [1725 3001]
1968 -- [2285  480]
1971 -- [3260  961]
1974 -- [4593 1030]
1976 -- [3383  396]
1977 -- [3461 1367]
1981 -- [ 381 2049]
1982 -- [ 662 2946]
1984 -- [1574 3009]
1985 -- [ 326 4134]
1986 -- [2067 1401]
1987 -- [3488  798]
1988 -- [  55 2009]
1989 -- [2355 1665]
1990 -- [2217 1699]
1991 -- [2772  882]
1992 -- [2051 1154]
1993 -- [ 815 3421]
1994 -- [4392 1006]
1995 -- [4155  141]
1996 -- [ 133 3748]
1997 -- [3234  824]
1998 -- [4171 1207]
1999 -- [2082 1098]
2000 -- [3707  225]
2003 -- [1952 1251]
2004 -- [  50 3059]
2006 -- [1386 2114]
2008 -- [ 399 3212]
2009 -- [2689 1127]
2011 -- [2958  130]
2012 -- [4263   98]
2014 -- [3081  167]
2016 -- [2727 1353]
2017 -- [4359 1011]
2018 -- [ 228 1914]
2019 -- [2430 1700]
2020 -- [  66 4082]
2021 -- [3272  972]
2023 -- [1866  278]
2026 -- [3783 1079]
2029 -- [1728 3006]
2032 -- [ 470 2034]
2033 -- [ 988 2400]
2034 -- [ 428 3566]
2036 -- [ 655 1941]
2037 -- [ 476 3564]
2038 -- [ 262 2245]
2041 -- [ 371 3184]
2045 -- [ 355 3136]
2046 -- [ 596 4324]
2047 -- [3939  255]
2048 -- [4352  624]
2050 -- [1765 2120]
2053 -- [1415 4155]
2054 -- [ 691 3866]
2055 -- [1082 2305]
2056 -- [1871 1016]
2058 -- [2752 1687]
2059 -- [4545 1733]
2060 -- [ 957 3288]
2061 -- [4157  970]
2062 -- [3545 1104]
2063 -- [  11 2209]
2065 -- [ 340 3085]
2068 -- [4382 1446]
2070 -- [1699 2363]
2071 -- [3226   29]
2072 -- [ 889 3326]
2075 -- [4568 1418]
2078 -- [2839 1544]
2079 -- [4335  648]
2080 -- [3070 1719]
2082 -- [2826 1524]
2083 -- [ 853 4391]
2086 -- [ 402 3291]
2087 -- [4578 1491]
2089 -- [1451 3640]
2090 -- [ 615 2631]
2091 -- [ 799 4108]
2092 -- [ 522 2643]
2093 -- [3386   24]
2094 -- [ 329 4239]
2095 -- [1751 2346]
2096 -- [ 764 3355]
2097 -- [2904 1246]
2100 -- [2002 1112]
2103 -- [ 602 2713]
2104 -- [4027 1433]
2105 -- [3527 1550]
2106 -- [3238 1610]
2107 -- [3272  968]
2108 -- [  81 4050]
2111 -- [  96 2958]
2115 -- [2882 1537]
2117 -- [3999  403]
2119 -- [3001  327]
2122 -- [3055  113]
2123 -- [3261 1060]
2126 -- [1689 3043]
2127 -- [1871  353]
2128 -- [2638  535]
2129 -- [4001 1400]
2133 -- [3163 1687]
2134 -- [2290 1186]
2136 -- [1930 1731]
2137 -- [1415 4007]
2138 -- [1640 2981]
2139 -- [1075 4587]
2140 -- [2011 1635]
2141 -- [1220 2951]
2145 -- [2083  773]
2147 -- [3036  194]
2148 -- [4340  175]
2149 -- [ 803 2938]
2151 -- [4126 1146]
2152 -- [ 956 4154]
2153 -- [3067 1227]
2154 -- [4099  871]
2155 -- [3981 1452]
2156 -- [2008  993]
2158 -- [ 378 3586]
2161 -- [1035 2978]
2162 -- [2892 1582]
2163 -- [1175 2805]
2164 -- [  90 2773]
2170 -- [1542 3007]
2171 -- [ 626 3168]
2175 -- [ 981 2349]
2177 -- [ 479 3043]
2180 -- [4127  914]
2181 -- [2446  143]
2185 -- [ 317 2947]
2188 -- [2884 1366]
2189 -- [ 214 1969]
2190 -- [3012 1375]
2191 -- [2590 1181]
2192 -- [2781   29]
2196 -- [1343 3700]
2197 -- [ 592 3598]
2199 -- [4470 1767]
2200 -- [1546 1933]
2202 -- [1495 4054]
2205 -- [ 339 4063]
2207 -- [2766  277]
2208 -- [1427 2411]
2210 -- [ 572 3323]
2211 -- [2340  712]
2213 -- [ 378 3731]
2215 -- [1470 4032]
2216 -- [1205 2636]
2218 -- [  17 3673]
2220 -- [   7 3426]
2221 -- [3333 1439]
2222 -- [ 375 3291]
2225 -- [ 920 3004]
2226 -- [  73 2490]
2227 -- [3841 1689]
2228 -- [1903 1070]
2229 -- [1146 2570]
2233 -- [3835 1422]
2234 -- [3965  197]
2236 -- [ 390 3213]
2237 -- [ 362 3083]
2238 -- [ 853 1887]
2240 -- [ 539 3072]
2241 -- [3526  419]
2243 -- [3144  918]
2244 -- [3835  737]
2245 -- [1748 2617]
2246 -- [1383 1877]
2247 -- [ 157 2051]
2248 -- [ 309 2877]
2249 -- [2495  918]
2250 -- [2719  517]
2251 -- [ 996 2647]
2257 -- [1888  835]
2258 -- [4505 1011]
2259 -- [  44 4448]
2260 -- [ 635 4503]
2262 -- [3690 1616]
2265 -- [2243  660]
2266 -- [1373 2800]
2267 -- [4146  683]
2268 -- [ 357 2594]
2269 -- [3980 1700]
2270 -- [ 972 2241]
2273 -- [4289  230]
2275 -- [2067  422]
2277 -- [ 561 3045]
2278 -- [2361 1296]
2279 -- [2307 1586]
2281 -- [2720  578]
2284 -- [1070 3762]
2286 -- [2059 1334]
2287 -- [ 902 2005]
2288 -- [1935 1022]
2289 -- [1658 3579]
2291 -- [ 233 3145]
2292 -- [1995  693]
2293 -- [1085 3273]
2298 -- [ 214 2975]
2299 -- [1520 4562]
2300 -- [1986  960]
2303 -- [3287  338]
2304 -- [1792 3857]
2305 -- [ 776 3461]
2306 -- [1090 2078]
2309 -- [2910  607]
2310 -- [2833 1103]
2312 -- [3927  572]
2314 -- [3871  679]
2315 -- [ 871 3439]
2317 -- [1508 4224]
2319 -- [2565  504]
2320 -- [1105 3045]
2321 -- [4201  950]
2324 -- [ 350 2989]
2325 -- [3513  309]
2326 -- [1386 3643]
2327 -- [1996  900]
2329 -- [1729 3370]
2330 -- [ 670 2400]
2332 -- [  34 2594]
2338 -- [3283 1790]
2339 -- [ 299 2866]
2340 -- [2119  426]
2342 -- [ 736 2495]
2344 -- [1558 2970]
2347 -- [1432 2499]
2348 -- [4369  593]
2350 -- [2012    4]
2352 -- [ 946 3048]
2354 -- [3456  836]
2356 -- [1624 2357]
2357 -- [ 958 4235]
2358 -- [2899 1550]
2359 -- [1621 2452]
2360 -- [1680 2175]
2361 -- [3320  579]
2363 -- [3057 1401]
2365 -- [2817  843]
2368 -- [ 563 2914]
2369 -- [4375 1740]
2370 -- [2647 1035]
2371 -- [4594  726]
2372 -- [ 818 2280]
2373 -- [  35 2115]
2375 -- [1462 4330]
2376 -- [2170  434]
2379 -- [2740  951]
2381 -- [ 579 1962]
2383 -- [1711 2584]
2384 -- [ 554 2642]
2385 -- [3002  365]
2389 -- [1019 3536]
2390 -- [2972  315]
2393 -- [3259 1406]
2395 -- [2411  232]
2396 -- [2429 1061]
2398 -- [2671  830]
2399 -- [ 935 3588]
2400 -- [4249 1074]
2401 -- [1905 1778]
2402 -- [1075 3020]
2405 -- [ 899 3662]
2406 -- [2852 1711]
2407 -- [ 646 3150]
2408 -- [2940 1463]
2409 -- [3460  400]
2410 -- [   5 4419]
2411 -- [ 990 3881]
2414 -- [1695 1971]
2416 -- [1247 2895]
2417 -- [1401 4152]
2418 -- [4122 1633]
2422 -- [ 208 3523]
2423 -- [1035 4145]
2425 -- [1366 3492]
2426 -- [1709 4384]
2427 -- [3249   29]
2428 -- [ 207 1841]
2429 -- [3036   22]
2430 -- [2296 1633]
2431 -- [ 696 4150]
2434 -- [1301 4289]
2437 -- [4585   35]
2438 -- [1364 3739]
2441 -- [ 357 4587]
2442 -- [1801 3440]
2443 -- [2687  155]
2444 -- [2196  290]
2447 -- [  22 4113]
2448 -- [2410 1098]
2451 -- [1451 3810]
2452 -- [3176  233]
2454 -- [2044  770]
2455 -- [1714 2185]
2456 -- [4182  544]
2457 -- [3974 1249]
2458 -- [3483  899]
2461 -- [1364 4404]
2463 -- [3578 1637]
2464 -- [1741 3608]
2470 -- [4099 1810]
2471 -- [ 863 4303]
2472 -- [3404  131]
2473 -- [3204 1572]
2474 -- [ 308 4029]
2477 -- [3820 1312]
2479 -- [ 536 3726]
2481 -- [1746 3161]
2486 -- [3271  130]
2488 -- [1166 2206]
2489 -- [ 826 2377]
2491 -- [1316 4459]
2497 -- [3818 1384]
2501 -- [3008  940]
2504 -- [1415 2535]
2505 -- [3494 1507]
2508 -- [  27 2762]
2510 -- [ 206 2760]
2511 -- [4545 1563]
2512 -- [3792 1076]
2515 -- [1810 3190]
2516 -- [1483 3283]
2517 -- [1117 2671]
2518 -- [4517 1728]
2521 -- [3618  920]
2523 -- [1022 3275]
2524 -- [1415 2796]
2525 -- [ 992 3110]
2526 -- [ 322 4064]
2527 -- [1668 2203]
2531 -- [ 260 2039]
2532 -- [3487 1335]
2534 -- [3503  661]
2535 -- [2786 1460]
2538 -- [1112 2347]
2539 -- [2244 1350]
2542 -- [3051 1663]
2545 -- [ 212 3485]
2546 -- [2519  627]
2551 -- [ 742 3412]
2552 -- [ 441 3046]
2553 -- [ 579 3737]
2557 -- [1183 4393]
2558 -- [2574  814]
2560 -- [2222  962]
2561 -- [  60 3876]
2562 -- [ 997 2625]
2563 -- [3825 1375]
2565 -- [4585  606]
2568 -- [  72 2062]
2570 -- [  96 3223]
2571 -- [ 873 3378]
2572 -- [2843 1019]
2573 -- [1842  274]
2577 -- [3900   55]
2578 -- [2291  816]
2580 -- [2436   14]
2585 -- [ 925 2701]
2587 -- [1776 2273]
2589 -- [2895  622]
2590 -- [2303 1433]
2591 -- [ 319 3709]
2592 -- [4338  691]
2593 -- [2686   73]
2594 -- [3062 1455]
2595 -- [  44 4542]
2596 -- [1557 1905]
2598 -- [4583 1138]
2600 -- [3252    6]
2601 -- [ 202 4579]
2603 -- [ 593 2847]
2605 -- [2000  783]
2607 -- [2283  205]
2609 -- [ 620 2429]
2611 -- [2879  322]
2612 -- [4560 1792]
2613 -- [1458 3606]
2614 -- [1373 3111]
2616 -- [ 328 2346]
2618 -- [2498 1175]
2623 -- [1698 2449]
2624 -- [3408  105]
2625 -- [4051 1064]
2626 -- [4165 1341]
2627 -- [3984  294]
2628 -- [ 652 3452]
2629 -- [1422 2548]
2630 -- [2003  667]
2631 -- [4090   29]
2632 -- [ 567 3584]
2633 -- [2525  890]
2634 -- [4100  331]
2635 -- [1022 2896]
2636 -- [2640 1630]
2638 -- [2546   39]
2640 -- [3787 1675]
2642 -- [1442 4538]
2643 -- [1824  199]
2644 -- [3481 1201]
2645 -- [1008 2162]
2648 -- [1378 3056]
2650 -- [ 472 3298]
2651 -- [  61 2420]
2652 -- [4375 1242]
2656 -- [  67 3017]
2657 -- [1556 4488]
2660 -- [1079 3737]
2661 -- [  15 2098]
2663 -- [ 508 2943]
2664 -- [ 988 2605]
2666 -- [4217  948]
2667 -- [ 432 3574]
2668 -- [3376 1159]
2670 -- [3294  983]
2672 -- [3197  175]
2674 -- [2514 1348]
2677 -- [3957  321]
2680 -- [3599  997]
2683 -- [4350  967]
2685 -- [4446  783]
2687 -- [ 874 4396]
2689 -- [ 244 4055]
2690 -- [1432 3674]
2692 -- [1842  653]
2694 -- [ 246 2703]
2696 -- [3334  959]
2697 -- [ 420 4049]
2698 -- [4199  621]
2699 -- [2061  785]
2700 -- [2529 1290]
2701 -- [3329 1562]
2702 -- [1017 2474]
2703 -- [1035 2799]
2704 -- [1937 1563]
2706 -- [2597  434]
2708 -- [4395  310]
2710 -- [4316 1312]
2711 -- [2062 1462]
2713 -- [3611 1514]
2714 -- [3896   81]
2715 -- [3814 1241]
2718 -- [1501 3006]
2719 -- [1336 3248]
2723 -- [1915   14]
2724 -- [2357 1148]
2731 -- [3363 1129]
2733 -- [ 369 3837]
2735 -- [1349 1942]
2737 -- [ 304 2039]
2740 -- [4358 1719]
2743 -- [4551  173]
2744 -- [1525 2217]
2747 -- [1300 2419]
2748 -- [3829  202]
2752 -- [3325    0]
2753 -- [ 115 2433]
2754 -- [1526 3049]
2755 -- [4134 1658]
2756 -- [4449 1577]
2759 -- [2031  736]
2760 -- [4180  892]
2763 -- [ 294 3343]
2765 -- [ 173 4001]
2766 -- [1593 2914]
2769 -- [2033 1415]
2770 -- [ 299 2965]
2771 -- [2003  468]
2772 -- [  76 4454]
2774 -- [  70 3243]
2775 -- [3901 1088]
2776 -- [2846  340]
2781 -- [4041 1095]
2784 -- [3952  800]
2786 -- [2543  128]
2788 -- [3663 1773]
2790 -- [3604 1425]
2791 -- [ 781 2029]
2792 -- [4139  550]
2793 -- [1133 3531]
2794 -- [1237 3338]
2795 -- [1728 2257]
2796 -- [ 501 3303]
2797 -- [2049  154]
2798 -- [1127 4176]
2799 -- [2796 1156]
2801 -- [ 937 3222]
2803 -- [2076 1396]
2804 -- [1384 4457]
2807 -- [ 311 3920]
2810 -- [ 527 4420]
2811 -- [2079  926]
2812 -- [2930 1469]
2814 -- [3798  117]
2817 -- [3103 1225]
2818 -- [ 572 4096]
2819 -- [1690 2709]
2821 -- [2271 1416]
2822 -- [4588  200]
2823 -- [2669 1408]
2824 -- [1621 2266]
2827 -- [2615 1549]
2830 -- [ 563 3850]
2831 -- [1432 3030]
2832 -- [1532 4370]
2834 -- [1159 3556]
2835 -- [4490  192]
2837 -- [4001 1677]
2839 -- [2763  635]
2844 -- [2281  631]
2845 -- [1615 2723]
2846 -- [3635  779]
2847 -- [ 118 3456]
2848 -- [1755 3561]
2849 -- [2833 1286]
2850 -- [ 496 1870]
2851 -- [ 438 4376]
2852 -- [3196 1702]
2853 -- [1687 2285]
2854 -- [3881  776]
2855 -- [4281  596]
2856 -- [ 321 4399]
2859 -- [3021  189]
2861 -- [2535   32]
2862 -- [1810 2928]
2864 -- [1777 3046]
2865 -- [   0 3179]
2866 -- [2339 1650]
2867 -- [3846 1382]
2868 -- [1215 2268]
2869 -- [3261 1393]
2871 -- [3587 1383]
2875 -- [ 299 3618]
2876 -- [3164 1050]
2877 -- [4153 1368]
2880 -- [2528 1424]
2881 -- [4376 1575]
2882 -- [4025  417]
2884 -- [1355 2368]
2885 -- [ 228 3940]
2886 -- [ 570 2520]
2887 -- [4221  928]
2888 -- [2104 1710]
2890 -- [2848 1341]
2892 -- [1386 3515]
2893 -- [ 478 3419]
2894 -- [ 561 3086]
2895 -- [1905 1324]
2897 -- [3465 1671]
2898 -- [ 332 1963]
2899 -- [4373 1093]
2902 -- [2280 1309]
2903 -- [2488 1158]
2904 -- [1064 3463]
2905 -- [1214 4181]
2907 -- [2986 1281]
2910 -- [1137 3604]
2911 -- [3666  446]
2913 -- [3525  225]
2917 -- [1737 2787]
2919 -- [3306  133]
2920 -- [4578  479]
2923 -- [1945 1195]
2924 -- [3718  513]
2925 -- [1793 2507]
2926 -- [1895  962]
2927 -- [ 414 3857]
2928 -- [  59 2094]
2929 -- [1470 2017]
2930 -- [3322  882]
2931 -- [2149  643]
2932 -- [3150  133]
2934 -- [2551  794]
2938 -- [1720 2588]
2939 -- [ 675 2877]
2940 -- [4275 1195]
2942 -- [  87 4197]
2943 -- [1569 3121]
2944 -- [4340  949]
2945 -- [ 274 2112]
2948 -- [3066  799]
2951 -- [ 325 3699]
2954 -- [2808 1135]
2955 -- [2980 1770]
2956 -- [ 451 3760]
2957 -- [ 955 4327]
2958 -- [4089 1293]
2959 -- [ 333 4255]
2960 -- [1920 1369]
2962 -- [ 971 2396]
2963 -- [3840  896]
2964 -- [2560 1209]
2966 -- [3014  416]
2967 -- [3591  935]
2968 -- [ 307 3920]
2969 -- [2180   15]
2970 -- [3215  609]
2971 -- [1321 2333]
2976 -- [3079 1669]
2978 -- [3722  643]
2980 -- [ 950 2629]
2981 -- [3417  954]
2982 -- [1282 3884]
2984 -- [4335 1674]
2985 -- [3804  110]
2987 -- [4373 1338]
2989 -- [4116  186]
2990 -- [2741 1215]
2993 -- [ 973 4389]
2994 -- [2683  932]
2996 -- [3707   12]
2998 -- [2923 1516]
2999 -- [2994  404]
3000 -- [1156 2035]
3001 -- [1922  235]
3002 -- [ 351 3012]
3003 -- [2661  368]
3004 -- [1998  706]
3006 -- [2105  355]
3007 -- [2141  319]
3008 -- [1606 2275]
3010 -- [3855 1100]
3011 -- [1411 3303]
3013 -- [ 360 2005]
3018 -- [3729 1207]
3019 -- [4236  702]
3020 -- [1503 2376]
3022 -- [3979 1375]
3023 -- [2334  438]
3026 -- [3717  535]
3027 -- [4339  783]
3029 -- [ 290 4384]
3031 -- [4046 1689]
3034 -- [ 433 2575]
3035 -- [4178  545]
3038 -- [ 674 2726]
3041 -- [ 384 1837]
3042 -- [1399 3306]
3044 -- [ 466 2065]
3045 -- [ 136 4436]
3049 -- [1431 4527]
3050 -- [3914  873]
3051 -- [  95 3655]
3054 -- [2641  601]
3057 -- [2530  998]
3058 -- [3867  496]
3059 -- [ 178 4187]
3060 -- [ 927 3641]
3061 -- [1701 3375]
3063 -- [1887 1487]
3067 -- [ 967 3683]
3068 -- [1510 3932]
3069 -- [1134 3535]
3070 -- [3149  683]
3071 -- [4087   67]
3073 -- [2895 1100]
3074 -- [4107 1761]
3075 -- [2851 1248]
3076 -- [2313  422]
3078 -- [ 228 4481]
3082 -- [ 260 4243]
3085 -- [ 136 4210]
3086 -- [2517  520]
3087 -- [ 487 4274]
3088 -- [4556  883]
3089 -- [1869  490]
3092 -- [2216 1290]
3093 -- [1316 3710]
3094 -- [3457  718]
3097 -- [3499  783]
3099 -- [3403  248]
3100 -- [2185  757]
3105 -- [ 718 3824]
3109 -- [2644  402]
3112 -- [1753 4253]
3114 -- [2391 1705]
3116 -- [2582  250]
3117 -- [1335 4248]
3119 -- [3404 1037]
3121 -- [ 891 3577]
3122 -- [1401 4092]
3124 -- [2208  406]
3126 -- [3949  494]
3127 -- [2277  402]
3129 -- [1148 4355]
3130 -- [  55 2816]
3131 -- [1593 3218]
3133 -- [  39 2627]
3134 -- [4501 1337]
3138 -- [ 912 2184]
3144 -- [1514 4077]
3146 -- [1412 2255]
3147 -- [3058  427]
3149 -- [   7 3078]
3154 -- [3573  451]
3157 -- [3582 1319]
3158 -- [2697 1070]
3160 -- [ 729 2300]
3161 -- [1066 4389]
3166 -- [2547  989]
3167 -- [1590 4396]
3169 -- [ 281 3561]
3170 -- [ 909 3415]
3171 -- [3139  741]
3172 -- [2069 1521]
3179 -- [1387 3852]
3180 -- [2028  497]
3181 -- [4275 1154]
3182 -- [1884  631]
3187 -- [1516 4113]
3188 -- [3022 1674]
3189 -- [ 522 2064]
3192 -- [4461 1567]
3195 -- [4330 1213]
3197 -- [4010 1585]
3198 -- [2072  363]
3199 -- [ 593 2047]
3200 -- [ 290 3710]
3201 -- [4251 1598]
3202 -- [2248  960]
3203 -- [1786 2558]
3205 -- [  80 4075]
3206 -- [1969 1728]
3209 -- [ 751 3448]
3210 -- [4081  506]
3211 -- [ 351 2035]
3212 -- [3652 1508]
3213 -- [4541  987]
3214 -- [3556  727]
3215 -- [1031 3188]
3216 -- [3280 1566]
3218 -- [4485  496]
3221 -- [2251  956]
3223 -- [2139 1109]
3224 -- [1675 2063]
3225 -- [2460  648]
3227 -- [ 437 4198]
3228 -- [1508 1952]
3229 -- [1337 1949]
3230 -- [4328 1778]
3231 -- [2588   23]
3233 -- [3807  384]
3234 -- [3557  346]
3235 -- [1893  156]
3236 -- [2028  786]
3237 -- [1913  713]
3238 -- [1457 1848]
3241 -- [ 194 3228]
3242 -- [ 533 2249]
3243 -- [2003  972]
3245 -- [3888 1734]
3247 -- [2816  844]
3249 -- [4446 1567]
3250 -- [3339  738]
3252 -- [2599 1249]
3254 -- [4268 1540]
3258 -- [1774 3337]
3259 -- [2003 1095]
3267 -- [3214 1210]
3268 -- [1558 2139]
3271 -- [4137 1730]
3272 -- [1367 2048]
3274 -- [4425   26]
3275 -- [1242 3902]
3276 -- [2938  520]
3277 -- [1196 4436]
3278 -- [2233  307]
3279 -- [1242 2756]
3281 -- [ 103 2662]
3282 -- [ 716 4155]
3283 -- [1159 4075]
3285 -- [1843   97]
3286 -- [3727 1246]
3287 -- [2454 1787]
3288 -- [3505    7]
3289 -- [ 505 3619]
3290 -- [ 694 2472]
3292 -- [ 808 2982]
3293 -- [3915 1598]
3294 -- [3355 1468]
3295 -- [ 594 2881]
3297 -- [4232 1746]
3298 -- [4561  321]
3299 -- [2406  311]
7 -time: 0.02128 -dim: (11172, 2)
8 -time: 0.00013 -dim: (7, 57)
9 -time: 3.96734 -dim: (1835400, 3)
10 -time: 5.52063 -dim: (1730141, 3)
11_12 -time: 0.19207 -dim: [110424, 2]
13 -time: 0.07532 -dim: (36808, 4)
14_15 -time: 0.03252 -dim: [798, 2]
16 -time: 0.00002 -dim: (0, 2)
17_18 -time: 0.35194 -dim: [73616, 3]
19 -time: 0.00009 -dim: (1, 1)
20 -time: 0.22221 -dim: (0, 4601)
21 -time: 0.00077 -dim: (1, 4601)
22 -time: 0.00007 -dim: (3300, 3)
23 -time: 0.00004 -dim: (3300, 3)
24 -time: 0.00004 -dim: (0, 5)
25 -time: 0.00007 -dim: (3601, 3)
26 -time: 0.00005 -dim: (3601, 3)
smtPr 22-26 -time: 0.02137 -dim: nan
slvr_header -time: 2.15811 -dim: nan
*solver* -time: 900.08036 -dim: nan
res_read -time: 0.09201 -dim: nan
-- SUM CL TIME: 10.40596          |  SUM other TIME: 902.33048          |  SUM TIME: 912.73644
