num branch_node: 7
num leaf_node: 8
num feature: 57
tree_depth: 3
num label: 2
nDC: 2432

***variables
a: 1 - 399 -> 399
s: 400 - 32606 -> 32207
z: 32607 - 69414 -> 36808
g: 69415 - 69430 -> 16
x: 69431 - 78632 -> 9202
ml: 78633 - 79240 -> 608
cl: 79241 - 79782 -> 542

variables***
[debug] --> CL ML ratio 1
the cl header --> p wcnf 79782 3801818 1151

timeout 900s ~/SAT_Project/loandra-master/loandra_static -pmreslin-cglim=30 -weight-strategy=1 -print-model -verbosity=1 ./solutions/spam_0.1_mc0.25_s3556_r1/phase_1_clauses_final >./solutions/spam_0.1_mc0.25_s3556_r1/phase_1_loandra_res

Start to read loandra res
*loandra status: SATISFIABLE
-ml sat and violated: 481 | 127  | total #ml: 608 | -violated weight: 127
1 -- [462 409]
15 -- [3504 3359]
21 -- [360 859]
22 -- [1564  457]
31 -- [723 189]
35 -- [ 179 1541]
41 -- [ 240 1004]
46 -- [1682  619]
50 -- [308   6]
51 -- [2373 3510]
61 -- [477 877]
62 -- [ 680 1579]
65 -- [1601 1736]
71 -- [4206 2541]
72 -- [3486 3076]
84 -- [2926 2534]
85 -- [ 790 1143]
96 -- [1173  905]
97 -- [4117 2181]
103 -- [1244   97]
106 -- [531 712]
111 -- [4238 2536]
113 -- [1668 1399]
114 -- [1458  821]
120 -- [1464  897]
122 -- [2333 4560]
147 -- [ 175 1359]
154 -- [1881 3366]
156 -- [171 890]
161 -- [ 762 1778]
162 -- [2449 3372]
163 -- [1369  163]
166 -- [1185 1171]
174 -- [ 193 1733]
176 -- [ 855 1627]
178 -- [1481 1677]
183 -- [1776 1680]
186 -- [2761 3005]
191 -- [585 632]
195 -- [867 703]
204 -- [1616  553]
214 -- [2085 4025]
217 -- [4398 2936]
219 -- [893 891]
220 -- [1691 1668]
221 -- [1435  284]
223 -- [4204 4370]
224 -- [1837 3397]
228 -- [3480 3510]
232 -- [810 945]
238 -- [479 734]
245 -- [4370 2339]
246 -- [2304 4293]
248 -- [2921 4242]
261 -- [4073 3935]
262 -- [2002 2770]
268 -- [2333 2498]
273 -- [4279 1972]
275 -- [ 636 1269]
276 -- [1512  529]
277 -- [2099 3225]
281 -- [2334 2383]
284 -- [3153 3064]
290 -- [1746  129]
291 -- [910 683]
292 -- [1251 1745]
294 -- [  86 1279]
302 -- [1038  845]
307 -- [1137  785]
308 -- [ 324 1754]
312 -- [3847 2752]
316 -- [3987 4383]
320 -- [1700  388]
322 -- [1931 2062]
324 -- [299 382]
332 -- [2181 3290]
334 -- [4238 2023]
335 -- [2774 3398]
336 -- [2811 2460]
343 -- [1579 1503]
352 -- [333  89]
361 -- [4233 3451]
384 -- [ 262 1435]
386 -- [2725 2980]
390 -- [4212 2304]
394 -- [3818 2757]
395 -- [1691  370]
398 -- [644 436]
401 -- [1545  288]
407 -- [4333 3872]
408 -- [2769 4126]
422 -- [1710  887]
426 -- [1546   85]
428 -- [4494 3696]
430 -- [1483 1248]
432 -- [908 423]
437 -- [ 672 1617]
439 -- [ 561 1341]
448 -- [ 614 1637]
451 -- [4141 4409]
454 -- [1296 1019]
458 -- [2334 3548]
468 -- [3082 3225]
480 -- [1183  471]
488 -- [72 11]
490 -- [1155  185]
491 -- [1235 1656]
493 -- [702 906]
495 -- [  32 1389]
496 -- [2541 1927]
505 -- [1549 1287]
510 -- [3417 2181]
523 -- [1559 1710]
530 -- [1357 1274]
533 -- [4218 4510]
535 -- [2437 3379]
543 -- [643 961]
544 -- [1692 1520]
548 -- [3847 3148]
551 -- [2628 2130]
564 -- [2394 2628]
579 -- [3945 4215]
583 -- [337 437]
586 -- [4124 2247]
587 -- [572 984]
596 -- [2544 3194]
606 -- [2483 3011]
-cl sat and violated: 342 | 200  | total #cl: 542 | -violated weight: 200
1 -- [1834 1707]
2 -- [2560   31]
3 -- [2367  919]
4 -- [1442 3773]
9 -- [1524 2630]
12 -- [ 795 2152]
13 -- [1586 4124]
14 -- [1831 1643]
15 -- [3313 1521]
17 -- [ 795 2810]
20 -- [1039 4478]
21 -- [  78 4136]
26 -- [ 877 4520]
27 -- [4511 1380]
33 -- [3483  108]
35 -- [ 805 3588]
36 -- [3544   95]
37 -- [2166  483]
40 -- [2066 1624]
42 -- [2162  158]
54 -- [3427   48]
55 -- [1691 1993]
59 -- [1585 3262]
63 -- [3805 1616]
66 -- [1956 1615]
68 -- [3492 1735]
69 -- [ 897 3821]
70 -- [2585  761]
71 -- [3169  919]
72 -- [1861  823]
73 -- [ 982 2183]
74 -- [3551 1623]
75 -- [2110 1545]
79 -- [3485 1751]
84 -- [3604 1640]
87 -- [3850 1132]
90 -- [  16 4060]
93 -- [  82 3724]
96 -- [2833   41]
99 -- [ 315 4347]
100 -- [4021 1365]
103 -- [ 566 4593]
105 -- [ 106 2257]
106 -- [3751 1621]
107 -- [3930  377]
108 -- [ 730 2097]
114 -- [  43 2342]
118 -- [ 923 1984]
122 -- [2581 1635]
123 -- [2643  114]
124 -- [2298 1412]
126 -- [ 266 3135]
127 -- [ 496 3001]
132 -- [ 426 2221]
133 -- [4466 1456]
137 -- [3173  550]
142 -- [4437  220]
147 -- [ 254 4013]
149 -- [3237   82]
151 -- [1745 3352]
153 -- [2353 1396]
155 -- [4399   13]
157 -- [3162 1637]
160 -- [4443  701]
165 -- [ 645 3596]
166 -- [2261  272]
170 -- [3059  137]
175 -- [3335  434]
176 -- [1632 3821]
178 -- [ 533 3798]
179 -- [1297 3729]
181 -- [ 811 4486]
182 -- [ 287 2806]
183 -- [3511  153]
184 -- [  16 2084]
185 -- [3355  500]
193 -- [ 324 4597]
198 -- [1455 1838]
200 -- [ 372 1987]
201 -- [3268  284]
203 -- [ 572 3790]
209 -- [1198 3451]
210 -- [2327   95]
214 -- [1055 2359]
219 -- [3489 1209]
221 -- [1287 2613]
224 -- [1317 2483]
228 -- [3048   80]
229 -- [2066  496]
232 -- [1654 3593]
233 -- [4590  478]
234 -- [ 298 4519]
239 -- [2339 1468]
242 -- [2951 1416]
244 -- [ 176 3932]
245 -- [2169  985]
246 -- [4212  515]
247 -- [1632 3188]
253 -- [ 407 2897]
256 -- [2495 1738]
259 -- [3725 1019]
261 -- [3094 1012]
262 -- [ 516 4107]
265 -- [ 858 2446]
266 -- [2481 1355]
267 -- [2024 1798]
268 -- [3755  104]
274 -- [1136 3035]
279 -- [3140  377]
282 -- [ 538 3240]
283 -- [1284 2546]
284 -- [3259 1230]
285 -- [4101  404]
289 -- [ 389 2169]
291 -- [ 762 3966]
293 -- [1026 2460]
296 -- [ 318 3438]
298 -- [2637 1777]
305 -- [1120 2846]
308 -- [3325 1564]
309 -- [2992 1554]
311 -- [3085 1622]
313 -- [2620  162]
326 -- [ 316 3847]
327 -- [3912  617]
328 -- [4244 1585]
329 -- [ 427 3789]
331 -- [2813 1209]
345 -- [3832 1380]
346 -- [ 462 1889]
348 -- [2106  761]
352 -- [4389 1451]
354 -- [2032 1061]
357 -- [ 391 3618]
360 -- [1460 3593]
362 -- [3124  115]
363 -- [ 664 1862]
369 -- [ 640 4479]
370 -- [1526 1869]
375 -- [ 215 3713]
377 -- [2606 1736]
378 -- [1893  693]
379 -- [4289 1640]
380 -- [1616 2873]
381 -- [ 561 4061]
386 -- [4459 1136]
387 -- [ 813 2213]
389 -- [2051  309]
390 -- [ 407 3887]
392 -- [2882  955]
393 -- [2380 1011]
395 -- [ 107 3834]
397 -- [2748  949]
398 -- [1131 2061]
402 -- [3417 1579]
403 -- [1759 3345]
404 -- [1488 2867]
405 -- [2871 1044]
406 -- [  63 3850]
413 -- [2161  208]
416 -- [3018 1789]
418 -- [2046 1457]
420 -- [2936  263]
423 -- [1457 3305]
431 -- [2359  216]
433 -- [3893  160]
440 -- [1686 4325]
443 -- [2850 1223]
449 -- [1739 3842]
450 -- [ 875 2091]
452 -- [2047 1442]
453 -- [ 592 3205]
456 -- [ 884 4216]
457 -- [1282 3721]
460 -- [  35 2029]
463 -- [3473  792]
466 -- [ 948 2676]
470 -- [3370 1231]
472 -- [2109  269]
477 -- [4403 1292]
479 -- [1777 2401]
480 -- [ 967 3396]
482 -- [3144 1685]
484 -- [3900 1615]
493 -- [2400 1355]
494 -- [ 773 2965]
498 -- [ 633 4370]
500 -- [3351   63]
506 -- [ 747 3523]
509 -- [4473  268]
513 -- [2561 1680]
517 -- [3100  400]
518 -- [1770 2429]
520 -- [ 404 2216]
527 -- [ 146 2479]
528 -- [2531   31]
531 -- [ 184 3811]
535 -- [ 152 2328]
538 -- [1722 2515]
539 -- [3084 1396]
7 -time: 0.02025 -dim: (11172, 2)
8 -time: 0.00014 -dim: (7, 57)
9 -time: 3.79660 -dim: (1835400, 3)
10 -time: 5.26226 -dim: (1730141, 3)
11_12 -time: 0.18164 -dim: [110424, 2]
13 -time: 0.07200 -dim: (36808, 4)
14_15 -time: 0.03309 -dim: [798, 2]
16 -time: 0.00001 -dim: (0, 2)
17_18 -time: 0.34835 -dim: [73616, 3]
19 -time: 0.00008 -dim: (1, 1)
20 -time: 0.22099 -dim: (0, 4601)
21 -time: 0.00078 -dim: (1, 4601)
22 -time: 0.00004 -dim: (542, 3)
23 -time: 0.00002 -dim: (542, 3)
24 -time: 0.00003 -dim: (0, 5)
25 -time: 0.00003 -dim: (608, 3)
26 -time: 0.00002 -dim: (608, 3)
smtPr 22-26 -time: 0.00358 -dim: nan
slvr_header -time: 2.27245 -dim: nan
*solver* -time: 900.05065 -dim: nan
res_read -time: 0.03016 -dim: nan
-- SUM CL TIME: 9.93991          |  SUM other TIME: 902.35326          |  SUM TIME: 912.29317
