num branch_node: 7
num leaf_node: 8
num feature: 57
tree_depth: 3
num label: 2
nDC: 2432

***variables
a: 1 - 399 -> 399
s: 400 - 32606 -> 32207
z: 32607 - 69414 -> 36808
g: 69415 - 69430 -> 16
x: 69431 - 78632 -> 9202
ml: 78633 - 81028 -> 2396
cl: 81029 - 83233 -> 2205

variables***
[debug] --> CL ML ratio 1
the cl header --> p wcnf 83233 3812171 4602

timeout 900s ~/SAT_Project/loandra-master/loandra_static -pmreslin-cglim=30 -weight-strategy=1 -print-model -verbosity=1 ./solutions/spam_0.1_mc1.0_s1732_r1/phase_1_clauses_final >./solutions/spam_0.1_mc1.0_s1732_r1/phase_1_loandra_res

Start to read loandra res
*loandra status: SATISFIABLE
-ml sat and violated: 1638 | 758  | total #ml: 2396 | -violated weight: 758
1 -- [2678 3326]
2 -- [3885 3600]
3 -- [2917 3085]
4 -- [2021 2391]
7 -- [2048 2781]
8 -- [2243 3831]
10 -- [2632 3406]
11 -- [2683 3439]
13 -- [2802 2697]
18 -- [596 591]
23 -- [4535 2289]
24 -- [3760 2799]
31 -- [3237 3996]
32 -- [1584 1572]
34 -- [1665 1400]
37 -- [4087 2731]
43 -- [3755 3939]
44 -- [1435  715]
47 -- [ 572 1124]
49 -- [911 455]
50 -- [4183 4005]
51 -- [2387 2455]
52 -- [702  25]
55 -- [4224 2772]
56 -- [1438  655]
59 -- [4430 2544]
60 -- [763 482]
63 -- [2808 3532]
65 -- [2637 2639]
75 -- [2769 3813]
77 -- [ 121 1463]
78 -- [1982 3405]
81 -- [3927 3244]
90 -- [3493 2027]
97 -- [4531 2682]
98 -- [1834 3009]
101 -- [1694  544]
103 -- [1649  973]
104 -- [4276 2820]
109 -- [1950 2924]
119 -- [ 469 1011]
123 -- [1892 2366]
126 -- [3206 2232]
129 -- [4404 3448]
130 -- [1838 3730]
131 -- [4220 1928]
135 -- [3490 3376]
136 -- [ 443 1068]
137 -- [4267 2695]
145 -- [2577 2207]
160 -- [3766 4447]
162 -- [ 358 1777]
164 -- [ 176 1309]
169 -- [1800 1418]
172 -- [3826 1824]
176 -- [1062   44]
178 -- [2377 3420]
179 -- [1855 3847]
180 -- [2256 2736]
185 -- [4202 3217]
189 -- [757 799]
191 -- [3582 4275]
193 -- [4036 2939]
195 -- [2586 3564]
199 -- [3371 2442]
202 -- [4274 2323]
205 -- [3765 2932]
208 -- [1778  596]
209 -- [1958 1968]
210 -- [2719 2272]
212 -- [2789 2302]
216 -- [2733 2844]
218 -- [3788 3879]
220 -- [4533 2692]
223 -- [1320  783]
225 -- [3677 2556]
229 -- [3765 2173]
235 -- [4177 3209]
236 -- [3135 2194]
242 -- [3416 2808]
247 -- [4025 1823]
258 -- [2311 4554]
268 -- [3160 1903]
273 -- [401 226]
275 -- [3560 2013]
276 -- [2869 4228]
277 -- [ 537 1024]
278 -- [2129 4554]
279 -- [2107 2524]
280 -- [3730 4060]
286 -- [1062  730]
293 -- [4517 2686]
298 -- [2246 4090]
299 -- [4436 3837]
302 -- [2882 2679]
304 -- [3776 2349]
306 -- [3292 3457]
315 -- [ 491 1415]
318 -- [2218 3035]
319 -- [1182  975]
320 -- [ 99 848]
325 -- [2281 2166]
326 -- [648 975]
328 -- [4385 3490]
329 -- [2042 2179]
330 -- [ 150 1722]
333 -- [3812 2091]
334 -- [3760 2498]
337 -- [2431 3864]
338 -- [2589 3794]
340 -- [1518  957]
349 -- [3920 4123]
350 -- [3458 4388]
351 -- [1368 1502]
354 -- [ 549 1470]
355 -- [4262 3292]
356 -- [735 515]
363 -- [2887 3885]
367 -- [4061 4391]
370 -- [3504 3961]
371 -- [ 110 1370]
373 -- [4502 3564]
374 -- [2404 4298]
377 -- [3662 2063]
382 -- [202 470]
383 -- [2951 4331]
384 -- [320 877]
385 -- [3898 3066]
386 -- [2282 4055]
392 -- [1535  741]
395 -- [2738 2181]
398 -- [2298 2977]
404 -- [2112 4416]
407 -- [2294 2737]
413 -- [1268 1618]
416 -- [ 845 1700]
417 -- [ 787 1362]
420 -- [3868 4123]
424 -- [2894 3518]
425 -- [1139  136]
426 -- [4536 3280]
428 -- [3900 2033]
429 -- [3372 2245]
438 -- [ 995 1142]
439 -- [3141 4387]
443 -- [2272 4595]
444 -- [3279 4057]
446 -- [1646 1053]
447 -- [4350 1986]
448 -- [1785 1123]
450 -- [ 596 1544]
452 -- [1221   25]
453 -- [ 346 1186]
454 -- [2622 2136]
457 -- [2471 4155]
459 -- [2434 2060]
474 -- [4223 2815]
475 -- [2106 3787]
477 -- [3048 4099]
486 -- [456 803]
491 -- [2708 1998]
493 -- [1767  236]
496 -- [3710 2604]
497 -- [2850 2276]
499 -- [1935 4288]
507 -- [3881 4430]
508 -- [ 381 1223]
509 -- [2438 3903]
512 -- [4387 4169]
514 -- [4589 4445]
515 -- [3011 2744]
521 -- [1790 1522]
522 -- [2965 1852]
526 -- [4040 2508]
527 -- [1240 1302]
533 -- [722  34]
537 -- [3957 2328]
538 -- [2480 2911]
540 -- [ 91 441]
541 -- [4352 3487]
542 -- [1080  307]
543 -- [2725 4562]
544 -- [4016 4402]
547 -- [2174 4112]
550 -- [3058 2492]
553 -- [1856 2279]
554 -- [2028 2686]
559 -- [3968 1956]
561 -- [1864 2413]
570 -- [2800 4114]
572 -- [ 544 1691]
575 -- [4207 2834]
580 -- [971 426]
587 -- [3335 2323]
589 -- [2182 2523]
593 -- [2224 2786]
597 -- [4500 2153]
600 -- [804 393]
605 -- [2546 1827]
608 -- [2585 2103]
610 -- [2018 2628]
611 -- [ 486 1588]
612 -- [2904 4308]
626 -- [2959 4214]
628 -- [2592 1931]
629 -- [4493 3978]
630 -- [676 608]
633 -- [2769 4237]
637 -- [2577 4525]
638 -- [4454 3153]
642 -- [4499 4305]
649 -- [3371 2681]
650 -- [4442 2391]
654 -- [3400 2150]
660 -- [2362 2683]
661 -- [1557 1305]
667 -- [4289 2192]
668 -- [3106 2848]
670 -- [1709  865]
674 -- [4108 3502]
675 -- [1299 1293]
678 -- [448 339]
679 -- [3096 3258]
688 -- [1130  208]
689 -- [2924 2784]
701 -- [2625 2220]
708 -- [3507 4210]
710 -- [3073 4460]
713 -- [ 470 1598]
714 -- [ 204 1299]
716 -- [2353 2290]
720 -- [4134 4520]
723 -- [1888 4561]
727 -- [771 602]
733 -- [2917 3274]
734 -- [  61 1222]
735 -- [1174  809]
736 -- [2697 2815]
744 -- [1636   99]
748 -- [4010 2819]
749 -- [2069 3465]
757 -- [4552 3435]
760 -- [1745 1692]
765 -- [2060 2200]
768 -- [2602 2134]
771 -- [3182 1891]
773 -- [659 231]
774 -- [1824 3723]
777 -- [1641 1307]
778 -- [2134 4033]
788 -- [ 954 1337]
791 -- [2063 2100]
794 -- [1020 1240]
797 -- [2292 4208]
798 -- [2980 2946]
799 -- [2303 2395]
801 -- [3389 2616]
810 -- [1210  981]
818 -- [3040 2551]
820 -- [2143 2003]
824 -- [2281 3897]
835 -- [3443 3885]
836 -- [4293 3971]
841 -- [3042 3451]
857 -- [2971 4374]
859 -- [1982 2266]
860 -- [ 537 1609]
863 -- [1666 1491]
866 -- [3459 2264]
867 -- [3578 4425]
874 -- [4007 3791]
875 -- [4434 2000]
878 -- [3304 3540]
882 -- [2112 1860]
883 -- [3674 2731]
884 -- [155 495]
885 -- [3032 4147]
887 -- [2516 4426]
889 -- [  96 1126]
892 -- [4526 4228]
894 -- [4259 3679]
895 -- [2128 3945]
896 -- [1964 2588]
900 -- [2542 1941]
903 -- [ 818 1414]
909 -- [4410 4350]
916 -- [3678 3087]
945 -- [3014 4589]
946 -- [1503 1313]
949 -- [ 76 528]
952 -- [ 878 1491]
955 -- [4444 3454]
957 -- [3964 4017]
958 -- [107 135]
959 -- [512 826]
961 -- [574 897]
962 -- [2032 2467]
964 -- [2269 2604]
965 -- [2069 2153]
971 -- [216 775]
972 -- [3373 4165]
973 -- [2804 2151]
975 -- [3895 3451]
978 -- [405 226]
979 -- [3785 2518]
986 -- [2061 4126]
989 -- [2817 1817]
992 -- [2333 3867]
994 -- [ 41 434]
995 -- [1663  860]
996 -- [4443 3401]
1003 -- [3150 2861]
1004 -- [3199 4192]
1006 -- [1817 3926]
1008 -- [  33 1417]
1015 -- [3490 3558]
1019 -- [1674  325]
1020 -- [2533 3384]
1022 -- [ 67 835]
1028 -- [602 562]
1037 -- [1408  868]
1039 -- [1046  121]
1043 -- [2143 3879]
1045 -- [ 117 1571]
1046 -- [4448 2032]
1050 -- [1234  990]
1055 -- [2725 3195]
1058 -- [3124 4344]
1062 -- [3179 2278]
1066 -- [ 179 1196]
1068 -- [ 826 1522]
1073 -- [808 184]
1077 -- [4444 2595]
1078 -- [2763 2745]
1081 -- [  18 1602]
1083 -- [3500 2957]
1084 -- [2682 3746]
1085 -- [3530 4411]
1086 -- [3766 3166]
1088 -- [4200 2848]
1090 -- [2383 2367]
1091 -- [1907 3877]
1097 -- [1373 1244]
1100 -- [1990 2065]
1104 -- [691 137]
1105 -- [1320   67]
1106 -- [3505 3992]
1107 -- [3714 2817]
1113 -- [2912 2395]
1115 -- [2279 4199]
1116 -- [3447 3001]
1118 -- [250 428]
1124 -- [4566 2498]
1131 -- [2580 3481]
1137 -- [2597 2701]
1143 -- [2010 3567]
1146 -- [3595 3235]
1147 -- [2674 3914]
1156 -- [2901 3783]
1164 -- [3512 3626]
1169 -- [2628 1995]
1171 -- [1950 3055]
1174 -- [3917 4159]
1180 -- [2756 3712]
1181 -- [2351 2404]
1184 -- [1033  598]
1186 -- [4137 2272]
1192 -- [3717 2050]
1195 -- [ 340 1246]
1197 -- [2819 2948]
1200 -- [2820 4430]
1203 -- [4312 4115]
1205 -- [ 868 1375]
1207 -- [3818 4383]
1214 -- [2647 3534]
1223 -- [2755 2383]
1224 -- [2265 1992]
1227 -- [4227 3453]
1232 -- [2737 3079]
1233 -- [3165 4470]
1236 -- [2744 4304]
1238 -- [4557 3817]
1240 -- [210 349]
1247 -- [631 124]
1249 -- [1022  690]
1255 -- [2165 3672]
1259 -- [1813 3128]
1263 -- [3923 4425]
1266 -- [2073 2465]
1268 -- [2800 2290]
1273 -- [1814 2006]
1274 -- [1670  216]
1276 -- [2481 3643]
1278 -- [3087 4567]
1281 -- [4104 3181]
1283 -- [4034 3537]
1288 -- [4266 4094]
1289 -- [2226 4155]
1290 -- [2574 3861]
1291 -- [1737 1112]
1296 -- [3893 3854]
1297 -- [4542 2604]
1298 -- [4514 3309]
1300 -- [ 717 1721]
1301 -- [3275 4249]
1302 -- [1442  515]
1303 -- [2644 2268]
1320 -- [1159 1110]
1325 -- [2844 4495]
1329 -- [1836 4262]
1334 -- [3102 1827]
1335 -- [3717 1827]
1342 -- [1651 1411]
1346 -- [2511 4204]
1348 -- [3787 3659]
1351 -- [ 826 1654]
1352 -- [3592 4427]
1357 -- [3464 2452]
1358 -- [2543 3854]
1359 -- [2310 4019]
1360 -- [2460 3509]
1362 -- [1176 1129]
1375 -- [ 521 1013]
1377 -- [3192 2216]
1379 -- [2047 2760]
1381 -- [1540 1369]
1382 -- [2419 2556]
1383 -- [3991 3992]
1384 -- [2226 2454]
1388 -- [3311 4153]
1394 -- [ 333 1373]
1395 -- [1956 3670]
1399 -- [3156 2096]
1403 -- [1187   34]
1405 -- [2667 4159]
1409 -- [4349 4266]
1411 -- [2560 2933]
1414 -- [3107 3184]
1418 -- [ 111 1787]
1425 -- [2422 4208]
1431 -- [1677 1770]
1440 -- [2162 2194]
1442 -- [3437 2250]
1443 -- [1414  345]
1445 -- [3459 3249]
1446 -- [1944 2432]
1447 -- [4259 3622]
1448 -- [2240 4074]
1450 -- [2815 2610]
1456 -- [2323 2992]
1457 -- [3206 3579]
1460 -- [2691 2421]
1461 -- [605 781]
1464 -- [2686 3424]
1465 -- [4426 3109]
1472 -- [478 331]
1479 -- [3214 4493]
1480 -- [4210 4503]
1482 -- [3403 4486]
1483 -- [3660 3914]
1487 -- [4267 4097]
1490 -- [768  67]
1491 -- [386 466]
1494 -- [3066 2271]
1495 -- [3010 4437]
1497 -- [ 661 1325]
1498 -- [3005 4586]
1505 -- [2161 2628]
1506 -- [2745 2697]
1512 -- [2499 3894]
1517 -- [411 240]
1519 -- [2416 3156]
1521 -- [1240 1473]
1524 -- [4267 2814]
1526 -- [3193 3758]
1527 -- [2533 3345]
1528 -- [4247 3788]
1539 -- [2406 4532]
1543 -- [779 144]
1544 -- [4309 2833]
1545 -- [4309 2011]
1546 -- [ 560 1503]
1550 -- [ 305 1677]
1551 -- [2520 3910]
1552 -- [1708  727]
1553 -- [1798  292]
1554 -- [2577 3816]
1557 -- [2744 2106]
1558 -- [   3 1538]
1563 -- [2548 4219]
1569 -- [2823 4149]
1577 -- [728 448]
1579 -- [4004 2051]
1581 -- [4192 4541]
1583 -- [2272 2476]
1585 -- [ 364 1384]
1590 -- [ 471 1121]
1595 -- [2416 2325]
1598 -- [3442 2939]
1602 -- [3389 3562]
1603 -- [1240   45]
1616 -- [3551 1884]
1619 -- [1630  270]
1620 -- [2589 3541]
1622 -- [3989 1975]
1624 -- [3181 2476]
1626 -- [1715 1157]
1629 -- [2133 2432]
1630 -- [2281 4208]
1632 -- [ 56 262]
1633 -- [2465 2566]
1637 -- [3918 3927]
1640 -- [2081 3084]
1644 -- [1219 1441]
1652 -- [2276 2664]
1659 -- [3284 2170]
1661 -- [1971 2186]
1663 -- [2336 2673]
1664 -- [786 863]
1665 -- [4338 1926]
1670 -- [1317  639]
1671 -- [3378 4331]
1677 -- [3503 4394]
1681 -- [4444 2972]
1686 -- [4550 4269]
1687 -- [1851 2922]
1688 -- [ 136 1689]
1694 -- [2049 3839]
1696 -- [3043 4434]
1698 -- [4539 2725]
1709 -- [1094  280]
1712 -- [2719 1891]
1714 -- [3553 3596]
1715 -- [3553 3405]
1719 -- [ 126 1405]
1720 -- [3923 3961]
1721 -- [4569 3898]
1722 -- [2652 2398]
1724 -- [3206 3507]
1726 -- [4561 2661]
1728 -- [2135 2701]
1732 -- [2414 1963]
1739 -- [120 743]
1740 -- [4552 2778]
1743 -- [3994 3220]
1745 -- [1652  588]
1752 -- [3408 4598]
1754 -- [2659 4430]
1758 -- [2082 2340]
1761 -- [1094  446]
1762 -- [2567 3943]
1764 -- [4048 1986]
1765 -- [2044 2082]
1766 -- [3088 1902]
1767 -- [1133 1696]
1769 -- [1047 1488]
1771 -- [456 320]
1779 -- [4093 4424]
1781 -- [4395 3574]
1782 -- [2419 2267]
1788 -- [1599 1728]
1789 -- [701 848]
1791 -- [2656 2823]
1795 -- [3831 3545]
1798 -- [1561  489]
1802 -- [1310   67]
1803 -- [1891 4398]
1807 -- [2296 1899]
1811 -- [3957 4014]
1815 -- [3362 3169]
1816 -- [3217 3777]
1818 -- [3443 1981]
1819 -- [3535 1870]
1822 -- [4134 2391]
1828 -- [1870 3993]
1837 -- [3848 2240]
1848 -- [4069 2445]
1852 -- [617 320]
1853 -- [3080 3735]
1854 -- [2182 3549]
1858 -- [1745  760]
1860 -- [2607 3553]
1863 -- [1350  346]
1864 -- [4199 4370]
1865 -- [4027 4061]
1867 -- [3187 2061]
1868 -- [3361 2858]
1874 -- [3898 2227]
1876 -- [2319 4133]
1879 -- [2301 2398]
1882 -- [ 331 1658]
1886 -- [2362 3289]
1887 -- [3798 3506]
1888 -- [2531 4317]
1897 -- [3304 2236]
1898 -- [1272 1728]
1904 -- [2917 3520]
1905 -- [4259 3731]
1906 -- [2120 3031]
1907 -- [3273 3792]
1908 -- [482  96]
1914 -- [4107 2128]
1918 -- [527 216]
1921 -- [ 473 1214]
1922 -- [846 488]
1926 -- [2449 2952]
1939 -- [2262 2574]
1941 -- [1415  857]
1945 -- [774 815]
1952 -- [4266 1951]
1953 -- [4338 2693]
1954 -- [3730 1895]
1955 -- [ 747 1262]
1956 -- [4447 2030]
1958 -- [1712 1584]
1962 -- [1950 3736]
1968 -- [4495 2716]
1971 -- [2459 2481]
1974 -- [3053 2832]
1977 -- [ 333 1057]
1981 -- [2395 4136]
1984 -- [ 360 1367]
1986 -- [3828 2687]
1988 -- [1423  618]
1989 -- [3957 2532]
1992 -- [1881 2551]
1993 -- [ 553 1635]
1994 -- [3291 2372]
1995 -- [3165 4421]
2004 -- [1721 1750]
2005 -- [4426 2921]
2007 -- [3458 4025]
2009 -- [2711 4061]
2010 -- [1411 1580]
2013 -- [4229 2730]
2016 -- [2548 4310]
2020 -- [2395 3246]
2022 -- [2745 4074]
2025 -- [2836 2538]
2026 -- [1365  877]
2029 -- [4460 3580]
2030 -- [177  40]
2037 -- [2334 2387]
2039 -- [4389 2480]
2041 -- [1216 1244]
2045 -- [3485 3731]
2048 -- [913 184]
2049 -- [3943 4242]
2050 -- [4208 2334]
2054 -- [4159 3433]
2057 -- [1280 1435]
2058 -- [381 967]
2059 -- [2389 2216]
2061 -- [2335 3451]
2063 -- [4539 2048]
2067 -- [1673 1798]
2070 -- [3811 3958]
2073 -- [2432 2865]
2074 -- [2220 3972]
2075 -- [455 648]
2076 -- [3225 2910]
2078 -- [4454 2664]
2083 -- [4589 2494]
2086 -- [1174 1566]
2089 -- [1466 1602]
2092 -- [4408 3469]
2094 -- [3796 4426]
2096 -- [4167 4055]
2097 -- [ 43 226]
2098 -- [1969 4578]
2102 -- [3326 4505]
2103 -- [3893 4285]
2104 -- [4178 2645]
2110 -- [2151 2025]
2113 -- [3128 2182]
2115 -- [615 262]
2117 -- [1660  545]
2119 -- [2195 2317]
2123 -- [247 849]
2124 -- [2686 3750]
2126 -- [2613 4467]
2131 -- [4350 1970]
2132 -- [2119 2272]
2134 -- [1090 1805]
2137 -- [1589 1515]
2141 -- [1786 1481]
2142 -- [1826 2278]
2144 -- [1709   93]
2151 -- [2645 2808]
2158 -- [2059 3231]
2167 -- [3769 2008]
2168 -- [2481 3455]
2174 -- [1945 2606]
2179 -- [1384  198]
2181 -- [3166 3314]
2182 -- [4297 2366]
2183 -- [4145 2302]
2186 -- [ 787 1311]
2187 -- [2272 4489]
2190 -- [2166 4038]
2191 -- [4296 2402]
2192 -- [3201 3923]
2193 -- [2737 3426]
2195 -- [4386 3031]
2197 -- [1716  441]
2199 -- [692 520]
2202 -- [4269 3641]
2213 -- [1352 1623]
2215 -- [4394 3952]
2217 -- [2038 2737]
2221 -- [2966 4297]
2222 -- [1784 1388]
2228 -- [2534 2115]
2231 -- [2518 2383]
2237 -- [2465 3432]
2251 -- [4074 2208]
2253 -- [1963 2558]
2254 -- [1411 1681]
2255 -- [2276 3198]
2256 -- [   6 1540]
2264 -- [1538  332]
2267 -- [659 707]
2270 -- [2217 4386]
2272 -- [1388 1634]
2281 -- [3801 3555]
2283 -- [ 482 1047]
2284 -- [2161 4432]
2286 -- [3837 2619]
2287 -- [4105 2592]
2289 -- [  72 1584]
2292 -- [2698 4415]
2295 -- [4266 4514]
2296 -- [1813 3670]
2298 -- [2170 3193]
2308 -- [1617  439]
2312 -- [2108 2225]
2314 -- [3323 2017]
2315 -- [3893 3405]
2323 -- [1094  422]
2326 -- [2818 2257]
2328 -- [4477 4259]
2333 -- [3916 3894]
2342 -- [ 500 1257]
2346 -- [2575 2032]
2349 -- [4119 1813]
2353 -- [2367 2298]
2356 -- [347 433]
2364 -- [3380 2508]
2366 -- [854 957]
2368 -- [3145 2553]
2369 -- [4177 2727]
2370 -- [3201 4063]
2373 -- [3730 4101]
2376 -- [1186  154]
2381 -- [2652 4197]
2382 -- [2606 2379]
2385 -- [4331 4307]
2394 -- [2142 3085]
-cl sat and violated: 1504 | 701  | total #cl: 2205 | -violated weight: 701
0 -- [2186  862]
4 -- [ 117 3536]
5 -- [4405 1775]
14 -- [1175 3585]
18 -- [1625 3289]
22 -- [1798 3875]
23 -- [3500 1411]
27 -- [3848  396]
28 -- [2117  713]
30 -- [2171 1622]
33 -- [  61 2100]
35 -- [2535  620]
40 -- [3537  234]
47 -- [3235  204]
48 -- [ 262 2743]
49 -- [3958  562]
52 -- [4229  849]
53 -- [ 606 3161]
57 -- [1053 2223]
59 -- [3505 1362]
61 -- [3057 1563]
62 -- [3495 1415]
64 -- [ 395 3110]
65 -- [2182 1526]
72 -- [1439 4581]
75 -- [ 828 3218]
83 -- [3193  422]
94 -- [ 956 3694]
96 -- [1124 3104]
100 -- [3497 1081]
103 -- [1859 1462]
104 -- [4202 1715]
105 -- [3457  111]
106 -- [4108 1523]
107 -- [ 778 3193]
112 -- [3648 1459]
116 -- [1979 1343]
118 -- [1810 2153]
120 -- [ 747 3637]
121 -- [1278 2480]
125 -- [3604 1041]
127 -- [3764  240]
129 -- [1362 4143]
133 -- [2060   45]
134 -- [ 984 2432]
136 -- [1147 2529]
137 -- [4267  141]
142 -- [ 272 3831]
150 -- [1862 1700]
152 -- [2533  303]
154 -- [1722 4427]
155 -- [ 503 2800]
156 -- [3559  453]
157 -- [1588 2293]
160 -- [3539  164]
164 -- [1072 1859]
165 -- [1609 4312]
166 -- [1587 3169]
169 -- [1950  615]
174 -- [4293 1494]
180 -- [1251 2384]
182 -- [  25 2248]
190 -- [4131 1412]
195 -- [ 320 2760]
197 -- [1708 3284]
198 -- [2478  693]
199 -- [1706 4310]
204 -- [3555  990]
205 -- [2415 1487]
209 -- [1700 3252]
211 -- [2481  324]
215 -- [1151 4422]
216 -- [2671 1243]
217 -- [ 323 3913]
219 -- [1896   55]
223 -- [2431  905]
227 -- [2989 1175]
234 -- [  74 2128]
240 -- [1459 2023]
242 -- [2060 1398]
247 -- [3235 1788]
249 -- [3154  872]
251 -- [3551  507]
254 -- [   8 4242]
257 -- [2480 1363]
261 -- [4466  575]
271 -- [2306  204]
276 -- [3698  175]
277 -- [ 323 3441]
280 -- [1745 3662]
281 -- [2615 1142]
285 -- [3613  868]
289 -- [ 983 3275]
291 -- [1463 4155]
293 -- [3323 1585]
294 -- [1968 1373]
295 -- [2800  306]
296 -- [2566   34]
299 -- [3438  617]
301 -- [1169 3992]
307 -- [4312 1005]
309 -- [4466  658]
312 -- [ 426 2576]
314 -- [ 337 2865]
315 -- [2112 1685]
318 -- [   8 3996]
319 -- [1975 1653]
320 -- [1478 1873]
322 -- [2572 1694]
334 -- [ 736 4215]
339 -- [  61 3743]
340 -- [ 533 3337]
341 -- [1441 2553]
342 -- [2565 1623]
347 -- [4568  845]
350 -- [2023  590]
352 -- [1831  866]
353 -- [ 107 2021]
358 -- [2681 1244]
361 -- [1204 4160]
364 -- [1250 2041]
366 -- [ 672 3783]
367 -- [ 315 3475]
372 -- [3704 1113]
375 -- [1729 1904]
376 -- [ 148 2103]
387 -- [1043 2558]
388 -- [2453  590]
394 -- [1774 1922]
397 -- [1969 1360]
398 -- [1712 4295]
400 -- [2218  272]
401 -- [ 250 4146]
404 -- [ 155 2670]
407 -- [2059 1802]
408 -- [3798    7]
412 -- [1503 3887]
415 -- [ 396 3599]
418 -- [ 785 2980]
419 -- [2477  455]
422 -- [3069 1055]
424 -- [ 553 2287]
427 -- [2419   31]
429 -- [3669   34]
434 -- [1697 2499]
435 -- [1006 2090]
438 -- [1457 4589]
441 -- [3567  956]
445 -- [3184 1562]
446 -- [1873   76]
449 -- [4404 1040]
453 -- [1766 2465]
454 -- [2056 1805]
462 -- [2409  711]
464 -- [ 919 2769]
469 -- [2238 1449]
471 -- [3803  669]
475 -- [3560  444]
476 -- [2512  893]
483 -- [3009  613]
485 -- [3603 1697]
493 -- [3678  958]
494 -- [4247  860]
497 -- [1270 2632]
498 -- [2698 1703]
502 -- [ 692 3220]
507 -- [3760  857]
508 -- [ 590 4374]
510 -- [1715 3956]
515 -- [ 253 2907]
517 -- [1090 1913]
518 -- [ 579 3041]
527 -- [1437 4404]
531 -- [ 188 3464]
534 -- [3551 1760]
538 -- [1761 4478]
542 -- [ 751 1841]
543 -- [2247 1745]
544 -- [2196 1118]
546 -- [3160  162]
547 -- [1387 2965]
550 -- [ 602 2547]
551 -- [3033  360]
556 -- [ 222 2698]
557 -- [1621 4064]
560 -- [2629  981]
562 -- [1135 2077]
563 -- [ 385 2223]
568 -- [4270  826]
569 -- [2541  685]
573 -- [ 669 2630]
574 -- [ 357 3072]
575 -- [ 684 4387]
577 -- [4347  868]
580 -- [ 500 1972]
581 -- [ 441 4149]
582 -- [1754 4180]
587 -- [2074  226]
588 -- [1113 1870]
591 -- [ 793 2808]
596 -- [2965 1754]
597 -- [ 277 3788]
598 -- [2136 1493]
601 -- [1970 1151]
602 -- [3996  331]
603 -- [1219 3755]
605 -- [2431 1668]
606 -- [1298 1987]
608 -- [1745 2674]
610 -- [3585  901]
613 -- [1294 4282]
615 -- [1513 4168]
621 -- [1327 3005]
623 -- [3745  855]
624 -- [3452  876]
626 -- [1436 2492]
632 -- [ 255 2085]
637 -- [3057  864]
641 -- [1777 3181]
642 -- [1880 1459]
647 -- [1783 3087]
648 -- [ 990 2969]
650 -- [  51 3310]
659 -- [ 235 1918]
661 -- [1560 2577]
668 -- [1110 3051]
669 -- [1016 3898]
670 -- [1408 4336]
671 -- [3408  163]
672 -- [2182  650]
676 -- [1386 3243]
679 -- [2386 1302]
682 -- [1694 2224]
685 -- [1087 4192]
690 -- [ 522 2194]
698 -- [1582 4392]
700 -- [3842 1126]
705 -- [ 472 3509]
706 -- [4297 1412]
711 -- [3018 1031]
715 -- [1088 2519]
719 -- [4373 1460]
720 -- [ 188 2419]
721 -- [2225 1396]
722 -- [ 103 2306]
727 -- [3407 1589]
729 -- [2972  434]
731 -- [2122  421]
732 -- [ 471 4414]
733 -- [1217 2760]
734 -- [2798  975]
736 -- [ 580 2359]
738 -- [ 815 3231]
740 -- [ 545 4000]
745 -- [3235 1701]
748 -- [ 443 2160]
751 -- [3677  917]
752 -- [2225  895]
753 -- [ 593 2688]
755 -- [2662 1804]
756 -- [3515 1258]
761 -- [  25 4586]
766 -- [4055 1627]
769 -- [2298  586]
773 -- [4035 1697]
776 -- [2513 1774]
777 -- [ 434 3452]
779 -- [3001 1450]
782 -- [ 870 2398]
785 -- [1661 2442]
787 -- [2384 1664]
789 -- [1330 4160]
792 -- [4233  208]
796 -- [4384  911]
798 -- [1382 3017]
802 -- [4219 1595]
807 -- [3490 1523]
809 -- [1043 2219]
810 -- [4201    3]
815 -- [ 902 3950]
816 -- [3509 1779]
817 -- [2987 1008]
823 -- [1747 2153]
824 -- [1384 3337]
825 -- [2319  619]
826 -- [2553  606]
832 -- [4106 1774]
838 -- [ 463 2225]
840 -- [ 511 3518]
842 -- [1548 2586]
844 -- [2348   10]
845 -- [ 464 3044]
846 -- [1080 3507]
847 -- [2741  898]
848 -- [2694  144]
850 -- [ 541 4482]
851 -- [1760 3363]
854 -- [1545 4237]
856 -- [2415 1539]
857 -- [3404  749]
873 -- [1022 4262]
875 -- [ 209 1903]
878 -- [4523  681]
880 -- [1891  626]
884 -- [2553  169]
887 -- [3219  891]
891 -- [2526  185]
893 -- [1093 4373]
896 -- [3679  315]
898 -- [1974 1163]
902 -- [2260  846]
904 -- [2271  840]
907 -- [1918 1683]
911 -- [1129 4145]
917 -- [4392    6]
918 -- [ 131 3725]
920 -- [2661  717]
921 -- [1415 3948]
930 -- [ 258 3694]
933 -- [ 843 2736]
938 -- [2064  954]
940 -- [3992 1782]
947 -- [ 548 2957]
953 -- [3898  756]
954 -- [3554  954]
955 -- [ 309 2731]
957 -- [2226 1041]
958 -- [3856  966]
960 -- [4446  908]
964 -- [2455 1239]
966 -- [3027   33]
967 -- [3348 1521]
968 -- [3381 1151]
970 -- [3310 1466]
971 -- [  46 4265]
973 -- [1456 2053]
974 -- [ 728 2139]
977 -- [1962  262]
978 -- [1903 1300]
984 -- [ 463 2041]
995 -- [  75 3053]
998 -- [3682   30]
1007 -- [ 122 3903]
1014 -- [3056  614]
1017 -- [4045 1337]
1019 -- [2083  396]
1021 -- [ 133 3048]
1022 -- [ 441 3920]
1026 -- [ 193 3562]
1027 -- [1056 2772]
1028 -- [4226 1223]
1029 -- [2236  332]
1030 -- [ 745 2143]
1035 -- [1514 3092]
1036 -- [1040 2823]
1040 -- [3903 1143]
1043 -- [1327 2218]
1048 -- [ 549 2380]
1050 -- [ 544 2364]
1056 -- [3602  590]
1057 -- [2472  179]
1061 -- [2769 1283]
1066 -- [ 223 3653]
1067 -- [3614 1586]
1076 -- [1305 2438]
1078 -- [1968  281]
1080 -- [2890 1521]
1082 -- [2082  160]
1084 -- [2013 1026]
1085 -- [1222 4295]
1086 -- [1857  496]
1087 -- [1337 4355]
1093 -- [1687 3066]
1094 -- [ 664 3412]
1095 -- [1402 3283]
1097 -- [2593  339]
1099 -- [2222 1504]
1102 -- [1336 3130]
1104 -- [2935 1798]
1107 -- [3278 1699]
1109 -- [1168 4338]
1111 -- [ 773 3299]
1114 -- [1680 3927]
1117 -- [2718   82]
1120 -- [2177  744]
1125 -- [1488 3648]
1137 -- [4579  382]
1138 -- [1301 2117]
1142 -- [3225  465]
1150 -- [2411 1488]
1153 -- [1776 3516]
1156 -- [1094 3399]
1158 -- [2838  847]
1160 -- [3064  760]
1175 -- [ 358 3739]
1177 -- [ 596 3067]
1178 -- [3231 1730]
1181 -- [4211  136]
1183 -- [3420  770]
1186 -- [ 734 2272]
1188 -- [2039  130]
1189 -- [1285 3166]
1192 -- [1118 2416]
1207 -- [ 454 2968]
1210 -- [3630 1775]
1214 -- [ 204 2323]
1222 -- [4302 1183]
1227 -- [2559  873]
1228 -- [1792 2076]
1231 -- [ 510 3005]
1232 -- [4293  415]
1240 -- [3247 1384]
1242 -- [1796 4268]
1243 -- [1618 2391]
1244 -- [3243 1652]
1249 -- [ 116 2118]
1253 -- [4236 1083]
1255 -- [ 288 2151]
1256 -- [ 922 2948]
1259 -- [ 549 3077]
1261 -- [ 735 3001]
1262 -- [1348 2898]
1264 -- [1359 4443]
1268 -- [3273  818]
1273 -- [ 466 3028]
1274 -- [2948  867]
1278 -- [ 749 2096]
1283 -- [3371 1342]
1287 -- [ 240 2474]
1289 -- [2897  456]
1291 -- [3154  157]
1292 -- [1650 3967]
1298 -- [3840  135]
1301 -- [1770 2543]
1305 -- [4423 1299]
1306 -- [1837 1028]
1307 -- [ 999 2971]
1324 -- [3555  480]
1325 -- [1903 1190]
1334 -- [1747 3787]
1335 -- [1149 2323]
1336 -- [1726 4214]
1340 -- [4155  525]
1343 -- [3933  958]
1346 -- [4099 1148]
1348 -- [3164  368]
1350 -- [2402 1217]
1357 -- [2471  473]
1365 -- [1728 4342]
1375 -- [4159 1251]
1376 -- [1681 2480]
1382 -- [1724 2478]
1384 -- [2150  718]
1386 -- [3816  598]
1397 -- [1178 4481]
1400 -- [3126 1677]
1406 -- [2117  373]
1410 -- [ 324 4437]
1415 -- [2285  783]
1421 -- [3427  208]
1422 -- [1947  323]
1424 -- [1635 1976]
1426 -- [2710 1786]
1437 -- [ 778 3258]
1439 -- [1410 2554]
1445 -- [1841 1041]
1446 -- [4440 1302]
1455 -- [2982  247]
1457 -- [1538 3422]
1462 -- [1103 2823]
1464 -- [ 625 3038]
1478 -- [2841 1506]
1480 -- [ 730 3510]
1481 -- [2405  247]
1484 -- [2660  741]
1485 -- [3555  746]
1486 -- [3911   47]
1488 -- [3874 1204]
1494 -- [2691  924]
1497 -- [4323  226]
1500 -- [ 901 2926]
1502 -- [2461  508]
1505 -- [ 631 4515]
1509 -- [ 856 2356]
1513 -- [1610 2112]
1517 -- [2815 1341]
1518 -- [1232 3265]
1527 -- [  79 2918]
1528 -- [ 792 3018]
1533 -- [1234 4512]
1536 -- [4454  817]
1539 -- [1704 3783]
1540 -- [  25 2078]
1542 -- [2729  154]
1543 -- [2685 1411]
1546 -- [4026 1739]
1555 -- [2988 1617]
1557 -- [1554 4359]
1559 -- [1623 2650]
1564 -- [3767  545]
1565 -- [3141 1630]
1566 -- [2004  393]
1570 -- [  10 3379]
1574 -- [3993   62]
1575 -- [ 697 4147]
1584 -- [1728 2235]
1585 -- [3054 1205]
1593 -- [ 189 2128]
1596 -- [2802   53]
1599 -- [1504 2476]
1600 -- [4282 1344]
1602 -- [ 774 3243]
1606 -- [1182 2977]
1607 -- [ 853 2265]
1612 -- [3154  654]
1613 -- [1224 4280]
1617 -- [4360  990]
1624 -- [ 783 3840]
1626 -- [2446  981]
1632 -- [1687 3527]
1637 -- [3323  840]
1638 -- [1581 4087]
1639 -- [3410  958]
1641 -- [ 625 4226]
1644 -- [ 652 3950]
1646 -- [1041 1988]
1647 -- [4204  740]
1648 -- [3530  461]
1650 -- [2467  469]
1656 -- [3595 1119]
1658 -- [4259  172]
1659 -- [1168 2628]
1663 -- [1007 3457]
1673 -- [1124 2089]
1676 -- [ 241 3041]
1678 -- [1993 1721]
1679 -- [3874  636]
1680 -- [1588 4374]
1681 -- [ 490 4123]
1683 -- [4130 1786]
1684 -- [3083 1113]
1685 -- [ 545 2591]
1688 -- [4185  115]
1693 -- [  28 2745]
1695 -- [4479  708]
1699 -- [  36 2174]
1715 -- [2535 1193]
1721 -- [4450  162]
1722 -- [4272 1770]
1726 -- [1449 3077]
1727 -- [1192 3822]
1731 -- [ 926 4557]
1737 -- [3688 1145]
1748 -- [ 128 4444]
1749 -- [ 486 2613]
1751 -- [3226 1044]
1754 -- [1123 3652]
1755 -- [1787 3052]
1761 -- [4010  215]
1775 -- [2232 1148]
1776 -- [3992 1797]
1777 -- [3408 1241]
1778 -- [1158 2105]
1779 -- [4318 1386]
1780 -- [ 507 3554]
1782 -- [ 152 2630]
1791 -- [4276 1105]
1795 -- [1249 2143]
1799 -- [3273  416]
1801 -- [1006 4419]
1802 -- [2973  520]
1806 -- [1538 3462]
1811 -- [3926  783]
1813 -- [  73 2687]
1814 -- [ 307 3009]
1816 -- [3990  497]
1820 -- [2769 1691]
1822 -- [1677 2399]
1825 -- [ 774 3538]
1827 -- [3281 1043]
1833 -- [1892 1805]
1844 -- [1104 2814]
1846 -- [1123 2641]
1852 -- [ 845 2977]
1853 -- [1160 3020]
1861 -- [1987  228]
1862 -- [1783 3193]
1868 -- [1668 2554]
1872 -- [2585   98]
1874 -- [ 469 3542]
1877 -- [ 155 2979]
1880 -- [1449 4418]
1881 -- [3478 1554]
1884 -- [ 286 4443]
1886 -- [1990 1116]
1887 -- [2188   70]
1890 -- [1237 3903]
1891 -- [3377  681]
1898 -- [ 385 4201]
1900 -- [2365  351]
1911 -- [ 217 1867]
1914 -- [2802    7]
1916 -- [3414 1115]
1920 -- [4150 1006]
1922 -- [3210  135]
1928 -- [2172  596]
1930 -- [3200   60]
1933 -- [ 316 4158]
1936 -- [2223  370]
1939 -- [1639 3776]
1940 -- [1695 2120]
1942 -- [2514  148]
1945 -- [2147 1530]
1948 -- [2773 1504]
1950 -- [1968  793]
1951 -- [ 279 3458]
1952 -- [4144  708]
1954 -- [  47 3069]
1958 -- [ 549 2410]
1960 -- [2720   40]
1961 -- [ 608 2680]
1964 -- [1762 2714]
1966 -- [1725 3001]
1967 -- [3719  565]
1970 -- [ 410 3467]
1971 -- [3260  961]
1975 -- [1602 2275]
1976 -- [3383  396]
1978 -- [3493 1318]
1979 -- [3971 1581]
1981 -- [ 381 2049]
1984 -- [1574 3009]
1985 -- [ 326 4134]
1986 -- [2067 1401]
1988 -- [  55 2009]
1991 -- [2772  882]
1995 -- [4155  141]
1999 -- [2082 1098]
2006 -- [1386 2114]
2007 -- [2744 1437]
2010 -- [ 662 2465]
2019 -- [2430 1700]
2021 -- [3272  972]
2026 -- [3783 1079]
2028 -- [  47 2429]
2029 -- [1728 3006]
2032 -- [ 470 2034]
2039 -- [4159 1192]
2041 -- [ 371 3184]
2046 -- [ 596 4324]
2047 -- [3939  255]
2048 -- [4352  624]
2050 -- [1765 2120]
2054 -- [ 691 3866]
2057 -- [3795  860]
2058 -- [2752 1687]
2060 -- [ 957 3288]
2062 -- [3545 1104]
2063 -- [  11 2209]
2064 -- [3178  123]
2066 -- [2317  405]
2072 -- [ 889 3326]
2075 -- [4568 1418]
2077 -- [4290   30]
2081 -- [4132  393]
2082 -- [2826 1524]
2087 -- [4578 1491]
2090 -- [ 615 2631]
2095 -- [1751 2346]
2097 -- [2904 1246]
2099 -- [4442 1732]
2100 -- [2002 1112]
2103 -- [ 602 2713]
2107 -- [3272  968]
2109 -- [ 687 3400]
2114 -- [4179  555]
2115 -- [2882 1537]
2117 -- [3999  403]
2118 -- [ 574 2369]
2119 -- [3001  327]
2121 -- [1602 2674]
2124 -- [3260 1538]
2129 -- [4001 1400]
2130 -- [1941 1766]
2132 -- [ 868 1883]
2133 -- [3163 1687]
2135 -- [1979  669]
2137 -- [1415 4007]
2140 -- [2011 1635]
2146 -- [2531  665]
2148 -- [4340  175]
2150 -- [1603 2143]
2156 -- [2008  993]
2163 -- [1175 2805]
2166 -- [2899  121]
2169 -- [3747 1292]
2170 -- [1542 3007]
2175 -- [ 981 2349]
2186 -- [ 672 3276]
2189 -- [ 214 1969]
2194 -- [1228 3363]
7 -time: 0.02092 -dim: (11172, 2)
8 -time: 0.00013 -dim: (7, 57)
9 -time: 3.93213 -dim: (1835400, 3)
10 -time: 5.42798 -dim: (1730141, 3)
11_12 -time: 0.18798 -dim: [110424, 2]
13 -time: 0.07361 -dim: (36808, 4)
14_15 -time: 0.03346 -dim: [798, 2]
16 -time: 0.00001 -dim: (0, 2)
17_18 -time: 0.35329 -dim: [73616, 3]
19 -time: 0.00008 -dim: (1, 1)
20 -time: 0.22318 -dim: (0, 4601)
21 -time: 0.00077 -dim: (1, 4601)
22 -time: 0.00005 -dim: (2205, 3)
23 -time: 0.00003 -dim: (2205, 3)
24 -time: 0.00004 -dim: (0, 5)
25 -time: 0.00005 -dim: (2396, 3)
26 -time: 0.00004 -dim: (2396, 3)
smtPr 22-26 -time: 0.01413 -dim: nan
slvr_header -time: 2.18250 -dim: nan
*solver* -time: 900.06400 -dim: nan
res_read -time: 0.05691 -dim: nan
-- SUM CL TIME: 10.26788          |  SUM other TIME: 902.30341          |  SUM TIME: 912.57129
