num branch_node: 7
num leaf_node: 8
num feature: 57
tree_depth: 3
num label: 2
nDC: 2432

***variables
a: 1 - 399 -> 399
s: 400 - 32606 -> 32207
z: 32607 - 69414 -> 36808
g: 69415 - 69430 -> 16
x: 69431 - 78632 -> 9202
ml: 78633 - 83425 -> 4793
cl: 83426 - 87834 -> 4409

variables***
[debug] --> CL ML ratio 1
the cl header --> p wcnf 87834 3825974 9203

timeout 900s ~/SAT_Project/loandra-master/loandra_static -pmreslin-cglim=30 -weight-strategy=1 -print-model -verbosity=1 ./solutions/spam_0.1_mc2.0_s1732_r1/phase_1_clauses_final >./solutions/spam_0.1_mc2.0_s1732_r1/phase_1_loandra_res

Start to read loandra res
*loandra status: SATISFIABLE
-ml sat and violated: 3693 | 1100  | total #ml: 4793 | -violated weight: 1100
3 -- [2917 3085]
9 -- [3322 3259]
17 -- [2073 3340]
25 -- [3322 4037]
32 -- [1584 1572]
34 -- [1665 1400]
36 -- [  35 1237]
44 -- [1435  715]
45 -- [3823 4487]
47 -- [ 572 1124]
53 -- [1231   38]
56 -- [1438  655]
59 -- [4430 2544]
60 -- [763 482]
77 -- [ 121 1463]
93 -- [3313 2903]
102 -- [ 985 1735]
103 -- [1649  973]
107 -- [ 255 1506]
109 -- [1950 2924]
110 -- [2158 2766]
121 -- [522 289]
125 -- [1390  433]
126 -- [3206 2232]
129 -- [4404 3448]
131 -- [4220 1928]
136 -- [ 443 1068]
137 -- [4267 2695]
140 -- [287 752]
142 -- [143 365]
143 -- [ 490 1309]
144 -- [213 204]
145 -- [2577 2207]
151 -- [973 796]
158 -- [2636 2852]
161 -- [ 465 1781]
163 -- [992 962]
166 -- [641 145]
169 -- [1800 1418]
173 -- [1681  317]
179 -- [1855 3847]
180 -- [2256 2736]
189 -- [757 799]
191 -- [3582 4275]
192 -- [1246  898]
195 -- [2586 3564]
202 -- [4274 2323]
204 -- [ 795 1254]
208 -- [1778  596]
211 -- [2028 3750]
223 -- [1320  783]
239 -- [  57 1812]
241 -- [ 891 1126]
243 -- [964 382]
247 -- [4025 1823]
249 -- [3872 4247]
251 -- [4111 2916]
257 -- [1117  716]
259 -- [159 363]
260 -- [1193 1127]
275 -- [3560 2013]
277 -- [ 537 1024]
286 -- [1062  730]
289 -- [2304 2335]
293 -- [4517 2686]
301 -- [2824 3701]
304 -- [3776 2349]
312 -- [770 449]
315 -- [ 491 1415]
320 -- [ 99 848]
322 -- [4124 3999]
325 -- [2281 2166]
337 -- [2431 3864]
339 -- [914   4]
342 -- [668 252]
345 -- [2014 2808]
346 -- [1760  637]
348 -- [1676 1012]
349 -- [3920 4123]
351 -- [1368 1502]
354 -- [ 549 1470]
356 -- [735 515]
359 -- [1700  144]
367 -- [4061 4391]
372 -- [623 181]
380 -- [902   3]
382 -- [202 470]
384 -- [320 877]
389 -- [479 199]
396 -- [ 275 1718]
399 -- [3619 3003]
409 -- [1522  149]
410 -- [ 571 1143]
411 -- [1063  456]
416 -- [ 845 1700]
420 -- [3868 4123]
435 -- [ 943 1170]
438 -- [ 995 1142]
439 -- [3141 4387]
448 -- [1785 1123]
450 -- [ 596 1544]
459 -- [2434 2060]
465 -- [1241 1138]
466 -- [1283 1550]
467 -- [1918 2618]
476 -- [3322 1816]
480 -- [1474 1692]
486 -- [456 803]
490 -- [2991 2757]
493 -- [1767  236]
497 -- [2850 2276]
500 -- [1023  742]
501 -- [1552  379]
505 -- [3978 2994]
506 -- [1017 1420]
507 -- [3881 4430]
508 -- [ 381 1223]
510 -- [1093 1329]
511 -- [1642   20]
512 -- [4387 4169]
523 -- [94 38]
525 -- [2093 4289]
526 -- [4040 2508]
533 -- [722  34]
539 -- [ 842 1645]
540 -- [ 91 441]
541 -- [4352 3487]
542 -- [1080  307]
546 -- [1573 1052]
565 -- [4517 4124]
571 -- [3719 4139]
572 -- [ 544 1691]
575 -- [4207 2834]
580 -- [971 426]
583 -- [ 758 1072]
588 -- [3750 4164]
589 -- [2182 2523]
598 -- [1875 4212]
600 -- [804 393]
601 -- [4343 2041]
603 -- [2539 2277]
604 -- [1755 1383]
605 -- [2546 1827]
609 -- [738 486]
612 -- [2904 4308]
615 -- [3006 2970]
624 -- [258 874]
626 -- [2959 4214]
627 -- [2145 2122]
628 -- [2592 1931]
630 -- [676 608]
634 -- [1298 1422]
637 -- [2577 4525]
638 -- [4454 3153]
639 -- [1269  853]
642 -- [4499 4305]
648 -- [1487  206]
650 -- [4442 2391]
654 -- [3400 2150]
659 -- [1284 1598]
661 -- [1557 1305]
662 -- [1476 1399]
663 -- [203 487]
664 -- [1169  322]
667 -- [4289 2192]
670 -- [1709  865]
673 -- [1679  538]
675 -- [1299 1293]
679 -- [3096 3258]
681 -- [3693 2738]
695 -- [ 824 1260]
704 -- [2547 3006]
708 -- [3507 4210]
711 -- [ 85 451]
713 -- [ 470 1598]
724 -- [ 689 1228]
725 -- [1230  952]
733 -- [2917 3274]
734 -- [  61 1222]
740 -- [ 93 587]
741 -- [832 476]
743 -- [1346   13]
744 -- [1636   99]
747 -- [ 153 1021]
760 -- [1745 1692]
761 -- [1017  797]
762 -- [1779   89]
764 -- [1558  637]
765 -- [2060 2200]
767 -- [1300  126]
773 -- [659 231]
777 -- [1641 1307]
778 -- [2134 4033]
783 -- [1639 1349]
786 -- [2958 3729]
787 -- [1781 1200]
792 -- [ 524 1190]
795 -- [2211 4167]
796 -- [1984 4240]
800 -- [1283  227]
808 -- [  77 1354]
810 -- [1210  981]
811 -- [ 313 1746]
819 -- [899  70]
820 -- [2143 2003]
824 -- [2281 3897]
827 -- [3334 3818]
838 -- [2360 2706]
839 -- [4102 2411]
840 -- [ 647 1064]
849 -- [ 912 1592]
850 -- [2518 1950]
860 -- [ 537 1609]
864 -- [4327 4336]
867 -- [3578 4425]
870 -- [1189 1767]
874 -- [4007 3791]
875 -- [4434 2000]
878 -- [3304 3540]
881 -- [579 863]
884 -- [155 495]
886 -- [ 136 1440]
888 -- [2223 3201]
889 -- [  96 1126]
891 -- [2135 3339]
903 -- [ 818 1414]
904 -- [1516  831]
905 -- [609 784]
912 -- [1977 2539]
915 -- [2723 3889]
919 -- [ 510 1511]
925 -- [3827 2287]
931 -- [1433 1397]
937 -- [1323  348]
938 -- [ 366 1505]
940 -- [3046 3768]
949 -- [ 76 528]
961 -- [574 897]
963 -- [780 716]
966 -- [237 187]
967 -- [2667 2508]
970 -- [1903 3354]
971 -- [216 775]
984 -- [2702 3560]
986 -- [2061 4126]
994 -- [ 41 434]
997 -- [ 786 1768]
998 -- [1456  740]
1002 -- [1694  132]
1003 -- [3150 2861]
1005 -- [ 319 1042]
1008 -- [  33 1417]
1015 -- [3490 3558]
1016 -- [243 584]
1017 -- [761 341]
1020 -- [2533 3384]
1022 -- [ 67 835]
1041 -- [ 378 1615]
1042 -- [1648  668]
1043 -- [2143 3879]
1052 -- [1058  637]
1058 -- [3124 4344]
1066 -- [ 179 1196]
1067 -- [2619 1822]
1068 -- [ 826 1522]
1073 -- [808 184]
1074 -- [2852 2648]
1079 -- [1843 2834]
1081 -- [  18 1602]
1082 -- [1732 1154]
1089 -- [1792 1280]
1093 -- [ 326 1701]
1097 -- [1373 1244]
1099 -- [4276 4424]
1102 -- [935 527]
1105 -- [1320   67]
1108 -- [2703 4443]
1110 -- [1674 1294]
1111 -- [233 218]
1118 -- [250 428]
1139 -- [4350 4267]
1142 -- [ 480 1354]
1153 -- [2488 3943]
1154 -- [1971 2852]
1157 -- [322 990]
1167 -- [2874 3449]
1171 -- [1950 3055]
1176 -- [4033 4300]
1184 -- [1033  598]
1185 -- [3940 3246]
1196 -- [4196 4190]
1197 -- [2819 2948]
1200 -- [2820 4430]
1203 -- [4312 4115]
1205 -- [ 868 1375]
1206 -- [1660  880]
1207 -- [3818 4383]
1209 -- [2144 2182]
1218 -- [1620  501]
1219 -- [ 251 1004]
1223 -- [2755 2383]
1230 -- [3245 4210]
1237 -- [985 322]
1240 -- [210 349]
1241 -- [536 835]
1242 -- [1284  251]
1248 -- [ 336 1076]
1256 -- [434 727]
1263 -- [3923 4425]
1270 -- [1229 1349]
1272 -- [ 252 1260]
1274 -- [1670  216]
1279 -- [ 869 1809]
1285 -- [4582 3818]
1288 -- [4266 4094]
1291 -- [1737 1112]
1292 -- [573 969]
1298 -- [4514 3309]
1300 -- [ 717 1721]
1302 -- [1442  515]
1304 -- [204 414]
1312 -- [837 500]
1320 -- [1159 1110]
1322 -- [ 531 1360]
1326 -- [4139 3580]
1336 -- [667 903]
1351 -- [ 826 1654]
1352 -- [3592 4427]
1353 -- [3246 2538]
1356 -- [1749  245]
1362 -- [1176 1129]
1366 -- [1167    5]
1369 -- [203 634]
1373 -- [1412   34]
1375 -- [ 521 1013]
1377 -- [3192 2216]
1381 -- [1540 1369]
1384 -- [2226 2454]
1389 -- [332 599]
1392 -- [1918 3418]
1393 -- [452 629]
1394 -- [ 333 1373]
1397 -- [685 587]
1400 -- [4309 2529]
1403 -- [1187   34]
1406 -- [ 603 1532]
1409 -- [4349 4266]
1424 -- [505   8]
1431 -- [1677 1770]
1433 -- [1343 1156]
1435 -- [1028 1809]
1443 -- [1414  345]
1454 -- [1665 1558]
1457 -- [3206 3579]
1461 -- [605 781]
1462 -- [2758 4441]
1469 -- [1322  757]
1470 -- [4274 3345]
1475 -- [2371 3956]
1478 -- [2860 3096]
1480 -- [4210 4503]
1484 -- [1571 1781]
1487 -- [4267 4097]
1491 -- [386 466]
1495 -- [3010 4437]
1497 -- [ 661 1325]
1499 -- [3340 2777]
1501 -- [4274 3828]
1507 -- [419 316]
1512 -- [2499 3894]
1514 -- [734 626]
1516 -- [3480 2927]
1522 -- [523 379]
1524 -- [4267 2814]
1527 -- [2533 3345]
1528 -- [4247 3788]
1534 -- [1128  730]
1540 -- [479 264]
1543 -- [779 144]
1544 -- [4309 2833]
1545 -- [4309 2011]
1550 -- [ 305 1677]
1554 -- [2577 3816]
1559 -- [1037 1098]
1560 -- [1678 1178]
1562 -- [1837 2225]
1564 -- [553 838]
1572 -- [1754  476]
1580 -- [388 436]
1584 -- [2918 2866]
1588 -- [4301 4289]
1590 -- [ 471 1121]
1593 -- [ 874 1186]
1594 -- [1072  775]
1597 -- [955 650]
1604 -- [ 921 1443]
1618 -- [2007 2060]
1621 -- [2304 3474]
1622 -- [3989 1975]
1625 -- [4510 3818]
1635 -- [1329 1205]
1638 -- [4020 4267]
1642 -- [4412 2852]
1644 -- [1219 1441]
1648 -- [273 840]
1652 -- [2276 2664]
1653 -- [1446 1633]
1654 -- [  94 1758]
1664 -- [786 863]
1667 -- [1452 1064]
1668 -- [1575 1092]
1669 -- [4524 3774]
1670 -- [1317  639]
1671 -- [3378 4331]
1673 -- [4360 3874]
1675 -- [3943 3407]
1682 -- [ 402 1030]
1686 -- [4550 4269]
1689 -- [1513  303]
1690 -- [1506 1302]
1693 -- [3819 4274]
1696 -- [3043 4434]
1705 -- [ 51 355]
1708 -- [1903 2464]
1716 -- [1256  853]
1717 -- [  4 933]
1718 -- [2706 2075]
1719 -- [ 126 1405]
1724 -- [3206 3507]
1737 -- [1323 1776]
1745 -- [1652  588]
1747 -- [4387 2082]
1748 -- [1417  340]
1749 -- [1416  871]
1751 -- [ 306 1087]
1754 -- [2659 4430]
1756 -- [ 645 1572]
1762 -- [2567 3943]
1767 -- [1133 1696]
1768 -- [4231 2839]
1771 -- [456 320]
1777 -- [4026 4387]
1779 -- [4093 4424]
1780 -- [1068 1371]
1784 -- [1567  440]
1789 -- [701 848]
1798 -- [1561  489]
1808 -- [ 20 614]
1814 -- [1455  370]
1818 -- [3443 1981]
1830 -- [ 938 1333]
1845 -- [1562  522]
1850 -- [2954 2333]
1854 -- [2182 3549]
1858 -- [1745  760]
1865 -- [4027 4061]
1867 -- [3187 2061]
1871 -- [1236  432]
1875 -- [3774 3790]
1876 -- [2319 4133]
1886 -- [2362 3289]
1888 -- [2531 4317]
1889 -- [1783  272]
1890 -- [1011 1183]
1895 -- [753 566]
1897 -- [3304 2236]
1899 -- [4015 2994]
1900 -- [ 439 1537]
1903 -- [1033 1811]
1904 -- [2917 3520]
1908 -- [482  96]
1912 -- [1103 1343]
1915 -- [1717  335]
1921 -- [ 473 1214]
1922 -- [846 488]
1925 -- [  0 606]
1930 -- [  28 1084]
1931 -- [1546  646]
1937 -- [1530 1179]
1940 -- [380 329]
1941 -- [1415  857]
1945 -- [774 815]
1947 -- [1015  464]
1952 -- [4266 1951]
1958 -- [1712 1584]
1960 -- [ 487 1170]
1961 -- [448  70]
1962 -- [1950 3736]
1966 -- [ 941 1323]
1972 -- [2892 4000]
1975 -- [3869 2943]
1977 -- [ 333 1057]
1984 -- [ 360 1367]
1985 -- [1100 1022]
1988 -- [1423  618]
1991 -- [ 997 1713]
2004 -- [1721 1750]
2009 -- [2711 4061]
2012 -- [2782 3003]
2014 -- [888 920]
2016 -- [2548 4310]
2020 -- [2395 3246]
2028 -- [2753 3695]
2030 -- [177  40]
2037 -- [2334 2387]
2039 -- [4389 2480]
2040 -- [ 971 1088]
2041 -- [1216 1244]
2047 -- [ 246 1105]
2049 -- [3943 4242]
2050 -- [4208 2334]
2057 -- [1280 1435]
2068 -- [3329 3521]
2078 -- [4454 2664]
2091 -- [627 919]
2092 -- [4408 3469]
2093 -- [1434  230]
2097 -- [ 43 226]
2105 -- [1755  390]
2108 -- [459 249]
2115 -- [615 262]
2120 -- [1088    7]
2124 -- [2686 3750]
2133 -- [3943 3386]
2134 -- [1090 1805]
2135 -- [1408  810]
2136 -- [1186 1711]
2144 -- [1709   93]
2149 -- [1723  483]
2153 -- [ 906 1078]
2154 -- [ 996 1781]
2172 -- [1072 1273]
2174 -- [1945 2606]
2179 -- [1384  198]
2186 -- [ 787 1311]
2190 -- [2166 4038]
2197 -- [1716  441]
2199 -- [692 520]
2202 -- [4269 3641]
2203 -- [1255  917]
2211 -- [3755 2479]
2213 -- [1352 1623]
2224 -- [1085  630]
2229 -- [521 975]
2230 -- [1231 1691]
2238 -- [3901 2663]
2247 -- [ 531 1250]
2250 -- [2555 2500]
2252 -- [1371 1718]
2255 -- [2276 3198]
2256 -- [   6 1540]
2262 -- [500 857]
2264 -- [1538  332]
2265 -- [4061 2358]
2269 -- [3186 2479]
2272 -- [1388 1634]
2279 -- [1921 1939]
2282 -- [2578 2479]
2283 -- [ 482 1047]
2285 -- [ 742 1447]
2286 -- [3837 2619]
2288 -- [2849 2086]
2289 -- [  72 1584]
2293 -- [1474  842]
2294 -- [552 425]
2295 -- [4266 4514]
2301 -- [1215  317]
2302 -- [3558 2434]
2304 -- [2100 2874]
2312 -- [2108 2225]
2318 -- [2118 2573]
2321 -- [1716  624]
2325 -- [3022 3989]
2331 -- [1044  545]
2332 -- [2122 1870]
2333 -- [3916 3894]
2335 -- [4553 4033]
2339 -- [1383 1286]
2341 -- [3573 2426]
2342 -- [ 500 1257]
2359 -- [130 635]
2361 -- [1810 1335]
2364 -- [3380 2508]
2374 -- [775 197]
2378 -- [128 365]
2380 -- [  23 1264]
2382 -- [2606 2379]
2393 -- [2916 3850]
2396 -- [2182 3385]
2397 -- [758 571]
2398 -- [2753 2628]
2405 -- [ 472 1398]
2418 -- [1145 1609]
2428 -- [406 870]
2432 -- [1404  772]
2434 -- [1040  318]
2438 -- [1199  445]
2443 -- [1106  261]
2444 -- [2228 3309]
2447 -- [3313 2116]
2448 -- [642  76]
2450 -- [630 481]
2453 -- [1629 1507]
2454 -- [1177  627]
2457 -- [2965 3192]
2459 -- [2254 3289]
2462 -- [4428 2498]
2464 -- [3347 3164]
2467 -- [ 353 1441]
2474 -- [957 721]
2486 -- [3322 4440]
2492 -- [ 617 1466]
2494 -- [2305 2944]
2508 -- [1157  566]
2511 -- [3577 4428]
2515 -- [4442 2403]
2517 -- [  77 1084]
2521 -- [ 994 1259]
2525 -- [599 922]
2528 -- [3041 4310]
2533 -- [336 316]
2543 -- [1979 2157]
2560 -- [2334 3063]
2562 -- [1098  547]
2588 -- [1880 2333]
2591 -- [ 453 1659]
2595 -- [2464 3596]
2598 -- [ 522 1086]
2600 -- [1680 1644]
2603 -- [3558 2129]
2611 -- [1383  526]
2613 -- [728 511]
2615 -- [1787 1613]
2623 -- [1068 1584]
2626 -- [2753 4093]
2638 -- [1235 1346]
2640 -- [3089 4247]
2642 -- [1573 1783]
2643 -- [1592  536]
2646 -- [4061 2754]
2650 -- [980 893]
2653 -- [2464 3602]
2658 -- [1515 1067]
2673 -- [3322 3974]
2682 -- [ 34 413]
2688 -- [3745 3315]
2689 -- [ 427 1800]
2690 -- [2781 3912]
2692 -- [4434 4203]
2695 -- [ 640 1136]
2702 -- [2703 2243]
2707 -- [2619 4362]
2710 -- [1878 3889]
2720 -- [4004 2508]
2724 -- [601 222]
2726 -- [3817 3003]
2733 -- [132 578]
2740 -- [4317 3901]
2749 -- [ 234 1019]
2752 -- [ 49 904]
2756 -- [3067 2911]
2766 -- [1526  970]
2776 -- [ 292 1104]
2788 -- [215 233]
2796 -- [1406 1090]
2797 -- [4433 2895]
2800 -- [ 316 1427]
2802 -- [2586 4500]
2804 -- [1789 1064]
2805 -- [879 536]
2806 -- [2375 4408]
2809 -- [131 306]
2812 -- [4235 3540]
2818 -- [3604 4428]
2834 -- [  64 1419]
2835 -- [3827 3802]
2836 -- [3192 2906]
2847 -- [1327  861]
2866 -- [4128 2948]
2867 -- [1631 1123]
2871 -- [2818 2911]
2876 -- [ 994 1690]
2896 -- [4345 3378]
2897 -- [442 799]
2899 -- [4103 3018]
2900 -- [1245 1634]
2914 -- [2882 2480]
2917 -- [589 735]
2921 -- [2118 2459]
2923 -- [ 13 992]
2940 -- [1011  990]
2949 -- [2105 3526]
2951 -- [2256 3154]
2953 -- [1317  123]
2955 -- [4302 4045]
2959 -- [868 829]
2967 -- [1786    9]
2973 -- [744 605]
2976 -- [321 837]
2978 -- [1697 1616]
2979 -- [1482  617]
2988 -- [ 713 1124]
2990 -- [1112  711]
2997 -- [636 848]
3006 -- [777 607]
3009 -- [1654  764]
3010 -- [3897 4431]
3019 -- [1475 1060]
3021 -- [1103 1409]
3032 -- [3879 2118]
3034 -- [ 827 1299]
3048 -- [2276 2338]
3053 -- [3258 4415]
3054 -- [4404 3436]
3068 -- [655 191]
3073 -- [4558 2114]
3080 -- [4267 3352]
3085 -- [1334  986]
3088 -- [ 61 907]
3092 -- [3640 3313]
3095 -- [2386 2060]
3102 -- [ 143 1355]
3111 -- [2199 2916]
3115 -- [ 202 1194]
3118 -- [1539 1371]
3120 -- [  94 1423]
3122 -- [ 427 1429]
3133 -- [2703 2267]
3143 -- [3428 3018]
3148 -- [141 745]
3150 -- [1175 1546]
3155 -- [2814 1939]
3157 -- [ 335 1697]
3164 -- [582 990]
3176 -- [3402 2146]
3177 -- [3006 4254]
3182 -- [1440 1447]
3185 -- [1444  111]
3188 -- [2500 4114]
3189 -- [1843 3943]
3193 -- [4025 2211]
3195 -- [1229 1809]
3198 -- [3554 4437]
3217 -- [1349  908]
3222 -- [3403 2158]
3231 -- [1119 1808]
3233 -- [1892 1931]
3235 -- [1068 1542]
3236 -- [1623  700]
3239 -- [3912 4042]
3244 -- [1483 1097]
3248 -- [2158 4324]
3251 -- [1326 1292]
3254 -- [3583 4305]
3255 -- [2852 4120]
3256 -- [1454  751]
3258 -- [3363 4438]
3266 -- [4375 2333]
3268 -- [4220 4252]
3269 -- [613 646]
3276 -- [462 324]
3281 -- [1749  314]
3282 -- [637 257]
3295 -- [  92 1659]
3299 -- [ 223 1663]
3300 -- [1722  944]
3301 -- [  55 1703]
3302 -- [1129  751]
3307 -- [1479 1137]
3308 -- [4139 3834]
3315 -- [1542   48]
3317 -- [2173 2874]
3320 -- [452 137]
3324 -- [ 272 1044]
3339 -- [3297 3192]
3348 -- [773 804]
3349 -- [1918 3063]
3352 -- [1294  689]
3358 -- [2615 3590]
3362 -- [977 571]
3367 -- [4336 1894]
3370 -- [1117   52]
3371 -- [1612 1439]
3381 -- [4231 2586]
3389 -- [1422 1647]
3393 -- [1581  124]
3399 -- [2431 3967]
3406 -- [3432 4266]
3412 -- [2422 2061]
3417 -- [3526 3226]
3422 -- [1150  900]
3423 -- [657   9]
3426 -- [440 826]
3427 -- [1617 1411]
3436 -- [ 29 814]
3437 -- [4352 3303]
3440 -- [1274 1327]
3442 -- [4251 3667]
3444 -- [ 987 1188]
3448 -- [3357 4305]
3463 -- [2709 4343]
3470 -- [226 379]
3473 -- [198 962]
3480 -- [2600 4102]
3483 -- [4535 3818]
3484 -- [ 155 1041]
3493 -- [3453 2531]
3503 -- [ 691 1031]
3519 -- [1515 1396]
3531 -- [437 806]
3539 -- [4161 4133]
3550 -- [ 261 1131]
3551 -- [ 491 1135]
3557 -- [2840 3489]
3558 -- [2653 3847]
3572 -- [ 558 1326]
3574 -- [1145 1459]
3579 -- [960 506]
3580 -- [  96 1526]
3581 -- [1629  725]
3582 -- [3313 3702]
3585 -- [1538 1373]
3586 -- [3219 4434]
3588 -- [1515  377]
3589 -- [3847 2815]
3595 -- [3440 2275]
3596 -- [1011  662]
3598 -- [ 786 1770]
3599 -- [ 501 1265]
3606 -- [1497   36]
3612 -- [ 875 1496]
3616 -- [3033 4424]
3619 -- [1502  216]
3620 -- [2954 4220]
3623 -- [ 201 1641]
3628 -- [ 589 1586]
3631 -- [3452 2178]
3632 -- [917 975]
3640 -- [3847 3368]
3642 -- [3258 3543]
3647 -- [1742  452]
3652 -- [2838 2337]
3659 -- [ 937 1217]
3663 -- [1725 1746]
3664 -- [2852 4364]
3665 -- [1668  506]
3670 -- [865 128]
3671 -- [ 728 1706]
3672 -- [844 456]
3677 -- [3774 3875]
3682 -- [3001 4408]
3689 -- [860 241]
3691 -- [1319    8]
3693 -- [4205 2306]
3694 -- [1093  241]
3695 -- [1808 1506]
3699 -- [3442 3299]
3710 -- [1017 1720]
3724 -- [439 102]
3735 -- [1739  676]
3737 -- [1057 1701]
3739 -- [773 711]
3741 -- [2359 4438]
3742 -- [995  52]
3751 -- [1875 2204]
3752 -- [ 877 1093]
3755 -- [1524  981]
3763 -- [1626  444]
3767 -- [232 971]
3772 -- [2533 2659]
3776 -- [ 113 1098]
3787 -- [2824 2644]
3791 -- [3398 4196]
3793 -- [129 625]
3800 -- [3152 2854]
3806 -- [3452 3609]
3808 -- [2005 2531]
3811 -- [2852 2832]
3828 -- [828 947]
3829 -- [1297 1761]
3836 -- [ 474 1476]
3839 -- [1500  752]
3843 -- [ 787 1128]
3846 -- [3279 2874]
3852 -- [1545   85]
3859 -- [ 786 1369]
3869 -- [1421 1608]
3878 -- [2806 2703]
3880 -- [ 930 1235]
3881 -- [1055 1466]
3884 -- [ 542 1494]
3891 -- [3827 3262]
3893 -- [ 422 1100]
3895 -- [1324 1804]
3896 -- [643 495]
3902 -- [4242 4360]
3909 -- [1629  553]
3910 -- [ 937 1765]
3916 -- [1395 1624]
3918 -- [319 629]
3928 -- [1477  848]
3930 -- [3854 2305]
3933 -- [1416 1491]
3935 -- [1785  143]
3942 -- [1302  781]
3945 -- [3112 3064]
3957 -- [2223 3714]
3959 -- [1097 1115]
3968 -- [1168  325]
3970 -- [1671 1499]
3976 -- [725 797]
3979 -- [4091 4061]
3986 -- [2838 4577]
4002 -- [ 104 1422]
4003 -- [489 132]
4018 -- [ 742 1289]
4019 -- [ 293 1462]
4026 -- [4033 3263]
4034 -- [1823 4144]
4040 -- [1178  602]
4041 -- [247 788]
4042 -- [1096 1687]
4060 -- [3246 3503]
4065 -- [674 554]
4068 -- [3877 3206]
4078 -- [4408 4042]
4092 -- [2706 4070]
4096 -- [4439 2260]
4097 -- [436 359]
4100 -- [836  80]
4102 -- [2776 3313]
4106 -- [284 623]
4107 -- [2461 1971]
4112 -- [1893 1931]
4115 -- [1462  227]
4119 -- [811 493]
4123 -- [2606 3794]
4126 -- [4343 2712]
4134 -- [ 870 1771]
4136 -- [961   9]
4138 -- [4555 2824]
4139 -- [302 300]
4151 -- [4061 2526]
4165 -- [987 375]
4167 -- [1140  609]
4173 -- [1306 1404]
4176 -- [2304 4293]
4177 -- [3856 3539]
4178 -- [1672  980]
4179 -- [2173 1931]
4186 -- [ 997 1623]
4190 -- [3244 2536]
4197 -- [2305 2731]
4199 -- [802 443]
4208 -- [1536  808]
4214 -- [3064 4175]
4215 -- [1389 1465]
4219 -- [1053 1759]
4223 -- [4289 3176]
4226 -- [3375 2702]
4228 -- [3539 3405]
4230 -- [2461 4530]
4231 -- [3045 4433]
4250 -- [4437 1956]
4252 -- [3400 2804]
4253 -- [4129 2753]
4254 -- [3253 3006]
4261 -- [2169 1950]
4265 -- [ 412 1398]
4276 -- [453 774]
4277 -- [ 378 1334]
4279 -- [3955 3480]
4290 -- [3206 3292]
4295 -- [ 669 1745]
4302 -- [1983 2570]
4306 -- [ 165 1782]
4313 -- [1854 2619]
4319 -- [3154 3814]
4320 -- [3818 3600]
4323 -- [ 363 1586]
4324 -- [1510   56]
4325 -- [688 987]
4326 -- [2101 3912]
4329 -- [3798 3154]
4335 -- [2461 4245]
4337 -- [328 546]
4338 -- [1823 2730]
4341 -- [3692 3897]
4342 -- [2236 3034]
4346 -- [2334 4258]
4350 -- [2874 1858]
4356 -- [4365 3322]
4359 -- [2370 1969]
4362 -- [931  26]
4365 -- [656 532]
4366 -- [ 503 1185]
4367 -- [1149  422]
4368 -- [1641  765]
4371 -- [2998 2753]
4377 -- [3585 2114]
4378 -- [ 175 1186]
4384 -- [303 545]
4391 -- [388 445]
4397 -- [867 551]
4400 -- [3006 1899]
4403 -- [4517 3668]
4404 -- [ 660 1298]
4412 -- [ 470 1027]
4413 -- [4344 2025]
4418 -- [236 938]
4420 -- [1413 1020]
4423 -- [2849 3252]
4425 -- [1754  949]
4429 -- [3482 3258]
4431 -- [505 218]
4434 -- [1677  380]
4435 -- [2593 3440]
4436 -- [  16 1201]
4437 -- [1005  453]
4438 -- [1377  296]
4440 -- [ 113 1419]
4446 -- [ 674 1169]
4453 -- [4519 4302]
4454 -- [2180 4139]
4460 -- [2917 3618]
4463 -- [439 572]
4467 -- [ 78 875]
4468 -- [3084 1823]
4473 -- [1644 1205]
4474 -- [393 887]
4486 -- [ 839 1658]
4499 -- [2092 2454]
4504 -- [4158 4454]
4507 -- [ 62 308]
4508 -- [1980 4123]
4509 -- [1447  476]
4512 -- [1295  688]
4518 -- [3945 3943]
4521 -- [1338  114]
4523 -- [355 212]
4524 -- [1044  659]
4529 -- [572 844]
4540 -- [604 619]
4547 -- [ 409 1458]
4554 -- [4487 2747]
4561 -- [505 684]
4562 -- [3192 2573]
4564 -- [621 598]
4566 -- [3006 2623]
4567 -- [2724 2370]
4576 -- [1765  742]
4579 -- [917 940]
4588 -- [ 519 1131]
4590 -- [1553 1100]
4592 -- [ 947 1022]
4594 -- [390 508]
4597 -- [ 330 1705]
4604 -- [2558 2166]
4605 -- [ 648 1548]
4612 -- [3570 3613]
4615 -- [1130 1616]
4618 -- [1487 1531]
4623 -- [1530  415]
4626 -- [4196 3562]
4630 -- [ 619 1267]
4631 -- [3198 2334]
4632 -- [ 566 1382]
4634 -- [4220 2959]
4641 -- [471 350]
4656 -- [3540 3257]
4660 -- [3819 2508]
4666 -- [838  30]
4669 -- [4274 2358]
4672 -- [2597 3480]
4674 -- [4381 2755]
4676 -- [ 437 1558]
4678 -- [ 148 1447]
4679 -- [2915 4309]
4681 -- [1766 1634]
4686 -- [1421  254]
4691 -- [4044 3847]
4692 -- [2867 3989]
4702 -- [141 749]
4707 -- [3570 3660]
4726 -- [2753 1964]
4727 -- [1762  769]
4736 -- [1103  805]
4738 -- [1432 1099]
4740 -- [3901 4270]
4743 -- [3868 4267]
4753 -- [1483 1271]
4754 -- [523  95]
4758 -- [1725  380]
4764 -- [4061 4293]
4768 -- [3384 4433]
4771 -- [3835 2244]
4776 -- [2500 2596]
4777 -- [2619 3253]
4785 -- [2313 2084]
4787 -- [715 795]
-cl sat and violated: 2771 | 1638  | total #cl: 4409 | -violated weight: 1638
3 -- [1490 3094]
5 -- [4405 1775]
7 -- [2293  475]
8 -- [3541  831]
10 -- [1098 2342]
11 -- [2255 1192]
18 -- [1625 3289]
19 -- [ 882 2595]
24 -- [1038 1824]
25 -- [ 946 3336]
29 -- [ 275 3538]
31 -- [1330 2609]
32 -- [3564  490]
33 -- [  61 2100]
34 -- [1990 1542]
42 -- [ 627 2496]
47 -- [3235  204]
48 -- [ 262 2743]
49 -- [3958  562]
51 -- [3209 1343]
54 -- [4296  524]
55 -- [4090  949]
56 -- [3396 1665]
58 -- [3034 1790]
59 -- [3505 1362]
62 -- [3495 1415]
64 -- [ 395 3110]
66 -- [2479  780]
68 -- [ 913 4281]
70 -- [ 297 2118]
71 -- [2081  262]
72 -- [1439 4581]
86 -- [ 532 2897]
87 -- [3376 1615]
91 -- [2732  445]
92 -- [3221 1508]
96 -- [1124 3104]
97 -- [ 722 2860]
105 -- [3457  111]
110 -- [ 556 2783]
113 -- [1863  296]
120 -- [ 747 3637]
121 -- [1278 2480]
125 -- [3604 1041]
129 -- [1362 4143]
133 -- [2060   45]
134 -- [ 984 2432]
141 -- [ 676 4378]
142 -- [ 272 3831]
145 -- [3960  567]
146 -- [1988  977]
150 -- [1862 1700]
152 -- [2533  303]
163 -- [4352 1768]
164 -- [1072 1859]
165 -- [1609 4312]
169 -- [1950  615]
170 -- [1264 4388]
173 -- [3067  408]
175 -- [4485  694]
183 -- [ 449 3008]
185 -- [3319  334]
187 -- [ 334 2876]
191 -- [ 334 3520]
192 -- [  69 1930]
193 -- [4152 1297]
194 -- [2574 1584]
195 -- [ 320 2760]
199 -- [1706 4310]
203 -- [1399 3602]
205 -- [2415 1487]
207 -- [ 814 3805]
209 -- [1700 3252]
211 -- [2481  324]
212 -- [1600 3721]
213 -- [4593  519]
214 -- [3046 1323]
217 -- [ 323 3913]
218 -- [4274  511]
224 -- [3511  543]
226 -- [1332 2397]
232 -- [3943  238]
235 -- [4357  906]
243 -- [3745 1343]
248 -- [2484 1546]
249 -- [3154  872]
252 -- [3967  476]
257 -- [2480 1363]
258 -- [ 419 3999]
259 -- [  66 2539]
262 -- [ 299 3775]
273 -- [ 166 2872]
274 -- [4511  965]
276 -- [3698  175]
277 -- [ 323 3441]
280 -- [1745 3662]
283 -- [ 272 4526]
285 -- [3613  868]
287 -- [2069   63]
290 -- [2633  436]
291 -- [1463 4155]
295 -- [2800  306]
296 -- [2566   34]
297 -- [ 237 2593]
299 -- [3438  617]
300 -- [3395 1701]
305 -- [ 398 3251]
306 -- [2094 1746]
308 -- [2892  970]
310 -- [3386 1016]
320 -- [1478 1873]
321 -- [ 204 3376]
322 -- [2572 1694]
324 -- [1049 2862]
325 -- [ 399 4189]
328 -- [3226 1398]
331 -- [ 931 3011]
332 -- [3432  340]
333 -- [1019 2047]
335 -- [1037 2761]
336 -- [ 505 2281]
339 -- [  61 3743]
340 -- [ 533 3337]
342 -- [2565 1623]
343 -- [ 349 2276]
346 -- [2305 1282]
349 -- [ 903 1818]
358 -- [2681 1244]
362 -- [3329 1275]
367 -- [ 315 3475]
376 -- [ 148 2103]
377 -- [2434   89]
381 -- [1334 3450]
382 -- [3498 1792]
384 -- [1407 4538]
387 -- [1043 2558]
390 -- [1260 2596]
394 -- [1774 1922]
400 -- [2218  272]
401 -- [ 250 4146]
403 -- [1391 3069]
406 -- [4127 1799]
408 -- [3798    7]
411 -- [ 143 2303]
421 -- [ 681 3284]
422 -- [3069 1055]
423 -- [ 564 2061]
424 -- [ 553 2287]
426 -- [ 233 4069]
429 -- [3669   34]
430 -- [3005   67]
433 -- [2298 1347]
434 -- [1697 2499]
435 -- [1006 2090]
439 -- [ 275 2308]
440 -- [4068 1101]
442 -- [3476 1259]
443 -- [2550 1399]
444 -- [1749 1855]
446 -- [1873   76]
447 -- [ 607 4289]
449 -- [4404 1040]
452 -- [1031 4012]
454 -- [2056 1805]
457 -- [ 752 2285]
460 -- [ 782 4530]
462 -- [2409  711]
463 -- [1716 3999]
466 -- [ 587 3134]
467 -- [3808  676]
468 -- [1028 3626]
469 -- [2238 1449]
475 -- [3560  444]
476 -- [2512  893]
478 -- [1654 3151]
480 -- [4422  432]
481 -- [3975 1146]
483 -- [3009  613]
485 -- [3603 1697]
492 -- [4552 1637]
496 -- [ 296 4477]
498 -- [2698 1703]
500 -- [2746 1711]
504 -- [  43 4367]
506 -- [1695 2421]
509 -- [  18 3135]
510 -- [1715 3956]
518 -- [ 579 3041]
521 -- [4102  480]
524 -- [ 512 2706]
526 -- [ 148 4178]
527 -- [1437 4404]
533 -- [ 587 3332]
536 -- [  13 3118]
537 -- [1006 2128]
539 -- [1968  360]
542 -- [ 751 1841]
543 -- [2247 1745]
544 -- [2196 1118]
545 -- [2284 1011]
549 -- [1530 2875]
550 -- [ 602 2547]
551 -- [3033  360]
554 -- [1674 3010]
557 -- [1621 4064]
558 -- [1866 1011]
560 -- [2629  981]
562 -- [1135 2077]
563 -- [ 385 2223]
567 -- [1640 2231]
570 -- [2883 1233]
575 -- [ 684 4387]
577 -- [4347  868]
578 -- [ 296 3052]
579 -- [4393  225]
580 -- [ 500 1972]
581 -- [ 441 4149]
589 -- [1881  553]
590 -- [3857  712]
592 -- [ 790 2878]
595 -- [ 404 3973]
602 -- [3996  331]
603 -- [1219 3755]
604 -- [2004  128]
605 -- [2431 1668]
608 -- [1745 2674]
610 -- [3585  901]
612 -- [4437 1148]
615 -- [1513 4168]
616 -- [3613  517]
617 -- [3669   20]
619 -- [3685 1781]
628 -- [2280 1407]
644 -- [ 393 2311]
651 -- [ 444 1987]
652 -- [4075  331]
655 -- [3047  197]
658 -- [ 725 3990]
665 -- [4337  334]
668 -- [1110 3051]
669 -- [1016 3898]
673 -- [1517 4231]
674 -- [ 591 1936]
682 -- [1694 2224]
684 -- [ 457 2970]
689 -- [4149  759]
690 -- [ 522 2194]
693 -- [2340  689]
700 -- [3842 1126]
701 -- [ 504 2211]
702 -- [2546  559]
704 -- [ 983 3501]
707 -- [ 398 2872]
708 -- [2036 1115]
710 -- [1735 3369]
714 -- [ 962 2440]
717 -- [ 583 2114]
721 -- [2225 1396]
722 -- [ 103 2306]
726 -- [4347  505]
727 -- [3407 1589]
729 -- [2972  434]
730 -- [ 482 4282]
731 -- [2122  421]
732 -- [ 471 4414]
737 -- [4203  821]
740 -- [ 545 4000]
741 -- [ 474 3227]
745 -- [3235 1701]
747 -- [3974  921]
748 -- [ 443 2160]
751 -- [3677  917]
752 -- [2225  895]
755 -- [2662 1804]
757 -- [1046 3192]
763 -- [2015  379]
765 -- [2591  535]
773 -- [4035 1697]
776 -- [2513 1774]
781 -- [ 243 2009]
782 -- [ 870 2398]
784 -- [2525  124]
785 -- [1661 2442]
789 -- [1330 4160]
792 -- [4233  208]
795 -- [3984  197]
797 -- [ 890 3723]
799 -- [ 589 3772]
800 -- [2354 1656]
806 -- [ 212 2832]
808 -- [ 214 3753]
809 -- [1043 2219]
810 -- [4201    3]
814 -- [1515 1879]
824 -- [1384 3337]
825 -- [2319  619]
830 -- [1778 4439]
832 -- [4106 1774]
834 -- [2675 1726]
837 -- [2963  852]
841 -- [1390 4524]
844 -- [2348   10]
845 -- [ 464 3044]
854 -- [1545 4237]
860 -- [2114   62]
861 -- [4354  716]
863 -- [1227 3494]
868 -- [ 143 4162]
871 -- [1918  574]
878 -- [4523  681]
880 -- [1891  626]
883 -- [1560 2340]
885 -- [1072 3876]
888 -- [3154 1802]
891 -- [2526  185]
892 -- [3395  535]
893 -- [1093 4373]
896 -- [3679  315]
902 -- [2260  846]
904 -- [2271  840]
910 -- [1124 2969]
912 -- [4392 1415]
916 -- [ 249 2149]
919 -- [2052 1526]
921 -- [1415 3948]
927 -- [4441 1567]
933 -- [ 843 2736]
934 -- [ 738 4423]
935 -- [1330 3219]
939 -- [ 726 3876]
942 -- [3574   10]
946 -- [3336  249]
949 -- [ 796 2374]
950 -- [ 194 1966]
951 -- [ 520 2696]
957 -- [2226 1041]
958 -- [3856  966]
966 -- [3027   33]
967 -- [3348 1521]
969 -- [4504 1723]
971 -- [  46 4265]
972 -- [1323 2347]
973 -- [1456 2053]
974 -- [ 728 2139]
977 -- [1962  262]
980 -- [ 524 2011]
984 -- [ 463 2041]
988 -- [ 874 2301]
990 -- [4553 1799]
991 -- [4203  626]
992 -- [ 905 3441]
994 -- [2201  524]
998 -- [3682   30]
1001 -- [ 150 2053]
1005 -- [2328 1189]
1011 -- [ 427 4274]
1013 -- [ 534 2316]
1018 -- [2976 1600]
1021 -- [ 133 3048]
1022 -- [ 441 3920]
1023 -- [1829  671]
1025 -- [1259 2019]
1028 -- [4226 1223]
1029 -- [2236  332]
1030 -- [ 745 2143]
1037 -- [3102  870]
1039 -- [ 361 3573]
1042 -- [4554 1507]
1046 -- [2880 1775]
1047 -- [ 627 4207]
1048 -- [ 549 2380]
1049 -- [3426  369]
1050 -- [ 544 2364]
1055 -- [1543 2911]
1057 -- [2472  179]
1059 -- [4204  184]
1068 -- [3654  391]
1069 -- [2021  262]
1071 -- [4450 1421]
1072 -- [ 853 2527]
1073 -- [ 281 2313]
1074 -- [1487 3126]
1076 -- [1305 2438]
1077 -- [3761  481]
1080 -- [2890 1521]
1084 -- [2013 1026]
1086 -- [1857  496]
1090 -- [3818   59]
1093 -- [1687 3066]
1094 -- [ 664 3412]
1095 -- [1402 3283]
1096 -- [1206 3068]
1097 -- [2593  339]
1099 -- [2222 1504]
1100 -- [ 542 1815]
1102 -- [1336 3130]
1103 -- [3377 1105]
1106 -- [ 366 3679]
1110 -- [ 934 4146]
1114 -- [1680 3927]
1115 -- [2434 1100]
1119 -- [3727    4]
1120 -- [2177  744]
1121 -- [3197 1556]
1122 -- [4207  882]
1124 -- [3917  321]
1126 -- [ 329 2999]
1127 -- [2311 1414]
1130 -- [3895  650]
1144 -- [2472  814]
1145 -- [2156  509]
1146 -- [1189 2566]
1158 -- [2838  847]
1159 -- [4284  369]
1160 -- [3064  760]
1163 -- [4462 1717]
1166 -- [1264 4172]
1169 -- [3998  133]
1170 -- [4337  363]
1172 -- [3026  645]
1173 -- [3440 1035]
1174 -- [1197 2284]
1176 -- [4091 1736]
1177 -- [ 596 3067]
1188 -- [2039  130]
1192 -- [1118 2416]
1193 -- [ 844 2676]
1194 -- [ 764 2619]
1204 -- [1717 2226]
1206 -- [1063 3677]
1207 -- [ 454 2968]
1208 -- [1550 3840]
1209 -- [ 324 1932]
1210 -- [3630 1775]
1214 -- [ 204 2323]
1215 -- [3445 1722]
1216 -- [ 476 2989]
1218 -- [3480 1086]
1222 -- [4302 1183]
1224 -- [2338 1072]
1226 -- [ 779 4093]
1227 -- [2559  873]
1228 -- [1792 2076]
1233 -- [1083 1903]
1236 -- [2062   63]
1240 -- [3247 1384]
1242 -- [1796 4268]
1248 -- [2542  233]
1249 -- [ 116 2118]
1250 -- [1173 2577]
1253 -- [4236 1083]
1254 -- [2335 1332]
1256 -- [ 922 2948]
1257 -- [ 599 3358]
1259 -- [ 549 3077]
1263 -- [1130 2922]
1265 -- [2247  524]
1266 -- [ 375 2308]
1270 -- [3000 1053]
1273 -- [ 466 3028]
1275 -- [ 111 3120]
1276 -- [   0 1822]
1284 -- [1037 3318]
1290 -- [ 692 4439]
1291 -- [3154  157]
1292 -- [1650 3967]
1293 -- [2339 1386]
1295 -- [3215  931]
1296 -- [3357  214]
1302 -- [4198 1554]
1303 -- [3447 1550]
1304 -- [3474 1497]
1305 -- [4423 1299]
1309 -- [2732  578]
1310 -- [4326  203]
1311 -- [4218 1146]
1315 -- [1661 4019]
1318 -- [3006  986]
1319 -- [1343 2768]
1331 -- [2408 1083]
1335 -- [1149 2323]
1337 -- [1918  486]
1339 -- [ 363 3294]
1342 -- [ 246 3003]
1345 -- [4289  817]
1347 -- [3984 1206]
1349 -- [2104  334]
1352 -- [1695 4073]
1356 -- [ 599 4283]
1357 -- [2471  473]
1359 -- [1317 4589]
1362 -- [4051 1594]
1363 -- [ 738 2620]
1364 -- [3626  439]
1370 -- [3147  768]
1376 -- [1681 2480]
1386 -- [3816  598]
1387 -- [1126 4334]
1389 -- [2389  913]
1391 -- [3563  538]
1392 -- [2221  390]
1395 -- [3511   89]
1396 -- [1550 3667]
1398 -- [1227 3587]
1399 -- [ 589 3319]
1400 -- [3126 1677]
1407 -- [3956  675]
1409 -- [ 399 2273]
1414 -- [3216 1338]
1415 -- [2285  783]
1421 -- [3427  208]
1422 -- [1947  323]
1424 -- [1635 1976]
1425 -- [2563 1490]
1431 -- [2521  773]
1435 -- [4280  333]
1437 -- [ 778 3258]
1442 -- [1855  501]
1445 -- [1841 1041]
1453 -- [2886  111]
1457 -- [1538 3422]
1460 -- [ 948 2010]
1461 -- [ 609 3568]
1463 -- [1600 1842]
1464 -- [ 625 3038]
1465 -- [1723 3758]
1468 -- [2734 1735]
1470 -- [1507 4304]
1472 -- [ 917 2806]
1475 -- [2347  369]
1478 -- [2841 1506]
1490 -- [4170 1085]
1495 -- [2033  474]
1500 -- [ 901 2926]
1502 -- [2461  508]
1503 -- [2622 1287]
1504 -- [1029 4251]
1505 -- [ 631 4515]
1506 -- [2475 1659]
1513 -- [1610 2112]
1515 -- [2387  308]
1518 -- [1232 3265]
1520 -- [2625  181]
1524 -- [4346  128]
1528 -- [ 792 3018]
1530 -- [2902  272]
1532 -- [2196 1011]
1536 -- [4454  817]
1538 -- [1660 3595]
1545 -- [  16 2843]
1547 -- [2261  322]
1548 -- [1432 4078]
1549 -- [ 627 2504]
1550 -- [3239  948]
1551 -- [2575 1045]
1553 -- [1242 3428]
1555 -- [2988 1617]
1557 -- [1554 4359]
1558 -- [3898  235]
1563 -- [4004  533]
1564 -- [3767  545]
1566 -- [2004  393]
1570 -- [  10 3379]
1571 -- [2437 1321]
1572 -- [ 250 3279]
1580 -- [2980 1690]
1581 -- [1212 3596]
1583 -- [ 655 2409]
1585 -- [3054 1205]
1596 -- [2802   53]
1597 -- [1533 2558]
1598 -- [ 112 2788]
1599 -- [1504 2476]
1600 -- [4282 1344]
1602 -- [ 774 3243]
1604 -- [3714 1038]
1607 -- [ 853 2265]
1610 -- [1850  501]
1611 -- [ 728 3303]
1612 -- [3154  654]
1616 -- [3557  547]
1617 -- [4360  990]
1620 -- [ 949 2690]
1621 -- [3505  867]
1624 -- [ 783 3840]
1625 -- [1091 4552]
1626 -- [2446  981]
1629 -- [ 676 4008]
1630 -- [1852 1733]
1632 -- [1687 3527]
1633 -- [2963  267]
1635 -- [2635  768]
1637 -- [3323  840]
1641 -- [ 625 4226]
1643 -- [  48 3869]
1644 -- [ 652 3950]
1649 -- [ 169 4289]
1650 -- [2467  469]
1656 -- [3595 1119]
1657 -- [ 689 4506]
1665 -- [ 464 1866]
1671 -- [4389  506]
1672 -- [ 949 3399]
1673 -- [1124 2089]
1677 -- [1183 2852]
1678 -- [1993 1721]
1685 -- [ 545 2591]
1690 -- [1660 2983]
1691 -- [1508 1940]
1697 -- [1581 4404]
1700 -- [3173   53]
1703 -- [ 481 1837]
1710 -- [   7 3409]
1712 -- [2827  261]
1723 -- [  80 2390]
1726 -- [1449 3077]
1727 -- [1192 3822]
1729 -- [3101 1322]
1730 -- [1788 4428]
1735 -- [ 650 3066]
1737 -- [3688 1145]
1741 -- [   4 1871]
1746 -- [3431    5]
1747 -- [ 210 3427]
1748 -- [ 128 4444]
1750 -- [ 318 3221]
1752 -- [ 585 2911]
1753 -- [1955  204]
1754 -- [1123 3652]
1755 -- [1787 3052]
1758 -- [2418  501]
1759 -- [ 579 3663]
1760 -- [3571  666]
1762 -- [2683 1112]
1763 -- [ 668 4550]
1767 -- [ 339 4502]
1770 -- [1526 4422]
1771 -- [2248 1556]
1774 -- [3516 1559]
1777 -- [3408 1241]
1782 -- [ 152 2630]
1784 -- [1665 4084]
1785 -- [2237  737]
1787 -- [ 301 3116]
1791 -- [4276 1105]
1795 -- [1249 2143]
1801 -- [1006 4419]
1802 -- [2973  520]
1804 -- [ 214 4043]
1806 -- [1538 3462]
1807 -- [  57 2884]
1811 -- [3926  783]
1814 -- [ 307 3009]
1815 -- [1443 2650]
1818 -- [1781 4171]
1822 -- [1677 2399]
1825 -- [ 774 3538]
1827 -- [3281 1043]
1829 -- [4330 1686]
1833 -- [1892 1805]
1835 -- [4117 1560]
1839 -- [3565 1738]
1842 -- [1850  694]
1844 -- [1104 2814]
1846 -- [1123 2641]
1848 -- [1821  355]
1849 -- [1577 1871]
1859 -- [3729  196]
1864 -- [1892  668]
1866 -- [1149 1927]
1869 -- [  49 3035]
1870 -- [3440 1313]
1874 -- [ 469 3542]
1876 -- [4001  582]
1878 -- [1092 3899]
1880 -- [1449 4418]
1881 -- [3478 1554]
1882 -- [ 299 3804]
1883 -- [ 501 3321]
1885 -- [1579 3297]
1888 -- [1513 2594]
1891 -- [3377  681]
1893 -- [3624 1316]
1896 -- [3877   20]
1899 -- [1154 1991]
1900 -- [2365  351]
1901 -- [3392  296]
1902 -- [ 626 4244]
1907 -- [3127  505]
1908 -- [1830  617]
1911 -- [ 217 1867]
1912 -- [2090 1656]
1913 -- [1305 4272]
1914 -- [2802    7]
1915 -- [3082  363]
1916 -- [3414 1115]
1919 -- [ 427 3774]
1920 -- [4150 1006]
1925 -- [3489 1206]
1928 -- [2172  596]
1933 -- [ 316 4158]
1934 -- [2333  160]
1936 -- [2223  370]
1937 -- [3637  803]
1939 -- [1639 3776]
1940 -- [1695 2120]
1942 -- [2514  148]
1943 -- [2231  479]
1945 -- [2147 1530]
1947 -- [2463 1463]
1948 -- [2773 1504]
1958 -- [ 549 2410]
1960 -- [2720   40]
1963 -- [ 379 3475]
1964 -- [1762 2714]
1965 -- [2122 1247]
1973 -- [2237  204]
1974 -- [4593 1030]
1980 -- [3997 1263]
1983 -- [ 340 2946]
1989 -- [2355 1665]
1991 -- [2772  882]
1992 -- [2051 1154]
1994 -- [4392 1006]
1995 -- [4155  141]
1996 -- [ 133 3748]
2000 -- [3707  225]
2002 -- [2496 1736]
2004 -- [  50 3059]
2006 -- [1386 2114]
2008 -- [ 399 3212]
2009 -- [2689 1127]
2017 -- [4359 1011]
2019 -- [2430 1700]
2022 -- [2787 1049]
2025 -- [3399  538]
2029 -- [1728 3006]
2031 -- [ 532 3696]
2032 -- [ 470 2034]
2036 -- [ 655 1941]
2037 -- [ 476 3564]
2038 -- [ 262 2245]
2039 -- [4159 1192]
2041 -- [ 371 3184]
2042 -- [1185 3149]
2045 -- [ 355 3136]
2046 -- [ 596 4324]
2049 -- [ 916 3573]
2053 -- [1415 4155]
2056 -- [1871 1016]
2057 -- [3795  860]
2058 -- [2752 1687]
2059 -- [4545 1733]
2062 -- [3545 1104]
2063 -- [  11 2209]
2065 -- [ 340 3085]
2068 -- [4382 1446]
2072 -- [ 889 3326]
2073 -- [ 181 3090]
2074 -- [ 227 3122]
2077 -- [4290   30]
2078 -- [2839 1544]
2081 -- [4132  393]
2083 -- [ 853 4391]
2091 -- [ 799 4108]
2092 -- [ 522 2643]
2094 -- [ 329 4239]
2095 -- [1751 2346]
2097 -- [2904 1246]
2098 -- [1694 3927]
2099 -- [4442 1732]
2100 -- [2002 1112]
2103 -- [ 602 2713]
2104 -- [4027 1433]
2105 -- [3527 1550]
2106 -- [3238 1610]
2107 -- [3272  968]
2109 -- [ 687 3400]
2119 -- [3001  327]
2120 -- [3925  452]
2122 -- [3055  113]
2123 -- [3261 1060]
2124 -- [3260 1538]
2125 -- [1089 3088]
2127 -- [1871  353]
2128 -- [2638  535]
2132 -- [ 868 1883]
2133 -- [3163 1687]
2135 -- [1979  669]
2137 -- [1415 4007]
2138 -- [1640 2981]
2140 -- [2011 1635]
2143 -- [1966  204]
2144 -- [2892  849]
2145 -- [2083  773]
2146 -- [2531  665]
2147 -- [3036  194]
2148 -- [4340  175]
2149 -- [ 803 2938]
2150 -- [1603 2143]
2151 -- [4126 1146]
2153 -- [3067 1227]
2157 -- [2341 1089]
2162 -- [2892 1582]
2170 -- [1542 3007]
2171 -- [ 626 3168]
2175 -- [ 981 2349]
2177 -- [ 479 3043]
2181 -- [2446  143]
2182 -- [ 610 2812]
2185 -- [ 317 2947]
2189 -- [ 214 1969]
2193 -- [3600 1407]
2196 -- [1343 3700]
2200 -- [1546 1933]
2203 -- [3093  152]
2205 -- [ 339 4063]
2206 -- [3765 1649]
2211 -- [2340  712]
2216 -- [1205 2636]
2217 -- [1436 3258]
2220 -- [   7 3426]
2221 -- [3333 1439]
2222 -- [ 375 3291]
2225 -- [ 920 3004]
2229 -- [1146 2570]
2231 -- [ 905 2807]
2232 -- [1661 2265]
2234 -- [3965  197]
2235 -- [1262 2476]
2236 -- [ 390 3213]
2238 -- [ 853 1887]
2241 -- [3526  419]
2246 -- [1383 1877]
2250 -- [2719  517]
2252 -- [4113  259]
2254 -- [2680 1083]
2255 -- [1549 2948]
2258 -- [4505 1011]
2260 -- [ 635 4503]
2261 -- [ 449 2086]
2265 -- [2243  660]
2269 -- [3980 1700]
2272 -- [ 819 2114]
2277 -- [ 561 3045]
2281 -- [2720  578]
2282 -- [2533  575]
2285 -- [ 393 1815]
2286 -- [2059 1334]
2289 -- [1658 3579]
2291 -- [ 233 3145]
2293 -- [1085 3273]
2296 -- [1219 3963]
2298 -- [ 214 2975]
2301 -- [3830 1700]
2304 -- [1792 3857]
2316 -- [2776  409]
2317 -- [1508 4224]
2318 -- [3407 1123]
2320 -- [1105 3045]
2322 -- [4391 1263]
2327 -- [1996  900]
2331 -- [1497 3337]
2332 -- [  34 2594]
2338 -- [3283 1790]
2339 -- [ 299 2866]
2341 -- [1170 2752]
2347 -- [1432 2499]
2348 -- [4369  593]
2349 -- [2402 1319]
2350 -- [2012    4]
2352 -- [ 946 3048]
2358 -- [2899 1550]
2359 -- [1621 2452]
2360 -- [1680 2175]
2361 -- [3320  579]
2373 -- [  35 2115]
2376 -- [2170  434]
2377 -- [1661 2831]
2378 -- [1028 1939]
2379 -- [2740  951]
2381 -- [ 579 1962]
2383 -- [1711 2584]
2389 -- [1019 3536]
2390 -- [2972  315]
2393 -- [3259 1406]
2397 -- [3736 1344]
2405 -- [ 899 3662]
2407 -- [ 646 3150]
2408 -- [2940 1463]
2409 -- [3460  400]
2410 -- [   5 4419]
2412 -- [1264 4568]
2414 -- [1695 1971]
2422 -- [ 208 3523]
2426 -- [1709 4384]
2432 -- [4334 1661]
2433 -- [ 334 3421]
2434 -- [1301 4289]
2437 -- [4585   35]
2445 -- [1102 3003]
2452 -- [3176  233]
2455 -- [1714 2185]
2456 -- [4182  544]
2458 -- [3483  899]
2459 -- [1407 3316]
2461 -- [1364 4404]
2462 -- [3654 1559]
2463 -- [3578 1637]
2468 -- [2899  148]
2474 -- [ 308 4029]
2479 -- [ 536 3726]
2481 -- [1746 3161]
2482 -- [  40 2250]
2487 -- [ 603 3510]
2490 -- [ 591 2848]
2491 -- [1316 4459]
2494 -- [3760 1344]
2500 -- [ 262 2573]
2504 -- [1415 2535]
2505 -- [3494 1507]
2508 -- [  27 2762]
2512 -- [3792 1076]
2516 -- [1483 3283]
2518 -- [4517 1728]
2519 -- [ 501 3014]
2521 -- [3618  920]
2522 -- [ 603 1983]
2524 -- [1415 2796]
2526 -- [ 322 4064]
2531 -- [ 260 2039]
2532 -- [3487 1335]
2534 -- [3503  661]
2538 -- [1112 2347]
2542 -- [3051 1663]
2543 -- [1684 2991]
2546 -- [2519  627]
2547 -- [2477  534]
2548 -- [1513 1955]
2550 -- [1027 2586]
2551 -- [ 742 3412]
2552 -- [ 441 3046]
2553 -- [ 579 3737]
2555 -- [2060  268]
2558 -- [2574  814]
2559 -- [ 617 3005]
2560 -- [2222  962]
2572 -- [2843 1019]
2574 -- [3629  227]
2583 -- [2331  392]
2589 -- [2895  622]
2590 -- [2303 1433]
2591 -- [ 319 3709]
2594 -- [3062 1455]
2603 -- [ 593 2847]
2604 -- [3044  161]
2605 -- [2000  783]
2611 -- [2879  322]
2612 -- [4560 1792]
2617 -- [1170 4365]
2625 -- [4051 1064]
2627 -- [3984  294]
2629 -- [1422 2548]
2632 -- [ 567 3584]
2633 -- [2525  890]
2634 -- [4100  331]
2638 -- [2546   39]
2640 -- [3787 1675]
2641 -- [3260  622]
2651 -- [  61 2420]
2652 -- [4375 1242]
2653 -- [2678 1344]
2656 -- [  67 3017]
2657 -- [1556 4488]
2658 -- [ 788 2123]
2659 -- [3242   61]
2666 -- [4217  948]
2667 -- [ 432 3574]
2672 -- [3197  175]
2676 -- [1710 3911]
2677 -- [3957  321]
2678 -- [2591  848]
2684 -- [2422  587]
2685 -- [4446  783]
2687 -- [ 874 4396]
2688 -- [2792 1435]
2689 -- [ 244 4055]
2690 -- [1432 3674]
2693 -- [ 601 3159]
2694 -- [ 246 2703]
2699 -- [2061  785]
2700 -- [2529 1290]
2701 -- [3329 1562]
2702 -- [1017 2474]
2706 -- [2597  434]
2712 -- [ 821 3578]
2714 -- [3896   81]
2715 -- [3814 1241]
2716 -- [1083 2418]
2717 -- [1194 3666]
2718 -- [1501 3006]
2719 -- [1336 3248]
2727 -- [1197 3149]
2729 -- [ 519 3703]
2732 -- [ 524 4032]
2733 -- [ 369 3837]
2734 -- [1618 4265]
2735 -- [1349 1942]
2736 -- [1746 4084]
2752 -- [3325    0]
2754 -- [1526 3049]
2755 -- [4134 1658]
2756 -- [4449 1577]
2762 -- [1713 3721]
2763 -- [ 294 3343]
2767 -- [2224  788]
2769 -- [2033 1415]
2770 -- [ 299 2965]
2771 -- [2003  468]
2775 -- [3901 1088]
2776 -- [2846  340]
2777 -- [1178 2061]
2778 -- [1145 3911]
2779 -- [3154  132]
2783 -- [2571  262]
2785 -- [2472  969]
2786 -- [2543  128]
2787 -- [3347 1404]
2791 -- [ 781 2029]
2796 -- [ 501 3303]
2798 -- [1127 4176]
2801 -- [ 937 3222]
2804 -- [1384 4457]
2805 -- [2147 1219]
2806 -- [1390 2371]
2810 -- [ 527 4420]
2815 -- [4427 1391]
2816 -- [3583 1474]
2819 -- [1690 2709]
2820 -- [1567 1875]
2821 -- [2271 1416]
2823 -- [2669 1408]
2824 -- [1621 2266]
2826 -- [2302 1230]
2827 -- [2615 1549]
2831 -- [1432 3030]
2832 -- [1532 4370]
2836 -- [4594  613]
2837 -- [4001 1677]
2838 -- [1398 1930]
2839 -- [2763  635]
2844 -- [2281  631]
2845 -- [1615 2723]
2846 -- [3635  779]
2850 -- [ 496 1870]
2851 -- [ 438 4376]
2853 -- [1687 2285]
2855 -- [4281  596]
2856 -- [ 321 4399]
2861 -- [2535   32]
2863 -- [4106 1542]
2865 -- [   0 3179]
2869 -- [3261 1393]
2871 -- [3587 1383]
2875 -- [ 299 3618]
2876 -- [3164 1050]
2877 -- [4153 1368]
2888 -- [2104 1710]
2893 -- [ 478 3419]
2894 -- [ 561 3086]
2897 -- [3465 1671]
2899 -- [4373 1093]
2904 -- [1064 3463]
2908 -- [ 165 2684]
2910 -- [1137 3604]
2913 -- [3525  225]
2915 -- [1101 4361]
2919 -- [3306  133]
2920 -- [4578  479]
2921 -- [ 267 3798]
2926 -- [1895  962]
2933 -- [  94 4066]
2934 -- [2551  794]
2940 -- [4275 1195]
2944 -- [4340  949]
2947 -- [2881 1344]
2948 -- [3066  799]
2951 -- [ 325 3699]
2954 -- [2808 1135]
2956 -- [ 451 3760]
2959 -- [ 333 4255]
2962 -- [ 971 2396]
2968 -- [ 307 3920]
2970 -- [3215  609]
2983 -- [3471 1260]
2984 -- [4335 1674]
2987 -- [4373 1338]
2995 -- [4282  721]
2997 -- [4024  681]
3001 -- [1922  235]
3002 -- [ 351 3012]
3003 -- [2661  368]
3005 -- [ 519 3947]
3006 -- [2105  355]
3007 -- [2141  319]
3010 -- [3855 1100]
3013 -- [ 360 2005]
3014 -- [2223 1479]
3016 -- [1600 4584]
3018 -- [3729 1207]
3024 -- [ 860 3738]
3026 -- [3717  535]
3027 -- [4339  783]
3035 -- [4178  545]
3038 -- [ 674 2726]
3042 -- [1399 3306]
3043 -- [3315  745]
3044 -- [ 466 2065]
3046 -- [1536 3068]
3048 -- [  80 2425]
3050 -- [3914  873]
3051 -- [  95 3655]
3054 -- [2641  601]
3056 -- [1916 1219]
3061 -- [1701 3375]
3062 -- [ 697 2462]
3063 -- [1887 1487]
3065 -- [2630 1589]
3066 -- [  52 2576]
3069 -- [1134 3535]
3071 -- [4087   67]
3072 -- [2834  289]
3073 -- [2895 1100]
3076 -- [2313  422]
3080 -- [1398 3287]
3081 -- [3396 1678]
3085 -- [ 136 4210]
3086 -- [2517  520]
3087 -- [ 487 4274]
3089 -- [1869  490]
3090 -- [ 303 3956]
3092 -- [2216 1290]
3093 -- [1316 3710]
3097 -- [3499  783]
3098 -- [ 393 3324]
3102 -- [1393 3201]
3111 -- [1148 4487]
3114 -- [2391 1705]
3116 -- [2582  250]
3117 -- [1335 4248]
3119 -- [3404 1037]
3120 -- [2513  795]
3132 -- [ 247 3526]
3138 -- [ 912 2184]
3142 -- [1633 4487]
3149 -- [   7 3078]
3151 -- [ 796 4218]
3152 -- [2519  591]
3155 -- [4367 1703]
3157 -- [3582 1319]
3159 -- [1701 3279]
3165 -- [4599  531]
3168 -- [ 947 2595]
3172 -- [2069 1521]
3182 -- [1884  631]
3183 -- [1878 1120]
3186 -- [3050  668]
3188 -- [3022 1674]
3189 -- [ 522 2064]
3198 -- [2072  363]
3199 -- [ 593 2047]
3201 -- [4251 1598]
3205 -- [  80 4075]
3209 -- [ 751 3448]
3210 -- [4081  506]
3211 -- [ 351 2035]
3212 -- [3652 1508]
3215 -- [1031 3188]
3217 -- [ 874 4398]
3218 -- [4485  496]
3224 -- [1675 2063]
3227 -- [ 437 4198]
3228 -- [1508 1952]
3232 -- [  94 4587]
3236 -- [2028  786]
3241 -- [ 194 3228]
3242 -- [ 533 2249]
3245 -- [3888 1734]
3247 -- [2816  844]
3256 -- [4332  807]
3258 -- [1774 3337]
3260 -- [3093 1028]
3264 -- [1432 3310]
3274 -- [4425   26]
3275 -- [1242 3902]
3276 -- [2938  520]
3278 -- [2233  307]
3279 -- [1242 2756]
3282 -- [ 716 4155]
3283 -- [1159 4075]
3286 -- [3727 1246]
3288 -- [3505    7]
3289 -- [ 505 3619]
3290 -- [ 694 2472]
3294 -- [3355 1468]
3297 -- [4232 1746]
3298 -- [4561  321]
3300 -- [2619   48]
3303 -- [3542 1089]
3304 -- [ 962 3739]
3307 -- [3278 1331]
3311 -- [4486  138]
3315 -- [4224 1126]
3319 -- [ 490 2820]
3320 -- [ 181 3787]
3321 -- [1185 4367]
3323 -- [1287 2007]
3325 -- [1041 3472]
3330 -- [ 523 4430]
3335 -- [1429 4505]
3337 -- [1402 2538]
3338 -- [ 807 2496]
3340 -- [2441  795]
3342 -- [ 821 4431]
3344 -- [1017 3991]
3346 -- [1906  840]
3347 -- [3309 1144]
3348 -- [1224 2948]
3349 -- [ 262 1972]
3354 -- [3788  841]
3355 -- [2126  981]
3359 -- [2674 1736]
3360 -- [4232 1331]
3362 -- [ 161 3446]
3363 -- [1823  539]
3366 -- [ 637 3602]
3369 -- [2049  457]
3371 -- [ 599 4109]
3372 -- [ 853 2592]
3374 -- [ 527 4054]
3378 -- [  89 3071]
3379 -- [1005 4079]
3381 -- [  50 3969]
3382 -- [4246  235]
3391 -- [1855 1039]
3398 -- [1738 2108]
3401 -- [2246  848]
3404 -- [4268  406]
3414 -- [ 316 3502]
3418 -- [ 220 1994]
3420 -- [4308 1058]
3424 -- [4368  284]
3426 -- [4174  371]
3430 -- [3840   80]
3431 -- [4409  522]
3432 -- [1332 4469]
3434 -- [ 573 4441]
3440 -- [3286 1577]
3441 -- [1804 2455]
3445 -- [ 625 2338]
3447 -- [4122  404]
3452 -- [ 900 3265]
3453 -- [3343  227]
3456 -- [ 795 3736]
3457 -- [4028 1614]
3459 -- [1263 3156]
3465 -- [3921 1474]
3466 -- [3175  613]
3467 -- [2418  496]
3469 -- [3924  948]
3471 -- [ 627 4130]
3474 -- [ 134 2111]
3476 -- [ 946 1955]
3478 -- [2416  913]
3480 -- [1800 2266]
3481 -- [2755  992]
3485 -- [ 705 4111]
3486 -- [4305   58]
3487 -- [2544 1124]
3490 -- [3596 1506]
3491 -- [4355  404]
3494 -- [3230 1734]
3499 -- [1092 4578]
3502 -- [1775 2498]
3503 -- [3703  821]
3505 -- [2997 1701]
3506 -- [1179 2061]
3507 -- [ 111 2729]
3509 -- [2461  580]
3512 -- [4042  536]
3513 -- [3450  624]
3516 -- [ 721 2672]
3517 -- [4484  689]
3521 -- [  78 2343]
3522 -- [ 204 2486]
3525 -- [4140  807]
3531 -- [ 705 3832]
3532 -- [3348   16]
3533 -- [2051 1714]
3541 -- [ 728 2889]
3543 -- [4017  152]
3547 -- [2557  409]
3549 -- [ 768 2734]
3551 -- [4267  973]
3554 -- [2896  873]
3560 -- [3586 1615]
3561 -- [ 360 2568]
3565 -- [2081  496]
3569 -- [ 874 3586]
3572 -- [1131 3989]
3573 -- [1185 2738]
3579 -- [3321 1101]
3582 -- [  56 3621]
3583 -- [2247  208]
3584 -- [ 730 4418]
3585 -- [ 948 3147]
3587 -- [ 250 2722]
3591 -- [1693 2546]
3594 -- [2241  807]
3595 -- [ 965 3648]
3596 -- [1039 1937]
3597 -- [2064  505]
3602 -- [1699 3117]
3611 -- [1687 4375]
3616 -- [2747 1194]
3618 -- [ 370 2856]
3619 -- [ 126 3625]
3620 -- [4389  552]
3623 -- [1621 3037]
3625 -- [2828 1089]
3626 -- [3400  462]
3627 -- [ 890 2618]
3629 -- [ 364 2731]
3630 -- [ 712 2405]
3633 -- [1244 3456]
3634 -- [  56 3619]
3636 -- [1005 4316]
3638 -- [3271   89]
3640 -- [2611  890]
3642 -- [1992 1749]
3643 -- [3558  683]
3646 -- [2935 1126]
3647 -- [1411 3329]
3650 -- [4418 1461]
3652 -- [ 430 2884]
3658 -- [  20 4125]
3661 -- [2958  913]
3664 -- [1647 2276]
3667 -- [ 355 2585]
3668 -- [3196 1082]
3669 -- [3474 1713]
3671 -- [ 210 2653]
3673 -- [   0 2317]
3674 -- [3185  293]
3675 -- [2117 1497]
3677 -- [1116 2531]
3688 -- [1463 4245]
3691 -- [2659 1463]
3692 -- [ 705 1839]
3694 -- [1250 2076]
3695 -- [4125  471]
3696 -- [3519  596]
3697 -- [ 329 4213]
3702 -- [3846 1212]
3703 -- [ 650 2884]
3704 -- [ 676 2109]
3719 -- [ 368 4100]
3721 -- [1974 1752]
3724 -- [ 445 3923]
3726 -- [3770  509]
3727 -- [ 549 2354]
3733 -- [ 470 2485]
3734 -- [4076  390]
3735 -- [2660 1727]
3736 -- [3656   67]
3739 -- [ 880 1851]
3743 -- [ 522 4153]
3744 -- [2983 1671]
3745 -- [1805 3550]
3746 -- [1231 4078]
3747 -- [3036  900]
3748 -- [ 545 3259]
3749 -- [3739 1748]
3750 -- [ 181 2140]
3752 -- [1978  665]
3753 -- [2376  439]
3757 -- [3316 1749]
3760 -- [3056  351]
3765 -- [1037 3098]
3768 -- [1235 3078]
3772 -- [1955 1695]
3775 -- [   9 2582]
3784 -- [4061  191]
3785 -- [4052  318]
3786 -- [3064 1692]
3791 -- [2550  913]
3804 -- [2544 1262]
3805 -- [1101 3552]
3806 -- [1463 3707]
3807 -- [ 740 4133]
3808 -- [4025 1347]
3810 -- [2489  934]
3813 -- [3301 1093]
3814 -- [ 470 3688]
3817 -- [  34 4064]
3819 -- [1041 3603]
3822 -- [2658  505]
3823 -- [3116  478]
3828 -- [ 502 2563]
3831 -- [2548 1631]
3835 -- [3989  933]
3840 -- [ 949 3079]
3841 -- [4538  391]
3844 -- [  64 4354]
3845 -- [4427 1772]
3848 -- [3766 1577]
3849 -- [ 787 4540]
3852 -- [ 840 3560]
3853 -- [3404  475]
3854 -- [2101  519]
3856 -- [1230 2701]
3859 -- [3909  393]
3864 -- [4256 1389]
3866 -- [1804 2435]
3868 -- [ 184 3779]
3871 -- [ 645 3490]
3872 -- [4399 1634]
3873 -- [1610 2594]
3878 -- [4548  360]
3879 -- [3899  392]
3880 -- [ 490 3814]
3882 -- [ 532 3834]
3886 -- [1822  501]
3887 -- [4070  466]
3888 -- [   5 3994]
3889 -- [1093 2836]
3892 -- [ 622 3092]
3894 -- [2604 1395]
3898 -- [2618  962]
3899 -- [2608  448]
3903 -- [ 225 2407]
3907 -- [1264 1935]
3908 -- [ 844 3838]
3909 -- [ 231 3818]
3910 -- [3960 1548]
3911 -- [1354 2604]
3912 -- [1011 3481]
3921 -- [3090 1674]
3923 -- [4526 1336]
3925 -- [1206 2818]
3926 -- [1409 4163]
3930 -- [1686 3374]
3931 -- [4249  244]
3934 -- [1130 2308]
3943 -- [3021  534]
3949 -- [ 879 4269]
3950 -- [4548  307]
3952 -- [4093  631]
3955 -- [1873  141]
3956 -- [1875  573]
3957 -- [2447  571]
3963 -- [1644 4269]
3964 -- [3345  874]
3967 -- [1188 4552]
3972 -- [4381 1422]
3973 -- [  13 3833]
3975 -- [1119 3658]
3978 -- [1185 3583]
3979 -- [1634 3217]
3982 -- [ 807 4255]
3984 -- [1142 2202]
3985 -- [1839 1478]
3988 -- [2053  490]
3992 -- [ 323 2031]
3994 -- [1774 2772]
3996 -- [ 227 3708]
4001 -- [3995 1781]
4005 -- [ 261 3177]
4007 -- [   3 2541]
4008 -- [2193  532]
4010 -- [1127 2435]
4012 -- [1506 3386]
4014 -- [ 440 4252]
4015 -- [ 742 3679]
4016 -- [2504  233]
4020 -- [3927   69]
4032 -- [ 457 3649]
4033 -- [1416 2777]
4035 -- [ 371 2186]
4038 -- [1371 4107]
4039 -- [3627  652]
4041 -- [1641 2044]
4042 -- [ 369 3944]
4045 -- [4053  790]
4046 -- [3370  779]
4047 -- [3677   50]
4052 -- [ 538 1909]
4054 -- [ 820 4139]
4057 -- [1916  325]
4064 -- [1427 1939]
4066 -- [2811  323]
4067 -- [2271  781]
4068 -- [3762  275]
4071 -- [ 598 3239]
4074 -- [  63 4164]
4077 -- [ 524 1960]
4082 -- [3264 1801]
4083 -- [1550 2857]
4086 -- [3770  591]
4087 -- [ 420 4434]
4090 -- [ 482 4222]
4095 -- [2855  543]
4098 -- [2183  408]
4099 -- [ 316 3880]
4100 -- [3528    5]
4101 -- [3803  562]
4104 -- [2258 1264]
4109 -- [3122  475]
4110 -- [1435 4477]
4118 -- [ 445 2877]
4119 -- [1041 2502]
4120 -- [1727 2824]
4121 -- [ 521 3509]
4122 -- [1535 2968]
4127 -- [ 596 2185]
4130 -- [ 666 3895]
4132 -- [2682   53]
4134 -- [2330  618]
4144 -- [ 458 2699]
4146 -- [2131  333]
4147 -- [1635 4503]
4148 -- [1185 2393]
4149 -- [1621 2938]
4150 -- [2000  261]
4153 -- [ 325 4410]
4156 -- [1332 2049]
4159 -- [2598 1474]
4161 -- [ 965 3499]
4169 -- [1199 2462]
4172 -- [4303 1414]
4175 -- [ 460 2069]
4177 -- [ 692 4195]
4178 -- [2944 1706]
4179 -- [1695 4137]
4180 -- [ 324 4445]
4183 -- [1194 3605]
4184 -- [ 306 2136]
4185 -- [1584 3433]
4187 -- [1542 2530]
4188 -- [3948 1322]
4189 -- [1735 4571]
4191 -- [ 871 4061]
4193 -- [ 730 3108]
4194 -- [1560 4263]
4195 -- [3479 1513]
4197 -- [ 873 2077]
4200 -- [1276 2464]
4201 -- [ 625 4504]
4202 -- [ 217 3090]
4203 -- [ 952 3400]
4206 -- [2763  968]
4207 -- [1041 4499]
4215 -- [2431  706]
4218 -- [ 299 3719]
4229 -- [4517  104]
4231 -- [1515 1815]
4232 -- [3918  617]
4234 -- [1037 4115]
4236 -- [2288 1546]
4241 -- [4432   26]
4245 -- [  33 3476]
4250 -- [1955  947]
4252 -- [ 487 2539]
4256 -- [3374 1735]
4260 -- [ 306 2043]
4262 -- [ 505 3926]
4265 -- [4285 1512]
4266 -- [  86 2014]
4268 -- [1713 4258]
4269 -- [3119  334]
4270 -- [ 179 2691]
4271 -- [1141 3032]
4275 -- [ 545 2769]
4277 -- [3379 1809]
4279 -- [4046 1263]
4281 -- [3731  441]
4282 -- [3967  562]
4283 -- [4536 1468]
4284 -- [1986  582]
4287 -- [3471  181]
4288 -- [2873 1661]
4290 -- [2388 1409]
4291 -- [3355  821]
4294 -- [  94 3970]
4295 -- [3035  235]
4296 -- [   7 2152]
4303 -- [1123 2244]
4308 -- [1241 3429]
4310 -- [1506 1973]
4311 -- [  16 2148]
4312 -- [1775 2694]
4315 -- [4141 1118]
4317 -- [4025 1421]
4320 -- [1104 2142]
4323 -- [2313  638]
4324 -- [1877 1435]
4325 -- [2458   27]
4329 -- [2671 1354]
4330 -- [ 969 2981]
4331 -- [1257 4337]
4334 -- [2354  890]
4336 -- [1322 2861]
4342 -- [3937 1290]
4344 -- [1536 3962]
4348 -- [3063 1526]
4354 -- [2532 1407]
4356 -- [1416 2851]
4359 -- [1134 4426]
4360 -- [1650 3290]
4361 -- [ 652 3467]
4366 -- [2919  988]
4367 -- [1615 2302]
4368 -- [1532 4242]
4373 -- [ 428 2313]
4375 -- [2236 1401]
4377 -- [3270 1119]
4378 -- [3501 1698]
4379 -- [1461 2314]
4380 -- [1881 1085]
4383 -- [1526 3657]
4384 -- [3353   67]
4389 -- [1910   33]
4392 -- [3942 1230]
4395 -- [3725  694]
4397 -- [3098  466]
4399 -- [ 550 3655]
4401 -- [2721 1408]
4406 -- [2612 1577]
7 -time: 0.02030 -dim: (11172, 2)
8 -time: 0.00013 -dim: (7, 57)
9 -time: 3.85099 -dim: (1835400, 3)
10 -time: 5.34316 -dim: (1730141, 3)
11_12 -time: 0.18264 -dim: [110424, 2]
13 -time: 0.07237 -dim: (36808, 4)
14_15 -time: 0.03360 -dim: [798, 2]
16 -time: 0.00002 -dim: (0, 2)
17_18 -time: 0.35096 -dim: [73616, 3]
19 -time: 0.00009 -dim: (1, 1)
20 -time: 0.22002 -dim: (0, 4601)
21 -time: 0.00078 -dim: (1, 4601)
22 -time: 0.00009 -dim: (4409, 3)
23 -time: 0.00004 -dim: (4409, 3)
24 -time: 0.00004 -dim: (0, 5)
25 -time: 0.00009 -dim: (4793, 3)
26 -time: 0.00006 -dim: (4793, 3)
smtPr 22-26 -time: 0.02780 -dim: nan
slvr_header -time: 2.22192 -dim: nan
*solver* -time: 900.09502 -dim: nan
res_read -time: 0.09030 -dim: nan
-- SUM CL TIME: 10.10318          |  SUM other TIME: 902.40724          |  SUM TIME: 912.51042
