num branch_node: 7
num leaf_node: 8
num feature: 57
tree_depth: 3
num label: 2
nDC: 2432

***variables
a: 1 - 399 -> 399
s: 400 - 32606 -> 32207
z: 32607 - 69414 -> 36808
g: 69415 - 69430 -> 16
x: 69431 - 78632 -> 9202
ml: 78633 - 81100 -> 2468
cl: 81101 - 83233 -> 2133

variables***
[debug] --> CL ML ratio 2
the cl header --> p wcnf 83233 3812171 6735

timeout 900s ~/SAT_Project/loandra-master/loandra_static -pmreslin-cglim=30 -weight-strategy=1 -print-model -verbosity=1 ./solutions/spam_0.1_mc1.0_s2352_r2/phase_1_clauses_final >./solutions/spam_0.1_mc1.0_s2352_r2/phase_1_loandra_res

Start to read loandra res
*loandra status: SATISFIABLE
-ml sat and violated: 1742 | 726  | total #ml: 2468 | -violated weight: 726
1 -- [2919 3655]
13 -- [1687  568]
18 -- [1809  255]
24 -- [3206 3986]
28 -- [2877 4373]
30 -- [3543 4404]
31 -- [599 664]
32 -- [955 799]
35 -- [3381 1957]
38 -- [1705  437]
39 -- [4336 2693]
41 -- [4312 3456]
43 -- [3912 2113]
49 -- [3542 2716]
50 -- [ 814 1654]
51 -- [1384  610]
56 -- [3395 2633]
59 -- [842 867]
62 -- [4121 3505]
63 -- [2124 2621]
66 -- [ 379 1463]
70 -- [4166 2495]
72 -- [3064 3685]
76 -- [4198 3814]
77 -- [3244 2034]
79 -- [645 685]
81 -- [1052 1750]
84 -- [3334 3996]
89 -- [3454 3928]
90 -- [619 407]
91 -- [251 270]
104 -- [3164 4271]
105 -- [3361 4384]
109 -- [1230  305]
111 -- [3690 4479]
112 -- [3246 1818]
115 -- [1654  233]
128 -- [2869 2011]
132 -- [2685 4483]
134 -- [ 490 1020]
136 -- [4097 4430]
138 -- [3220 2144]
147 -- [2484 3990]
155 -- [2997 1920]
156 -- [3108 2135]
162 -- [ 549 1040]
164 -- [3458 3280]
165 -- [2016 4514]
166 -- [3432 3933]
177 -- [1760  233]
178 -- [3595 3850]
180 -- [1914 4536]
181 -- [3584 4308]
184 -- [  67 1748]
187 -- [3050 4215]
188 -- [1754 1258]
192 -- [ 371 1558]
195 -- [3872 4420]
205 -- [3197 2871]
207 -- [ 152 1226]
210 -- [1505 1323]
213 -- [294 742]
214 -- [4218 3511]
217 -- [1776   26]
219 -- [1723  116]
221 -- [ 391 1704]
223 -- [3918 4443]
224 -- [2760 3701]
225 -- [3739 2115]
229 -- [ 516 1017]
236 -- [1983 2958]
238 -- [2661 1888]
242 -- [2961 2277]
243 -- [2776 1984]
245 -- [4369 2393]
250 -- [4033 4150]
253 -- [3989 3260]
255 -- [2291 3995]
257 -- [3307 4426]
258 -- [4383 2469]
259 -- [544 620]
262 -- [ 463 1168]
264 -- [4182 3899]
270 -- [1399 1317]
274 -- [4508 2014]
275 -- [2838 2416]
280 -- [4268 3982]
284 -- [2680 2838]
287 -- [2834 3748]
290 -- [ 133 1094]
292 -- [2040 3939]
294 -- [1514  730]
296 -- [ 444 1293]
298 -- [4017 3467]
300 -- [ 650 1559]
301 -- [2827 4435]
303 -- [552 269]
305 -- [1299 1224]
307 -- [4338 4079]
309 -- [1227 1292]
313 -- [3737 4308]
315 -- [1559 1561]
327 -- [1938 3277]
328 -- [3424 3065]
330 -- [1640 1578]
336 -- [873 588]
340 -- [3241 4010]
342 -- [1526    8]
347 -- [2171 3059]
349 -- [781 429]
353 -- [463 969]
355 -- [3923 4128]
364 -- [2581 3108]
368 -- [2927 2171]
369 -- [3526 3593]
374 -- [3187 4245]
380 -- [1194 1622]
384 -- [1467 1735]
390 -- [3292 3427]
394 -- [3143 2997]
395 -- [2144 2304]
400 -- [2176 3425]
406 -- [3293 4061]
408 -- [4195 2532]
410 -- [ 987 1497]
412 -- [3108 3191]
413 -- [4318 3552]
414 -- [803 209]
420 -- [1542  855]
424 -- [3345 3375]
434 -- [611 634]
435 -- [2804 3738]
437 -- [ 324 1759]
439 -- [1803 1721]
441 -- [3544 2362]
445 -- [1175 1307]
447 -- [4451 2037]
448 -- [1310   94]
455 -- [4348 4198]
462 -- [ 299 1467]
466 -- [3841 2689]
468 -- [ 412 1205]
473 -- [1914 2042]
488 -- [3985 3206]
489 -- [1469  390]
491 -- [1641 1481]
492 -- [4246 1972]
493 -- [4118 2403]
497 -- [2492 3706]
500 -- [ 943 1781]
508 -- [2362 4235]
509 -- [4363 2661]
511 -- [3182 3508]
513 -- [1745 1685]
514 -- [1675 1513]
517 -- [2461 1898]
518 -- [4443 3778]
521 -- [403 525]
527 -- [2295 4576]
532 -- [1622  744]
533 -- [531 916]
541 -- [403 620]
542 -- [3701 3250]
547 -- [1189  428]
550 -- [4182 2575]
554 -- [4012 3696]
556 -- [4441 3540]
560 -- [3278 2308]
561 -- [931 805]
567 -- [ 36 694]
570 -- [388 731]
574 -- [1675   84]
582 -- [4312 2105]
587 -- [3859 2267]
588 -- [2463 2334]
590 -- [3212 3878]
594 -- [3996 2183]
597 -- [2910 4161]
599 -- [2305 4470]
600 -- [592 117]
604 -- [3289 4076]
606 -- [ 914 1443]
607 -- [3280 3905]
609 -- [3768 2712]
622 -- [2715 3989]
624 -- [241 781]
628 -- [ 719 1545]
636 -- [2776 2442]
641 -- [ 634 1687]
644 -- [1734 1716]
645 -- [693 152]
647 -- [2124 3523]
650 -- [3703 3797]
652 -- [3053 4590]
653 -- [2163 2588]
662 -- [1571  473]
666 -- [1058  441]
668 -- [1154  935]
670 -- [2743 2630]
675 -- [1371 1436]
680 -- [2540 4411]
682 -- [ 451 1184]
687 -- [1873 3408]
689 -- [3352 2237]
699 -- [3452 1979]
703 -- [2323 3897]
704 -- [2133 3897]
705 -- [3499 3821]
709 -- [4507 4166]
711 -- [1599 1110]
714 -- [1056  519]
715 -- [4183 2709]
719 -- [3897 3201]
720 -- [2236 3530]
723 -- [2071 3339]
724 -- [4265 2797]
726 -- [3292 3633]
730 -- [1908 2362]
733 -- [1789 1413]
735 -- [4336 1952]
738 -- [3848 3405]
743 -- [4464 3741]
748 -- [4337 3483]
750 -- [982 623]
753 -- [2353 2809]
757 -- [3983 4026]
763 -- [   9 1121]
768 -- [595 674]
772 -- [3533 2631]
782 -- [1969 3510]
786 -- [2575 4344]
787 -- [344 186]
788 -- [2837 4334]
792 -- [1091  687]
795 -- [ 869 1159]
799 -- [3780 4432]
800 -- [2313 4548]
806 -- [3376 4384]
809 -- [2651 3570]
811 -- [2134 4102]
814 -- [3192 2113]
816 -- [1591 1219]
818 -- [3797 2513]
821 -- [901 590]
830 -- [2147 4087]
834 -- [1415 1512]
839 -- [ 488 1461]
840 -- [2617 3719]
842 -- [4590 2424]
844 -- [3823 4579]
850 -- [3738 4346]
856 -- [3273 2606]
859 -- [2459 1981]
867 -- [4153 3170]
868 -- [2971 2818]
869 -- [4459 2718]
872 -- [ 473 1529]
878 -- [2955 2991]
881 -- [3896 4044]
883 -- [2038 3213]
894 -- [3960 3505]
895 -- [1532  130]
898 -- [4087 4243]
901 -- [561 238]
903 -- [1901 2508]
910 -- [4307 4479]
915 -- [3458 2764]
916 -- [2474 4312]
918 -- [2513 2743]
924 -- [1245  550]
929 -- [628 860]
932 -- [1658  168]
933 -- [184 628]
937 -- [2423 3763]
940 -- [3712 2109]
944 -- [1875 3990]
949 -- [ 104 1549]
951 -- [401 319]
952 -- [4420 3320]
954 -- [ 319 1396]
955 -- [146  21]
956 -- [3539 3989]
964 -- [4458 3972]
975 -- [ 861 1655]
977 -- [2018 4305]
980 -- [1455 1254]
981 -- [3877 2876]
982 -- [4155 1850]
983 -- [2315 3405]
985 -- [2521 2699]
991 -- [3941 2151]
994 -- [2811 3150]
998 -- [1219 1476]
1002 -- [3229 4338]
1006 -- [ 852 1682]
1007 -- [1199  768]
1010 -- [102 396]
1012 -- [4187 2096]
1015 -- [799 796]
1016 -- [4177 3976]
1018 -- [4351 2572]
1020 -- [3362 2237]
1024 -- [2224 2524]
1025 -- [1643 1463]
1028 -- [2954 4392]
1029 -- [3616 4579]
1030 -- [4156 2790]
1032 -- [1192  556]
1033 -- [4264 4458]
1041 -- [3929 4210]
1042 -- [2557 3164]
1052 -- [3368 4326]
1054 -- [2186 2845]
1055 -- [2800 3693]
1057 -- [ 325 1673]
1058 -- [295 208]
1059 -- [400 558]
1067 -- [431 677]
1068 -- [3698 3863]
1074 -- [2553 3621]
1075 -- [2084 2505]
1079 -- [4554 4177]
1082 -- [3879 2392]
1086 -- [3392 4134]
1087 -- [2431 3323]
1088 -- [2378 4435]
1091 -- [1182 1205]
1096 -- [625 810]
1098 -- [2276 2218]
1110 -- [4384 3409]
1111 -- [1130 1457]
1113 -- [1858 4311]
1119 -- [2651 4281]
1123 -- [4199 2801]
1124 -- [4010 4175]
1126 -- [4104 2917]
1128 -- [4155 4369]
1132 -- [ 599 1582]
1135 -- [2884 4332]
1138 -- [3897 2865]
1146 -- [1233  884]
1152 -- [ 27 140]
1153 -- [1402 1236]
1155 -- [3501 2464]
1160 -- [2794 4266]
1165 -- [3655 3740]
1168 -- [2702 3052]
1177 -- [1839 3381]
1182 -- [3655 3413]
1185 -- [2232 2120]
1186 -- [1721  576]
1187 -- [4236 4383]
1188 -- [2241 2304]
1190 -- [3326 2659]
1193 -- [2743 4415]
1200 -- [4049 3709]
1201 -- [ 53 478]
1202 -- [1586  936]
1208 -- [1382  959]
1212 -- [1383   23]
1214 -- [2317 3069]
1215 -- [3011 2640]
1217 -- [2204 2323]
1220 -- [1787  954]
1221 -- [4178 3143]
1223 -- [2276 2071]
1230 -- [2242 2577]
1233 -- [3671 2545]
1240 -- [3776 4402]
1246 -- [1007 1233]
1247 -- [3145 2702]
1248 -- [1451 1110]
1255 -- [1988 2198]
1257 -- [3830 2957]
1260 -- [1747 1053]
1265 -- [3381 2084]
1267 -- [1478  449]
1270 -- [3625 2824]
1271 -- [1605 1645]
1280 -- [4295 1933]
1282 -- [609 152]
1286 -- [4352 4171]
1292 -- [2755 3071]
1298 -- [ 536 1243]
1307 -- [2714 2058]
1308 -- [3396 2115]
1313 -- [ 20 226]
1330 -- [2753 1932]
1333 -- [3357 3831]
1335 -- [3761 2401]
1336 -- [4286 4275]
1341 -- [4293 2590]
1342 -- [2328 3831]
1344 -- [2634 4473]
1345 -- [3152 2375]
1356 -- [3037 4168]
1357 -- [2208 4411]
1360 -- [404 475]
1372 -- [3244 2691]
1378 -- [535 125]
1380 -- [ 317 1446]
1381 -- [4394 2505]
1383 -- [3289 3048]
1384 -- [3419 4288]
1389 -- [4308 3995]
1394 -- [2573 3258]
1397 -- [2572 1946]
1398 -- [1767 1379]
1399 -- [1890 3280]
1408 -- [3693 3726]
1410 -- [1529  386]
1416 -- [1676  618]
1417 -- [2054 3570]
1422 -- [4408 2476]
1423 -- [4571 3356]
1424 -- [1108 1189]
1426 -- [3883 3751]
1434 -- [277 934]
1436 -- [1061 1120]
1437 -- [3029 2755]
1442 -- [2219 2985]
1444 -- [2380 3150]
1445 -- [2983 2431]
1446 -- [4360 3351]
1448 -- [4178 2128]
1449 -- [ 217 1591]
1456 -- [1376  562]
1457 -- [4168 2845]
1458 -- [3367 2919]
1460 -- [ 591 1414]
1462 -- [130 596]
1463 -- [2875 4166]
1476 -- [1988 2724]
1477 -- [1050  351]
1482 -- [ 911 1650]
1486 -- [484 284]
1488 -- [3574 3762]
1490 -- [283 214]
1492 -- [2615 2539]
1494 -- [655 110]
1495 -- [2637 4404]
1496 -- [1525  111]
1499 -- [2323 3897]
1500 -- [934 258]
1501 -- [ 539 1194]
1502 -- [3508 4597]
1511 -- [3158 3378]
1516 -- [4192 4502]
1523 -- [2710 2171]
1524 -- [2876 3400]
1527 -- [1529  535]
1532 -- [ 486 1217]
1534 -- [970 645]
1541 -- [2572 3846]
1544 -- [4302 2529]
1560 -- [2462 2244]
1566 -- [2921 2639]
1573 -- [303 535]
1584 -- [100 602]
1589 -- [2527 3105]
1591 -- [4333 1987]
1595 -- [3206 1966]
1601 -- [3462 4384]
1607 -- [4164 4182]
1609 -- [1245  106]
1610 -- [3841 3780]
1612 -- [3446 4298]
1614 -- [1933 1945]
1617 -- [2931 2619]
1620 -- [2990 2916]
1625 -- [2464 2326]
1627 -- [3152 3966]
1630 -- [2385 3285]
1634 -- [ 349 1101]
1636 -- [4538 2834]
1637 -- [4431 4218]
1645 -- [4204 2694]
1646 -- [3542 2743]
1648 -- [3508 3700]
1651 -- [ 559 1490]
1653 -- [4377 3372]
1658 -- [2528 2583]
1661 -- [1111   27]
1662 -- [1055 1691]
1665 -- [ 145 1653]
1666 -- [ 32 323]
1668 -- [364 704]
1672 -- [2662 2143]
1673 -- [4302 3181]
1675 -- [2583 2930]
1678 -- [ 103 1343]
1679 -- [477 879]
1691 -- [2481 3400]
1696 -- [1513 1472]
1697 -- [3278 3821]
1701 -- [3088 3192]
1706 -- [421 844]
1707 -- [3062 4195]
1710 -- [476  88]
1718 -- [3050 3740]
1721 -- [2255 2120]
1724 -- [ 936 1159]
1733 -- [2527 2120]
1736 -- [2615 2411]
1742 -- [1253   67]
1743 -- [ 744 1506]
1745 -- [2830 2918]
1750 -- [1363 1316]
1752 -- [598 334]
1761 -- [1044 1384]
1762 -- [814 356]
1763 -- [3320 2480]
1766 -- [3372 3900]
1767 -- [3257 4336]
1770 -- [660 216]
1774 -- [2510 4434]
1775 -- [535 638]
1779 -- [3776 3450]
1780 -- [4165 4340]
1789 -- [2789 3729]
1797 -- [3484 2378]
1798 -- [4243 2241]
1800 -- [3352 3751]
1803 -- [2387 2153]
1806 -- [1149 1656]
1807 -- [3504 2676]
1814 -- [1133  440]
1815 -- [1113  105]
1820 -- [4127 4458]
1821 -- [ 704 1407]
1824 -- [1615  125]
1826 -- [4035 2736]
1831 -- [4308 2320]
1832 -- [3458 1981]
1833 -- [3712 3412]
1846 -- [ 690 1277]
1847 -- [245 974]
1849 -- [1351 1389]
1852 -- [205  67]
1854 -- [1195 1113]
1857 -- [2258 3738]
1858 -- [1052  665]
1867 -- [2052 2305]
1873 -- [3246 3187]
1875 -- [3164 3637]
1878 -- [  53 1319]
1880 -- [1714  217]
1884 -- [1143  375]
1885 -- [3495 3374]
1890 -- [2021 2744]
1891 -- [3185 2503]
1892 -- [2121 2425]
1901 -- [3425 4023]
1905 -- [3606 1875]
1906 -- [4081 4178]
1911 -- [709  20]
1912 -- [4134 3847]
1914 -- [4153 1952]
1916 -- [461 386]
1920 -- [1501  482]
1923 -- [3570 2301]
1927 -- [ 867 1410]
1933 -- [2180 4182]
1938 -- [1462   18]
1943 -- [716 793]
1944 -- [251 626]
1947 -- [2166 1963]
1949 -- [819 430]
1950 -- [4184 3841]
1953 -- [2021 2799]
1956 -- [4192 3197]
1957 -- [3528 3213]
1958 -- [1946 4443]
1962 -- [1933 2346]
1963 -- [1302  302]
1966 -- [1741 1335]
1967 -- [4186 2648]
1971 -- [1355  860]
1973 -- [4311 2248]
1976 -- [4535 4482]
1981 -- [2467 4431]
1982 -- [3643 4433]
1987 -- [ 129 1521]
1991 -- [1314  659]
1993 -- [4210 3907]
1996 -- [1889 4150]
1997 -- [ 961 1810]
2000 -- [2619 2335]
2003 -- [1905 3374]
2006 -- [3532 3750]
2007 -- [2843 3514]
2009 -- [2153 3776]
2014 -- [3192 1936]
2016 -- [2174 3007]
2021 -- [2308 2453]
2027 -- [ 924 1376]
2032 -- [714 319]
2034 -- [4511 3484]
2037 -- [2467 4061]
2045 -- [1225 1692]
2050 -- [1482  841]
2057 -- [ 853 1360]
2059 -- [  50 1527]
2060 -- [ 294 1018]
2061 -- [1692  313]
2063 -- [ 381 1562]
2064 -- [4308 3092]
2065 -- [784 511]
2068 -- [1965 4486]
2070 -- [1006 1749]
2072 -- [4561 4332]
2077 -- [4344 3599]
2079 -- [1330  734]
2080 -- [1481  152]
2081 -- [ 973 1175]
2083 -- [612  30]
2087 -- [4410 1972]
2090 -- [2555 3405]
2094 -- [2039 4509]
2099 -- [631 960]
2107 -- [567 776]
2112 -- [ 982 1105]
2113 -- [1162  413]
2115 -- [993  80]
2119 -- [4149 2809]
2123 -- [2717 4269]
2124 -- [1650  665]
2125 -- [374  64]
2126 -- [2753 3068]
2131 -- [2617 4301]
2135 -- [789 966]
2137 -- [1016  178]
2149 -- [1658  332]
2154 -- [1081  475]
2157 -- [  33 1348]
2159 -- [1222 1787]
2167 -- [3474 2114]
2169 -- [ 794 1299]
2171 -- [ 84 303]
2173 -- [3320 4210]
2174 -- [487   7]
2175 -- [ 454 1086]
2179 -- [1263 1467]
2181 -- [2623 4360]
2185 -- [ 111 1040]
2186 -- [1420 1791]
2189 -- [4216 4209]
2194 -- [3393 4344]
2197 -- [1333 1495]
2199 -- [1482 1276]
2202 -- [1908 3313]
2204 -- [3636 3558]
2206 -- [ 602 1436]
2210 -- [ 121 1518]
2213 -- [1938 3234]
2223 -- [3641 2599]
2226 -- [1073    7]
2227 -- [2584 4392]
2228 -- [4161 2026]
2229 -- [813 867]
2231 -- [ 285 1671]
2235 -- [1620 1362]
2241 -- [ 357 1767]
2242 -- [ 405 1298]
2243 -- [3392 2852]
2245 -- [349   7]
2253 -- [624 970]
2257 -- [111 551]
2258 -- [859 858]
2260 -- [3762 3924]
2269 -- [352 432]
2275 -- [1003 1343]
2277 -- [1226  113]
2278 -- [2922 4458]
2280 -- [4096 3392]
2288 -- [4182 2607]
2292 -- [319 787]
2307 -- [417 682]
2311 -- [3435 3454]
2312 -- [1800 1035]
2318 -- [1398 1047]
2320 -- [1175  211]
2324 -- [ 12 844]
2326 -- [2876 2423]
2330 -- [ 434 1293]
2342 -- [865 566]
2345 -- [2038 4102]
2348 -- [2838 3527]
2349 -- [3752 2617]
2351 -- [3657 2634]
2352 -- [2163 3066]
2353 -- [3333 3620]
2356 -- [3914 3476]
2360 -- [4507 2905]
2365 -- [3232 2454]
2377 -- [3292 3021]
2378 -- [3546 3263]
2380 -- [4002 4219]
2381 -- [ 875 1493]
2384 -- [3889 4446]
2385 -- [2518 4288]
2387 -- [4352 2649]
2388 -- [4215 3406]
2392 -- [569 869]
2396 -- [1721  845]
2398 -- [2805 2824]
2401 -- [855 841]
2417 -- [2929 2006]
2421 -- [2028 4155]
2426 -- [ 308 1042]
2427 -- [2639 4125]
2428 -- [3872 4160]
2433 -- [3868 4333]
2436 -- [2159 3844]
2438 -- [140 860]
2439 -- [2317 4383]
2441 -- [4564 4420]
2448 -- [2505 4174]
2449 -- [3577 4579]
2452 -- [ 945 1603]
2453 -- [ 966 1803]
2459 -- [3834 3486]
2461 -- [2611 2917]
2462 -- [3303 3750]
2463 -- [2071 4383]
2466 -- [2115 2690]
-cl sat and violated: 1464 | 669  | total #cl: 2133 | -violated weight: 1338
2 -- [1687 3645]
5 -- [2991  819]
9 -- [2161 1323]
12 -- [3254  544]
13 -- [ 783 2451]
14 -- [2211 1803]
16 -- [3518 1363]
17 -- [3738  700]
21 -- [2661  850]
23 -- [1964  739]
25 -- [3663  593]
28 -- [1142 3928]
31 -- [1885  828]
32 -- [3238 1399]
40 -- [4450  501]
43 -- [1086 4270]
45 -- [ 351 2571]
49 -- [1126 3589]
50 -- [ 591 3924]
53 -- [2103  853]
58 -- [3570  278]
65 -- [3996 1592]
72 -- [ 329 2166]
83 -- [2049 1039]
88 -- [1086 3717]
92 -- [4223 1443]
98 -- [2703 1645]
103 -- [4540 1623]
106 -- [3309 1311]
108 -- [1231 3443]
111 -- [1976  774]
112 -- [4108 1745]
113 -- [2931 1790]
115 -- [3514  794]
120 -- [1866  919]
121 -- [ 354 4450]
123 -- [ 748 1950]
128 -- [4190  324]
131 -- [2889  599]
139 -- [ 419 2419]
144 -- [4023  799]
145 -- [3877 1672]
146 -- [1553 3192]
148 -- [ 313 2561]
150 -- [3477  890]
156 -- [4576 1517]
160 -- [3774 1220]
162 -- [1348 3248]
164 -- [1885 1035]
165 -- [ 443 2415]
166 -- [3451 1279]
171 -- [1513 2987]
175 -- [  31 3192]
176 -- [ 948 2381]
178 -- [ 399 2387]
181 -- [2612  754]
185 -- [ 368 1933]
189 -- [2651  500]
191 -- [ 777 3143]
195 -- [2634 1675]
197 -- [ 550 2975]
201 -- [3164   69]
202 -- [1115 2313]
204 -- [4012 1780]
208 -- [1280 4186]
210 -- [1887 1700]
218 -- [ 801 4275]
222 -- [ 386 3433]
224 -- [4579  580]
226 -- [3776 1534]
228 -- [1440 4430]
233 -- [ 469 2327]
242 -- [1458 2702]
245 -- [3052  391]
248 -- [ 631 1838]
258 -- [4486 1730]
259 -- [4426 1485]
263 -- [1792 3921]
265 -- [1332 2063]
266 -- [2533 1048]
270 -- [1589 3420]
272 -- [2236  881]
274 -- [1504 2284]
276 -- [3417  519]
277 -- [2751 1726]
279 -- [2671 1206]
281 -- [1983  898]
282 -- [3892  216]
284 -- [ 647 4161]
287 -- [ 852 2109]
288 -- [ 302 2975]
292 -- [ 459 4192]
294 -- [1225 2532]
297 -- [ 839 4372]
300 -- [4180   87]
301 -- [3597  860]
305 -- [3588  509]
312 -- [3031  360]
313 -- [1086 2326]
315 -- [2236 1304]
318 -- [1635 2756]
319 -- [3136  893]
322 -- [ 180 3526]
328 -- [ 475 3732]
333 -- [4343 1460]
334 -- [3138  547]
338 -- [ 519 3949]
343 -- [1206 2831]
350 -- [ 926 3018]
351 -- [2809 1772]
352 -- [2211 1582]
354 -- [3715 1037]
364 -- [3847 1241]
370 -- [1326 2417]
371 -- [1276 3431]
373 -- [4004  807]
374 -- [1999  250]
377 -- [1646 2071]
378 -- [3526  161]
380 -- [2226  288]
383 -- [ 128 3857]
393 -- [1323 2595]
394 -- [2291 1773]
395 -- [2824 1032]
397 -- [2166 1185]
398 -- [4323 1409]
404 -- [3220 1269]
405 -- [1717 2441]
406 -- [1800 2463]
408 -- [2143  109]
409 -- [1755 2397]
410 -- [1774 3628]
413 -- [1905 1656]
414 -- [4167  571]
419 -- [4420  483]
423 -- [3788 1504]
427 -- [ 640 3023]
429 -- [4434  151]
432 -- [3926  974]
433 -- [ 579 3775]
434 -- [ 462 1813]
440 -- [1883  176]
444 -- [4114  313]
452 -- [4011  841]
453 -- [3445  175]
460 -- [3768  220]
462 -- [1433 4292]
474 -- [2111  780]
477 -- [2763 1640]
481 -- [2516   66]
483 -- [3822 1276]
484 -- [2156  546]
486 -- [3496 1762]
487 -- [1787 3261]
489 -- [ 824 2281]
492 -- [ 371 3329]
493 -- [1310 2174]
495 -- [3201  674]
498 -- [3234  619]
500 -- [4496  535]
503 -- [3405 1123]
506 -- [1931 1759]
507 -- [2603  784]
515 -- [4218 1775]
517 -- [3016  545]
522 -- [2170  736]
523 -- [1586 3989]
525 -- [ 977 4220]
526 -- [1727 2543]
527 -- [3883  444]
530 -- [3355 1809]
531 -- [3844 1156]
533 -- [2110 1433]
539 -- [3535  617]
543 -- [4431  909]
545 -- [  17 3116]
554 -- [ 308 3429]
555 -- [4208 1205]
559 -- [2189 1506]
563 -- [2035  769]
565 -- [ 790 2805]
568 -- [2845  381]
585 -- [3574  484]
591 -- [ 327 2887]
593 -- [ 982 3449]
594 -- [   5 3216]
595 -- [2555  934]
596 -- [ 964 3328]
598 -- [ 945 3440]
599 -- [1745 3746]
600 -- [4125  395]
601 -- [ 567 2921]
602 -- [2217 1110]
604 -- [1852 1414]
605 -- [1208 3989]
607 -- [ 301 3755]
609 -- [ 569 2615]
611 -- [ 326 3152]
617 -- [3994  536]
618 -- [ 152 4004]
620 -- [3713 1174]
628 -- [ 839 1988]
637 -- [ 192 2480]
641 -- [3113  497]
642 -- [3836 1696]
646 -- [3004  333]
653 -- [3320 1671]
656 -- [1106 4454]
664 -- [4260 1383]
665 -- [ 485 4140]
667 -- [4550  661]
669 -- [4055  464]
673 -- [ 757 3776]
675 -- [1262 2426]
676 -- [1972 1663]
677 -- [1225 1828]
678 -- [3704  751]
679 -- [1705 4547]
681 -- [3345 1334]
684 -- [4057  216]
687 -- [1323 4562]
689 -- [4532  540]
694 -- [1616 2840]
696 -- [1373 2118]
701 -- [1486 3967]
706 -- [1542 2826]
710 -- [ 614 4133]
713 -- [2784 1232]
716 -- [2857 1076]
718 -- [2142 1652]
723 -- [ 755 2102]
726 -- [ 618 3031]
727 -- [4183  546]
730 -- [4461 1504]
731 -- [1590 3449]
732 -- [2175 1483]
733 -- [3056 1749]
734 -- [1517 3840]
740 -- [ 552 4126]
742 -- [1436 3707]
744 -- [3558  672]
756 -- [ 508 2423]
761 -- [1789 4483]
763 -- [ 779 3955]
764 -- [1104 1990]
767 -- [1430 4265]
769 -- [1154 2667]
770 -- [ 627 4245]
771 -- [ 441 3579]
773 -- [ 526 3238]
775 -- [3927 1720]
776 -- [ 299 3794]
781 -- [4438 1270]
787 -- [1237 4269]
788 -- [ 964 3269]
795 -- [ 395 3754]
798 -- [2738  438]
801 -- [3126 1658]
802 -- [1538 4271]
805 -- [2171 1203]
806 -- [2592  848]
810 -- [2077 1272]
815 -- [1432 2631]
817 -- [4162  818]
819 -- [1478 1828]
820 -- [ 500 4407]
822 -- [3919 1393]
827 -- [4212  622]
828 -- [ 413 3428]
831 -- [3920 1408]
832 -- [  25 2910]
842 -- [2764  168]
845 -- [ 602 3502]
846 -- [ 461 4165]
848 -- [3543 1765]
850 -- [ 841 1965]
851 -- [ 288 2544]
852 -- [3032 1038]
857 -- [3774 1730]
859 -- [4579  707]
861 -- [3388  906]
863 -- [1545 2395]
864 -- [1676 1914]
866 -- [1533 3303]
870 -- [1205 2787]
873 -- [3761  235]
874 -- [ 471 3132]
875 -- [1600 4437]
877 -- [1206 3066]
880 -- [4234  214]
881 -- [4551  867]
884 -- [ 860 3618]
885 -- [2307 1399]
887 -- [2642  325]
889 -- [1333 3332]
899 -- [ 803 1942]
907 -- [ 121 3430]
909 -- [2773  214]
912 -- [ 484 3863]
915 -- [ 544 1824]
918 -- [ 234 3996]
923 -- [ 440 2302]
926 -- [4236 1043]
932 -- [1276 3832]
933 -- [ 638 2461]
941 -- [1765 2843]
945 -- [1973  621]
947 -- [1310 3664]
949 -- [ 735 2040]
950 -- [1037 2421]
964 -- [4557  533]
971 -- [ 466 2362]
973 -- [1421 2837]
976 -- [1408 2259]
981 -- [4562 1559]
983 -- [1695 3787]
986 -- [ 965 3052]
988 -- [3413  231]
998 -- [4269   93]
999 -- [ 174 2713]
1006 -- [2276  909]
1013 -- [1865  481]
1020 -- [1041 3068]
1021 -- [3309 1322]
1023 -- [4051 1169]
1027 -- [2718  515]
1030 -- [1735 2561]
1032 -- [4259 1149]
1038 -- [ 868 4241]
1041 -- [ 134 2275]
1043 -- [  33 2551]
1045 -- [3276  567]
1046 -- [1404 4201]
1047 -- [ 731 1834]
1056 -- [3518   54]
1059 -- [1321 1920]
1061 -- [  25 3634]
1063 -- [2076  760]
1068 -- [1497 3389]
1070 -- [1218 4424]
1072 -- [ 889 2263]
1075 -- [1695 3538]
1082 -- [3319 1767]
1083 -- [ 744 3404]
1084 -- [4467  519]
1093 -- [3140 1671]
1103 -- [ 852 3879]
1105 -- [ 464 4476]
1106 -- [ 338 4352]
1118 -- [3875 1461]
1119 -- [ 464 2817]
1120 -- [3421 1792]
1121 -- [ 912 1962]
1124 -- [ 179 2162]
1126 -- [1799 2130]
1127 -- [1082 1852]
1130 -- [3662 1478]
1132 -- [ 381 4555]
1135 -- [3644  640]
1138 -- [ 432 4531]
1149 -- [ 674 2907]
1151 -- [2304  572]
1153 -- [1011 2299]
1158 -- [  21 4472]
1161 -- [1336 2807]
1162 -- [2679   20]
1163 -- [3674 1233]
1164 -- [2397  382]
1172 -- [ 146 4387]
1174 -- [2476 1188]
1175 -- [2862  841]
1176 -- [3026 1443]
1180 -- [ 542 2287]
1184 -- [ 875 2786]
1187 -- [2810  774]
1189 -- [4070  443]
1190 -- [1053 3951]
1191 -- [1801 3769]
1193 -- [3740  715]
1196 -- [  19 3075]
1199 -- [ 965 2982]
1201 -- [1412 3744]
1202 -- [ 655 4184]
1204 -- [ 450 2714]
1205 -- [2027  475]
1206 -- [ 867 2935]
1209 -- [ 540 3923]
1212 -- [2179   79]
1215 -- [1973 1253]
1216 -- [2830  128]
1218 -- [3061 1736]
1221 -- [4454  484]
1226 -- [4383    0]
1230 -- [1368 2797]
1231 -- [1863 1274]
1232 -- [1766 2404]
1238 -- [4256  655]
1240 -- [2219  700]
1251 -- [ 391 3074]
1253 -- [2854 1389]
1260 -- [1490 2728]
1269 -- [3587 1809]
1271 -- [1016 3843]
1277 -- [3239  236]
1278 -- [  50 3067]
1284 -- [2868  640]
1289 -- [  67 3618]
1294 -- [ 520 4051]
1296 -- [ 839 2422]
1300 -- [4530  121]
1302 -- [3780  803]
1305 -- [ 354 1889]
1307 -- [3601  313]
1308 -- [1044 2745]
1309 -- [ 150 2141]
1310 -- [ 324 4248]
1311 -- [2868 1650]
1312 -- [3064 1375]
1315 -- [ 751 3642]
1318 -- [2298  195]
1320 -- [1382 3621]
1321 -- [2474  351]
1325 -- [4571 1215]
1327 -- [3133 1781]
1328 -- [3992 1650]
1329 -- [ 844 4327]
1332 -- [ 284 3692]
1333 -- [3778  102]
1334 -- [ 432 4300]
1335 -- [2735  853]
1341 -- [ 751 2706]
1342 -- [2574 1194]
1344 -- [4117 1439]
1347 -- [1371 2068]
1352 -- [ 195 3578]
1357 -- [3841 1198]
1360 -- [ 194 2838]
1364 -- [1694 3445]
1366 -- [2541 1262]
1367 -- [1039 4091]
1369 -- [2064 1646]
1373 -- [2199 1371]
1374 -- [3244 1302]
1378 -- [3714  120]
1379 -- [4221 1012]
1382 -- [  20 2525]
1384 -- [3628 1033]
1396 -- [1398 2279]
1397 -- [4133 1392]
1401 -- [1071 2542]
1404 -- [1559 2150]
1408 -- [ 444 2288]
1411 -- [1038 2443]
1412 -- [2597  777]
1414 -- [1145 3290]
1417 -- [ 147 2060]
1420 -- [1865  858]
1424 -- [ 814 4039]
1425 -- [1746 3887]
1426 -- [2918 1224]
1428 -- [3908  982]
1433 -- [4105  233]
1434 -- [2918   65]
1437 -- [ 521 3529]
1443 -- [1710 2499]
1446 -- [1617 3574]
1447 -- [  80 3919]
1448 -- [2111  599]
1452 -- [2686 1201]
1453 -- [2772 1372]
1454 -- [1317 2861]
1466 -- [2213 1584]
1467 -- [4347 1774]
1470 -- [2171  669]
1475 -- [1951  705]
1481 -- [3908 1749]
1482 -- [3018 1108]
1483 -- [3908  618]
1485 -- [  21 1982]
1488 -- [ 595 4483]
1491 -- [4597 1091]
1492 -- [ 543 2804]
1493 -- [3143  739]
1494 -- [1917  145]
1502 -- [3326 1598]
1510 -- [3286  515]
1513 -- [1603 4590]
1515 -- [1979 1523]
1516 -- [ 645 3921]
1518 -- [1397 2321]
1521 -- [ 588 3557]
1524 -- [2661   90]
1526 -- [2062 1264]
1531 -- [1383 2152]
1534 -- [1244 2049]
1545 -- [1088 2606]
1554 -- [ 867 2244]
1555 -- [ 867 4582]
1557 -- [ 353 4012]
1563 -- [3263 1334]
1567 -- [1201 3712]
1572 -- [2318  596]
1582 -- [ 945 2105]
1583 -- [3258  427]
1586 -- [1366 1891]
1589 -- [4432  112]
1594 -- [2621 1446]
1596 -- [2641  876]
1598 -- [2720  890]
1603 -- [2062  517]
1604 -- [ 124 4435]
1605 -- [1321 2817]
1608 -- [ 890 3483]
1609 -- [2900  947]
1610 -- [3660  471]
1612 -- [4420 1105]
1613 -- [2637 1053]
1614 -- [2168  618]
1617 -- [ 214 4147]
1622 -- [2956 1188]
1624 -- [ 693 2919]
1630 -- [2027  439]
1635 -- [ 495 2177]
1636 -- [3400 1024]
1637 -- [2132 1283]
1639 -- [ 319 2633]
1641 -- [3952    9]
1642 -- [4337 1171]
1646 -- [4021  599]
1649 -- [ 646 1905]
1651 -- [3581 1736]
1655 -- [4241  532]
1657 -- [ 867 3603]
1665 -- [4436 1460]
1667 -- [4323 1409]
1668 -- [3041 1691]
1670 -- [1330 3388]
1678 -- [2244 1640]
1681 -- [   5 2993]
1682 -- [1012 3648]
1691 -- [2452  747]
1696 -- [ 745 3965]
1697 -- [4344 1459]
1700 -- [1016 4313]
1701 -- [3894 1728]
1706 -- [ 838 4010]
1707 -- [1205 4194]
1708 -- [ 432 2144]
1714 -- [1959  235]
1715 -- [3113 1678]
1716 -- [1543 4486]
1719 -- [4499 1135]
1720 -- [ 134 2203]
1724 -- [2490 1540]
1726 -- [ 145 3860]
1727 -- [3339 1496]
1729 -- [3007  191]
1731 -- [4435 1788]
1732 -- [ 536 2893]
1735 -- [   7 4158]
1738 -- [2287  368]
1740 -- [ 288 3236]
1743 -- [1658 3489]
1745 -- [1226 2120]
1748 -- [ 500 3163]
1751 -- [ 519 2420]
1752 -- [3942  700]
1753 -- [4518  624]
1755 -- [2306 1036]
1758 -- [1235 3767]
1760 -- [1977  974]
1765 -- [1847  561]
1767 -- [ 375 1822]
1771 -- [1174 4518]
1784 -- [3993  946]
1785 -- [1333 2053]
1786 -- [3282 1486]
1789 -- [3612  441]
1794 -- [1559 3744]
1795 -- [ 946 4377]
1802 -- [ 246 4464]
1803 -- [ 406 2772]
1805 -- [ 771 2416]
1811 -- [  24 3702]
1812 -- [1490 4513]
1817 -- [1950  839]
1820 -- [4578 1262]
1822 -- [ 359 4411]
1825 -- [ 610 3444]
1827 -- [4464  713]
1831 -- [  95 3737]
1833 -- [1494 3316]
1836 -- [2106   26]
1852 -- [4302  641]
1857 -- [3876 1533]
1864 -- [2550 1421]
1874 -- [1389 3033]
1876 -- [ 792 3495]
1879 -- [ 375 2598]
1884 -- [2431 1782]
1885 -- [ 354 3711]
1886 -- [2204  241]
1887 -- [ 805 2858]
1889 -- [ 807 3976]
1892 -- [1439 2342]
1895 -- [2343 1717]
1898 -- [1053 2373]
1915 -- [2587  961]
1918 -- [3573 1417]
1920 -- [ 537 2063]
1921 -- [4166 1753]
1926 -- [1975  497]
1937 -- [ 307 3260]
1938 -- [2502  145]
1942 -- [3677 1350]
1948 -- [3492  965]
1956 -- [4171 1104]
1957 -- [1777 3933]
1962 -- [1646 3604]
1965 -- [2936 1041]
1966 -- [1865 1792]
1967 -- [ 111 3614]
1968 -- [ 469 2563]
1975 -- [4102  740]
1980 -- [1387 3850]
1986 -- [ 135 4288]
1990 -- [3330    5]
1993 -- [2480 1676]
2002 -- [3024  752]
2004 -- [4430  857]
2006 -- [4091  633]
2007 -- [2777  148]
2012 -- [ 676 2121]
2015 -- [2545 1314]
2021 -- [2012 1746]
2026 -- [ 251 4505]
2027 -- [3147 1336]
2028 -- [ 699 3552]
2031 -- [ 747 2910]
2032 -- [  35 2597]
2035 -- [3968 1412]
2047 -- [ 756 2729]
2048 -- [ 440 3215]
2051 -- [2306  757]
2054 -- [2263 1205]
2055 -- [3771 1798]
2057 -- [  52 2567]
2058 -- [4242  175]
2059 -- [1905 1453]
2060 -- [1433 4475]
2063 -- [4075 1258]
2065 -- [1212 4070]
2072 -- [1717 4306]
2075 -- [ 413 3208]
2080 -- [1152 4130]
2082 -- [3170  901]
2084 -- [2014 1306]
2089 -- [2454  829]
2094 -- [ 723 4454]
2097 -- [ 777 3613]
2103 -- [4344 1798]
2104 -- [ 416 2229]
2106 -- [ 480 4162]
2114 -- [3514  194]
2118 -- [ 500 2633]
2121 -- [3133  528]
2122 -- [2826  444]
2124 -- [3304  948]
2127 -- [1150 3326]
7 -time: 0.02171 -dim: (11172, 2)
8 -time: 0.00015 -dim: (7, 57)
9 -time: 4.07512 -dim: (1835400, 3)
10 -time: 5.85208 -dim: (1730141, 3)
11_12 -time: 0.19543 -dim: [110424, 2]
13 -time: 0.07667 -dim: (36808, 4)
14_15 -time: 0.03467 -dim: [798, 2]
16 -time: 0.00001 -dim: (0, 2)
17_18 -time: 0.39452 -dim: [73616, 3]
19 -time: 0.00011 -dim: (1, 1)
20 -time: 0.23062 -dim: (0, 4601)
21 -time: 0.00085 -dim: (1, 4601)
22 -time: 0.00006 -dim: (2133, 3)
23 -time: 0.00002 -dim: (2133, 3)
24 -time: 0.00004 -dim: (0, 5)
25 -time: 0.00006 -dim: (2468, 3)
26 -time: 0.00004 -dim: (2468, 3)
smtPr 22-26 -time: 0.01447 -dim: nan
slvr_header -time: 1.87517 -dim: nan
*solver* -time: 900.09859 -dim: nan
res_read -time: 0.05848 -dim: nan
-- SUM CL TIME: 10.89663          |  SUM other TIME: 902.03224          |  SUM TIME: 912.92887
