num branch_node: 7
num leaf_node: 8
num feature: 57
tree_depth: 3
num label: 2
nDC: 2432

***variables
a: 1 - 399 -> 399
s: 400 - 32606 -> 32207
z: 32607 - 69414 -> 36808
g: 69415 - 69430 -> 16
x: 69431 - 78632 -> 9202
ml: 78633 - 81100 -> 2468
cl: 81101 - 83233 -> 2133

variables***
[debug] --> CL ML ratio 5
the cl header --> p wcnf 83233 3812171 13134

timeout 900s ~/SAT_Project/loandra-master/loandra_static -pmreslin-cglim=30 -weight-strategy=1 -print-model -verbosity=1 ./solutions/spam_0.1_mc1.0_s2352_r5/phase_1_clauses_final >./solutions/spam_0.1_mc1.0_s2352_r5/phase_1_loandra_res

Start to read loandra res
*loandra status: SATISFIABLE
-ml sat and violated: 1569 | 899  | total #ml: 2468 | -violated weight: 899
9 -- [960 393]
10 -- [3271 3692]
11 -- [ 388 1634]
12 -- [2477 2271]
13 -- [1687  568]
17 -- [2394 3638]
19 -- [2089 2076]
20 -- [2478 2041]
24 -- [3206 3986]
25 -- [  58 1297]
27 -- [1683 1778]
28 -- [2877 4373]
32 -- [955 799]
38 -- [1705  437]
39 -- [4336 2693]
41 -- [4312 3456]
43 -- [3912 2113]
46 -- [3057 4194]
49 -- [3542 2716]
58 -- [758 541]
62 -- [4121 3505]
65 -- [4372 3299]
70 -- [4166 2495]
71 -- [4242 3175]
73 -- [1535 1138]
75 -- [1851 2663]
76 -- [4198 3814]
78 -- [1876 3030]
81 -- [1052 1750]
83 -- [1938 2938]
84 -- [3334 3996]
87 -- [4529 4092]
88 -- [3009 2786]
90 -- [619 407]
92 -- [2899 3166]
93 -- [1719 1153]
95 -- [3798 2479]
97 -- [4047 3616]
98 -- [4108 3603]
102 -- [4535 2902]
103 -- [4067 4375]
104 -- [3164 4271]
107 -- [1046  967]
112 -- [3246 1818]
115 -- [1654  233]
116 -- [635   6]
119 -- [736  54]
122 -- [3673 2964]
124 -- [138 199]
126 -- [1574 1581]
127 -- [2646 2332]
129 -- [4472 2941]
130 -- [2322 2044]
132 -- [2685 4483]
134 -- [ 490 1020]
136 -- [4097 4430]
138 -- [3220 2144]
140 -- [159 686]
142 -- [2137 4562]
147 -- [2484 3990]
149 -- [1405  189]
150 -- [3291 4355]
151 -- [2323 3034]
154 -- [2415 2926]
155 -- [2997 1920]
158 -- [4399 3046]
160 -- [3364 3017]
161 -- [1601 1048]
165 -- [2016 4514]
169 -- [ 607 1405]
174 -- [4472 3464]
175 -- [4565 4495]
176 -- [3633 2071]
181 -- [3584 4308]
184 -- [  67 1748]
190 -- [505 346]
193 -- [2524 2574]
197 -- [3272 3564]
203 -- [2278 1853]
204 -- [2381 2554]
207 -- [ 152 1226]
213 -- [294 742]
218 -- [3181 2228]
219 -- [1723  116]
223 -- [3918 4443]
224 -- [2760 3701]
228 -- [4137 3235]
229 -- [ 516 1017]
230 -- [3304 3700]
231 -- [1754  711]
232 -- [4278 4185]
233 -- [403  26]
234 -- [4299 4053]
238 -- [2661 1888]
239 -- [1683  831]
244 -- [4288 2631]
247 -- [4082 2663]
248 -- [3614 2045]
250 -- [4033 4150]
253 -- [3989 3260]
254 -- [1985 3657]
255 -- [2291 3995]
256 -- [212 429]
258 -- [4383 2469]
260 -- [4524 1930]
268 -- [4326 2039]
278 -- [2965 2110]
280 -- [4268 3982]
282 -- [3368 4112]
284 -- [2680 2838]
285 -- [4416 3034]
290 -- [ 133 1094]
294 -- [1514  730]
296 -- [ 444 1293]
297 -- [3730 3741]
300 -- [ 650 1559]
301 -- [2827 4435]
305 -- [1299 1224]
307 -- [4338 4079]
310 -- [2793 3174]
312 -- [2188 3158]
313 -- [3737 4308]
315 -- [1559 1561]
317 -- [3352 4526]
328 -- [3424 3065]
329 -- [3017 1940]
331 -- [2664 2232]
333 -- [1555 1727]
336 -- [873 588]
340 -- [3241 4010]
341 -- [4040 4467]
343 -- [4339 3565]
344 -- [3806 2654]
347 -- [2171 3059]
348 -- [2504 1902]
352 -- [ 399 1788]
356 -- [3188 4446]
361 -- [2212 3534]
365 -- [1529  740]
366 -- [2978 2649]
368 -- [2927 2171]
370 -- [2189 3299]
371 -- [654   6]
374 -- [3187 4245]
379 -- [268 658]
380 -- [1194 1622]
381 -- [ 852 1421]
382 -- [3562 4291]
389 -- [3853 1829]
390 -- [3292 3427]
391 -- [3071 4164]
393 -- [3291 1894]
394 -- [3143 2997]
395 -- [2144 2304]
399 -- [3530 3393]
402 -- [3408 1886]
403 -- [2364 4097]
404 -- [2194 4461]
406 -- [3293 4061]
407 -- [3272 4257]
416 -- [1390  759]
417 -- [3579 3700]
421 -- [3703 1877]
423 -- [3014 4502]
424 -- [3345 3375]
427 -- [3737 2784]
430 -- [454 792]
431 -- [1329  710]
434 -- [611 634]
435 -- [2804 3738]
437 -- [ 324 1759]
439 -- [1803 1721]
441 -- [3544 2362]
443 -- [4166 3280]
444 -- [2929 4512]
457 -- [2064 2534]
466 -- [3841 2689]
467 -- [2059 2574]
468 -- [ 412 1205]
471 -- [4121 2495]
472 -- [3638 2740]
482 -- [1623  178]
488 -- [3985 3206]
489 -- [1469  390]
491 -- [1641 1481]
492 -- [4246 1972]
497 -- [2492 3706]
498 -- [4463 3986]
499 -- [4399 3100]
507 -- [402 459]
508 -- [2362 4235]
509 -- [4363 2661]
513 -- [1745 1685]
517 -- [2461 1898]
518 -- [4443 3778]
519 -- [ 789 1105]
520 -- [ 357 1387]
521 -- [403 525]
524 -- [3023 2791]
525 -- [852 543]
528 -- [ 206 1223]
532 -- [1622  744]
538 -- [2016 4289]
541 -- [403 620]
545 -- [2382 4341]
548 -- [1986 1934]
550 -- [4182 2575]
552 -- [829 358]
555 -- [3439 2368]
562 -- [1954 2567]
564 -- [3172 3020]
565 -- [4280 2708]
569 -- [4517 3332]
573 -- [4553 3273]
576 -- [4359 4019]
581 -- [3795 2696]
585 -- [ 704 1442]
593 -- [1951 3156]
594 -- [3996 2183]
598 -- [3325 2649]
600 -- [592 117]
601 -- [1531 1453]
603 -- [4001 2759]
604 -- [3289 4076]
606 -- [ 914 1443]
607 -- [3280 3905]
622 -- [2715 3989]
623 -- [3775 2701]
624 -- [241 781]
627 -- [4261 2260]
628 -- [ 719 1545]
632 -- [2643 4239]
634 -- [1488 1005]
638 -- [2701 3834]
639 -- [ 833 1265]
640 -- [1638  253]
641 -- [ 634 1687]
642 -- [2307 4208]
645 -- [693 152]
647 -- [2124 3523]
648 -- [3616 4553]
652 -- [3053 4590]
654 -- [ 245 1752]
655 -- [2820 2598]
659 -- [2244 2253]
661 -- [2533 1933]
665 -- [2390 3894]
666 -- [1058  441]
667 -- [2341 2497]
669 -- [3974 3235]
670 -- [2743 2630]
672 -- [2220 3325]
676 -- [2112 3267]
681 -- [2043 2150]
687 -- [1873 3408]
693 -- [ 233 1540]
697 -- [2631 4442]
699 -- [3452 1979]
702 -- [3019 3414]
704 -- [2133 3897]
715 -- [4183 2709]
717 -- [3765 3829]
719 -- [3897 3201]
721 -- [ 405 1191]
722 -- [1108  292]
724 -- [4265 2797]
725 -- [4006 3806]
726 -- [3292 3633]
730 -- [1908 2362]
735 -- [4336 1952]
736 -- [4221 4054]
743 -- [4464 3741]
744 -- [4033 3589]
746 -- [4241 1846]
750 -- [982 623]
751 -- [2680 1897]
753 -- [2353 2809]
756 -- [4374 4158]
758 -- [2507 3190]
763 -- [   9 1121]
780 -- [ 455 1435]
782 -- [1969 3510]
783 -- [3228 2157]
785 -- [3782 4030]
786 -- [2575 4344]
787 -- [344 186]
790 -- [4513 3134]
791 -- [3714 3737]
795 -- [ 869 1159]
796 -- [2175 2318]
800 -- [2313 4548]
803 -- [ 597 1220]
807 -- [4358 3026]
809 -- [2651 3570]
811 -- [2134 4102]
813 -- [ 115 1068]
814 -- [3192 2113]
815 -- [4365 4318]
818 -- [3797 2513]
820 -- [1354 1761]
821 -- [901 590]
822 -- [3024 2317]
823 -- [3446 4524]
826 -- [1818 3374]
828 -- [4295 1903]
830 -- [2147 4087]
833 -- [2770 4004]
834 -- [1415 1512]
835 -- [2188 2010]
836 -- [749 676]
845 -- [978 131]
849 -- [2826 2563]
850 -- [3738 4346]
855 -- [3672 3524]
859 -- [2459 1981]
860 -- [2673 4069]
867 -- [4153 3170]
868 -- [2971 2818]
869 -- [4459 2718]
870 -- [764 303]
872 -- [ 473 1529]
873 -- [1377 1062]
878 -- [2955 2991]
879 -- [4462 2662]
886 -- [1934 4260]
887 -- [3273 2343]
888 -- [3363 2314]
891 -- [ 626 1234]
892 -- [895  48]
893 -- [4378 2915]
894 -- [3960 3505]
901 -- [561 238]
903 -- [1901 2508]
904 -- [3337 1887]
912 -- [3759 4391]
915 -- [3458 2764]
916 -- [2474 4312]
917 -- [4401 2394]
921 -- [4253 3277]
922 -- [4527 1854]
924 -- [1245  550]
928 -- [2740 2123]
929 -- [628 860]
932 -- [1658  168]
933 -- [184 628]
936 -- [3934 3072]
938 -- [ 564 1763]
941 -- [3918 3853]
946 -- [3969 2484]
951 -- [401 319]
961 -- [ 967 1172]
964 -- [4458 3972]
968 -- [1412 1376]
969 -- [4062 4340]
972 -- [2837 3173]
973 -- [3959 4399]
975 -- [ 861 1655]
977 -- [2018 4305]
978 -- [1952 3464]
981 -- [3877 2876]
982 -- [4155 1850]
983 -- [2315 3405]
987 -- [1614  377]
988 -- [4133 2392]
990 -- [4415 3009]
994 -- [2811 3150]
1002 -- [3229 4338]
1004 -- [2695 2322]
1005 -- [2081 2778]
1007 -- [1199  768]
1010 -- [102 396]
1012 -- [4187 2096]
1015 -- [799 796]
1016 -- [4177 3976]
1017 -- [2580 4056]
1018 -- [4351 2572]
1020 -- [3362 2237]
1023 -- [1831 3181]
1028 -- [2954 4392]
1029 -- [3616 4579]
1030 -- [4156 2790]
1032 -- [1192  556]
1035 -- [4186 2114]
1037 -- [2175 4357]
1038 -- [4002 4597]
1040 -- [ 614 1665]
1042 -- [2557 3164]
1046 -- [2767 2119]
1048 -- [3396 1857]
1049 -- [1292 1032]
1052 -- [3368 4326]
1054 -- [2186 2845]
1057 -- [ 325 1673]
1058 -- [295 208]
1063 -- [4455 4231]
1065 -- [3317 2855]
1067 -- [431 677]
1068 -- [3698 3863]
1074 -- [2553 3621]
1076 -- [2683 3752]
1077 -- [4145 2388]
1078 -- [ 254 1058]
1079 -- [4554 4177]
1082 -- [3879 2392]
1086 -- [3392 4134]
1087 -- [2431 3323]
1090 -- [1856 2155]
1091 -- [1182 1205]
1096 -- [625 810]
1098 -- [2276 2218]
1101 -- [773 273]
1103 -- [2300 4339]
1104 -- [2044 2565]
1113 -- [1858 4311]
1114 -- [1040 1548]
1116 -- [1199 1425]
1118 -- [2411 3714]
1120 -- [2103 4529]
1121 -- [3966 2812]
1123 -- [4199 2801]
1124 -- [4010 4175]
1126 -- [4104 2917]
1128 -- [4155 4369]
1131 -- [3087 3186]
1134 -- [ 357 1289]
1135 -- [2884 4332]
1137 -- [2347 3180]
1141 -- [4299 4095]
1145 -- [2777 4104]
1153 -- [1402 1236]
1155 -- [3501 2464]
1159 -- [1859 2746]
1160 -- [2794 4266]
1162 -- [1255 1090]
1163 -- [4223 3541]
1167 -- [3906 3804]
1169 -- [4132 3352]
1173 -- [3699 1969]
1175 -- [2841 1813]
1182 -- [3655 3413]
1185 -- [2232 2120]
1186 -- [1721  576]
1187 -- [4236 4383]
1190 -- [3326 2659]
1194 -- [4528 2866]
1197 -- [2873 1993]
1199 -- [4231 2899]
1201 -- [ 53 478]
1205 -- [ 451 1559]
1211 -- [1271  820]
1217 -- [2204 2323]
1219 -- [4470 3146]
1221 -- [4178 3143]
1222 -- [2884 2706]
1223 -- [2276 2071]
1226 -- [3966 3359]
1230 -- [2242 2577]
1237 -- [3396 4417]
1239 -- [789 829]
1240 -- [3776 4402]
1251 -- [2908 3966]
1253 -- [3491 3420]
1257 -- [3830 2957]
1260 -- [1747 1053]
1263 -- [128   7]
1264 -- [2882 2677]
1269 -- [2791 3498]
1273 -- [2227 2302]
1274 -- [4370 2272]
1276 -- [2531 3381]
1278 -- [482 179]
1281 -- [3030 2633]
1282 -- [609 152]
1284 -- [456 635]
1287 -- [3290 4491]
1288 -- [2141 4259]
1290 -- [2571 2173]
1292 -- [2755 3071]
1293 -- [428 115]
1299 -- [ 574 1652]
1301 -- [2939 2113]
1302 -- [3259 2267]
1305 -- [ 446 1452]
1307 -- [2714 2058]
1308 -- [3396 2115]
1309 -- [ 989 1121]
1315 -- [4299 4416]
1316 -- [4092 4327]
1318 -- [1129 1457]
1321 -- [2004 4030]
1324 -- [2067 2744]
1325 -- [2611 3902]
1330 -- [2753 1932]
1331 -- [2218 4300]
1332 -- [3507 3047]
1333 -- [3357 3831]
1334 -- [1003   78]
1335 -- [3761 2401]
1336 -- [4286 4275]
1338 -- [4403 3087]
1342 -- [2328 3831]
1343 -- [3892 2972]
1345 -- [3152 2375]
1348 -- [4278 3458]
1350 -- [2647 4020]
1353 -- [3049 2696]
1356 -- [3037 4168]
1357 -- [2208 4411]
1358 -- [2957 2115]
1363 -- [3835 3108]
1365 -- [2616 2010]
1366 -- [1287  776]
1370 -- [2456 4147]
1373 -- [2701 3438]
1375 -- [4505 3479]
1376 -- [2529 3217]
1383 -- [3289 3048]
1387 -- [4453 2164]
1389 -- [4308 3995]
1396 -- [4198 4428]
1398 -- [1767 1379]
1399 -- [1890 3280]
1401 -- [2945 2815]
1402 -- [4517 3324]
1406 -- [1977 1946]
1408 -- [3693 3726]
1410 -- [1529  386]
1411 -- [1653 1761]
1413 -- [3484 4102]
1414 -- [1345  696]
1417 -- [2054 3570]
1419 -- [1276  805]
1422 -- [4408 2476]
1429 -- [3088 2879]
1430 -- [2307 2762]
1435 -- [1922 1859]
1437 -- [3029 2755]
1442 -- [2219 2985]
1444 -- [2380 3150]
1445 -- [2983 2431]
1446 -- [4360 3351]
1447 -- [  74 1571]
1449 -- [ 217 1591]
1450 -- [2262 2010]
1451 -- [ 215 1453]
1453 -- [666 465]
1454 -- [2364 3250]
1457 -- [4168 2845]
1460 -- [ 591 1414]
1462 -- [130 596]
1466 -- [2979 2271]
1469 -- [2765 2571]
1470 -- [2988 2989]
1473 -- [4284 2456]
1474 -- [2637 3030]
1477 -- [1050  351]
1482 -- [ 911 1650]
1483 -- [2594 3196]
1484 -- [2455 3155]
1485 -- [1899 3439]
1488 -- [3574 3762]
1490 -- [283 214]
1492 -- [2615 2539]
1493 -- [578 640]
1495 -- [2637 4404]
1498 -- [ 170 1720]
1500 -- [934 258]
1503 -- [2299 2495]
1506 -- [2112 1841]
1507 -- [3554 1937]
1508 -- [1180  385]
1509 -- [3017 3211]
1512 -- [3661 2245]
1513 -- [3535 2390]
1514 -- [3383 3490]
1519 -- [3674 3745]
1520 -- [3367 3900]
1533 -- [2642 3396]
1540 -- [2679 4196]
1543 -- [4039 3687]
1547 -- [ 419 1271]
1551 -- [3235 2443]
1557 -- [3419 2001]
1561 -- [293 856]
1563 -- [4380 3979]
1566 -- [2921 2639]
1572 -- [2528 2622]
1573 -- [303 535]
1574 -- [3828 2144]
1586 -- [ 303 1208]
1590 -- [2353 3077]
1591 -- [4333 1987]
1592 -- [3327 2554]
1595 -- [3206 1966]
1598 -- [3698 3714]
1602 -- [2799 1872]
1603 -- [2096 2044]
1605 -- [2937 2311]
1610 -- [3841 3780]
1619 -- [2555 2378]
1622 -- [611 104]
1625 -- [2464 2326]
1645 -- [4204 2694]
1647 -- [1968 2733]
1648 -- [3508 3700]
1656 -- [4390 4519]
1658 -- [2528 2583]
1660 -- [3240 2511]
1664 -- [4283 4024]
1667 -- [ 140 1784]
1670 -- [2941 4526]
1676 -- [4023 4453]
1678 -- [ 103 1343]
1680 -- [2861 2334]
1681 -- [2802 3949]
1685 -- [1472 1128]
1688 -- [ 899 1151]
1689 -- [2618 2072]
1691 -- [2481 3400]
1698 -- [1865 3710]
1703 -- [2885 4509]
1705 -- [1897 4231]
1708 -- [3651 3902]
1709 -- [1946 2674]
1712 -- [3855 3870]
1714 -- [3053 3711]
1719 -- [2159 3881]
1720 -- [1122 1810]
1721 -- [2255 2120]
1723 -- [3607 2528]
1724 -- [ 936 1159]
1726 -- [2265 3103]
1730 -- [1140  349]
1733 -- [2527 2120]
1736 -- [2615 2411]
1740 -- [2076 4078]
1742 -- [1253   67]
1743 -- [ 744 1506]
1746 -- [3464 2032]
1747 -- [2148 4030]
1751 -- [3102 2571]
1758 -- [4139 4040]
1761 -- [1044 1384]
1763 -- [3320 2480]
1766 -- [3372 3900]
1767 -- [3257 4336]
1770 -- [660 216]
1771 -- [3567 1940]
1774 -- [2510 4434]
1779 -- [3776 3450]
1786 -- [387 380]
1790 -- [3098 3181]
1791 -- [ 34 609]
1792 -- [3409 3317]
1794 -- [3245 4524]
1799 -- [1177  972]
1800 -- [3352 3751]
1801 -- [276 127]
1803 -- [2387 2153]
1805 -- [ 541 1229]
1807 -- [3504 2676]
1812 -- [2651 2240]
1815 -- [1113  105]
1816 -- [3053 3873]
1821 -- [ 704 1407]
1822 -- [1170 1203]
1823 -- [4598 3963]
1824 -- [1615  125]
1825 -- [519  43]
1827 -- [1988 4177]
1828 -- [4158 2798]
1831 -- [4308 2320]
1833 -- [3712 3412]
1834 -- [3855 2440]
1836 -- [2780 3412]
1839 -- [2121 2295]
1842 -- [2238 2184]
1845 -- [863 532]
1846 -- [ 690 1277]
1847 -- [245 974]
1848 -- [2302 2438]
1852 -- [205  67]
1854 -- [1195 1113]
1855 -- [4100 3618]
1857 -- [2258 3738]
1858 -- [1052  665]
1859 -- [3721 3714]
1860 -- [3879 3383]
1865 -- [4342 3260]
1874 -- [2062 2272]
1875 -- [3164 3637]
1876 -- [4455 3420]
1878 -- [  53 1319]
1880 -- [1714  217]
1881 -- [4151 2030]
1883 -- [3155 4157]
1884 -- [1143  375]
1889 -- [ 879 1601]
1892 -- [2121 2425]
1894 -- [  82 1268]
1902 -- [  34 1655]
1904 -- [  80 1244]
1905 -- [3606 1875]
1906 -- [4081 4178]
1908 -- [ 124 1506]
1914 -- [4153 1952]
1915 -- [ 319 1321]
1916 -- [461 386]
1918 -- [3038 2632]
1919 -- [1902 3036]
1920 -- [1501  482]
1921 -- [2478 2366]
1925 -- [3128 4226]
1933 -- [2180 4182]
1934 -- [2518 2848]
1936 -- [2863 1847]
1938 -- [1462   18]
1941 -- [3155 2670]
1950 -- [4184 3841]
1953 -- [2021 2799]
1956 -- [4192 3197]
1960 -- [4336 3333]
1962 -- [1933 2346]
1969 -- [3480 4284]
1970 -- [1491 1788]
1971 -- [1355  860]
1973 -- [4311 2248]
1982 -- [3643 4433]
1985 -- [4085 3588]
1987 -- [ 129 1521]
1989 -- [ 97 563]
1991 -- [1314  659]
1994 -- [2190 3530]
1995 -- [3543 2069]
1998 -- [3563 4299]
1999 -- [2601 3371]
2002 -- [3242 3806]
2011 -- [3795 2580]
2017 -- [1609   96]
2022 -- [3599 4077]
2027 -- [ 924 1376]
2028 -- [421 406]
2030 -- [2564 4341]
2035 -- [2415 4036]
2037 -- [2467 4061]
2038 -- [3084 4376]
2042 -- [2686 1835]
2043 -- [3524 2941]
2044 -- [4581 3979]
2046 -- [1929 3730]
2048 -- [1760 1772]
2051 -- [4082 3119]
2058 -- [2966 3438]
2060 -- [ 294 1018]
2061 -- [1692  313]
2064 -- [4308 3092]
2066 -- [210 925]
2068 -- [1965 4486]
2070 -- [1006 1749]
2074 -- [2014 2872]
2077 -- [4344 3599]
2078 -- [1623  884]
2080 -- [1481  152]
2086 -- [2051 4111]
2088 -- [3539 2804]
2092 -- [2955 2441]
2093 -- [2148 3531]
2096 -- [3614 2955]
2100 -- [2150 2275]
2107 -- [567 776]
2111 -- [3557 2635]
2116 -- [4321 3121]
2118 -- [3458 4319]
2122 -- [1310  308]
2123 -- [2717 4269]
2126 -- [2753 3068]
2127 -- [1804   70]
2128 -- [4477 3620]
2133 -- [2113 3129]
2134 -- [4239 2701]
2137 -- [1016  178]
2140 -- [3968 1851]
2141 -- [3392 3313]
2146 -- [1928 4092]
2147 -- [1371 1542]
2148 -- [2461 2583]
2149 -- [1658  332]
2152 -- [4405 3900]
2157 -- [  33 1348]
2162 -- [2410 2278]
2164 -- [3686 2589]
2166 -- [470 869]
2167 -- [3474 2114]
2171 -- [ 84 303]
2174 -- [487   7]
2176 -- [4122 4466]
2177 -- [4421 2481]
2179 -- [1263 1467]
2184 -- [ 862 1114]
2185 -- [ 111 1040]
2188 -- [2758 2072]
2193 -- [767 313]
2194 -- [3393 4344]
2196 -- [2995 3507]
2197 -- [1333 1495]
2198 -- [ 564 1758]
2199 -- [1482 1276]
2203 -- [3458 4380]
2206 -- [ 602 1436]
2209 -- [ 216 1316]
2210 -- [ 121 1518]
2214 -- [2769 4287]
2217 -- [2964 3614]
2218 -- [3034 3986]
2219 -- [789 595]
2221 -- [ 342 1114]
2222 -- [4391 3918]
2226 -- [1073    7]
2227 -- [2584 4392]
2230 -- [2128 3789]
2237 -- [3561 3288]
2239 -- [3879 2426]
2242 -- [ 405 1298]
2243 -- [3392 2852]
2244 -- [2828 2577]
2247 -- [3037 3352]
2248 -- [1535  587]
2253 -- [624 970]
2258 -- [859 858]
2264 -- [2398 3724]
2265 -- [2208 3782]
2271 -- [2483 3453]
2274 -- [3286 2866]
2277 -- [1226  113]
2280 -- [4096 3392]
2288 -- [4182 2607]
2291 -- [2144 3228]
2295 -- [4292 3966]
2296 -- [777 463]
2300 -- [2621 4000]
2303 -- [4358 3249]
2304 -- [1224 1239]
2307 -- [417 682]
2308 -- [2551 3373]
2310 -- [2159 2347]
2314 -- [ 221 1531]
2328 -- [3732 3388]
2330 -- [ 434 1293]
2331 -- [3136 4535]
2337 -- [4443 1835]
2339 -- [2701 2563]
2350 -- [3017 3028]
2356 -- [3914 3476]
2357 -- [657 788]
2361 -- [402 494]
2365 -- [3232 2454]
2370 -- [4262 4584]
2372 -- [4006 2534]
2374 -- [111 731]
2376 -- [3465 4357]
2377 -- [3292 3021]
2378 -- [3546 3263]
2384 -- [3889 4446]
2385 -- [2518 4288]
2387 -- [4352 2649]
2390 -- [1138 1489]
2392 -- [569 869]
2393 -- [1940 4393]
2396 -- [1721  845]
2397 -- [4403 3469]
2401 -- [855 841]
2402 -- [3367 3950]
2403 -- [3110 4542]
2407 -- [ 748 1684]
2409 -- [2542 3567]
2410 -- [1650 1538]
2413 -- [4084 3147]
2415 -- [3646 1872]
2417 -- [2929 2006]
2421 -- [2028 4155]
2423 -- [2497 1877]
2426 -- [ 308 1042]
2427 -- [2639 4125]
2428 -- [3872 4160]
2431 -- [1282 1649]
2432 -- [2803 2394]
2437 -- [ 75 406]
2438 -- [140 860]
2444 -- [ 708 1301]
2445 -- [2922 2791]
2447 -- [2527 2053]
2453 -- [ 966 1803]
2456 -- [1514 1683]
2458 -- [ 840 1458]
2459 -- [3834 3486]
2460 -- [3824 2088]
2461 -- [2611 2917]
2462 -- [3303 3750]
2464 -- [3704 4229]
-cl sat and violated: 1330 | 803  | total #cl: 2133 | -violated weight: 4015
2 -- [1687 3645]
6 -- [4386  311]
13 -- [ 783 2451]
16 -- [3518 1363]
21 -- [2661  850]
23 -- [1964  739]
25 -- [3663  593]
26 -- [2805 1319]
30 -- [1780 3057]
31 -- [1885  828]
32 -- [3238 1399]
35 -- [1084 4591]
37 -- [1239 4398]
38 -- [ 388 4306]
43 -- [1086 4270]
44 -- [1050 2643]
49 -- [1126 3589]
53 -- [2103  853]
54 -- [1987 1008]
57 -- [1258 3425]
58 -- [3570  278]
59 -- [3784  260]
60 -- [ 791 3196]
61 -- [3459 1531]
62 -- [2646 1648]
63 -- [1193 3853]
65 -- [3996 1592]
66 -- [3967  353]
70 -- [ 878 3235]
71 -- [2147  588]
72 -- [ 329 2166]
73 -- [1617 4457]
76 -- [3458 1418]
77 -- [1903  529]
80 -- [4510 1201]
83 -- [2049 1039]
88 -- [1086 3717]
93 -- [1711 4374]
96 -- [1712 4341]
98 -- [2703 1645]
102 -- [ 348 3899]
103 -- [4540 1623]
104 -- [3592 1080]
106 -- [3309 1311]
113 -- [2931 1790]
114 -- [ 139 3134]
115 -- [3514  794]
117 -- [ 263 3535]
119 -- [4056 1709]
120 -- [1866  919]
121 -- [ 354 4450]
122 -- [ 530 2495]
123 -- [ 748 1950]
125 -- [3733   86]
126 -- [1458 3245]
127 -- [2692  529]
128 -- [4190  324]
133 -- [2649  950]
140 -- [3906 1548]
142 -- [2643 1544]
143 -- [ 884 2072]
144 -- [4023  799]
145 -- [3877 1672]
147 -- [1489 3660]
148 -- [ 313 2561]
149 -- [2194 1711]
153 -- [ 592 3225]
157 -- [1688 3961]
162 -- [1348 3248]
164 -- [1885 1035]
166 -- [3451 1279]
169 -- [ 696 1944]
171 -- [1513 2987]
173 -- [4411  386]
178 -- [ 399 2387]
179 -- [2974 1096]
181 -- [2612  754]
185 -- [ 368 1933]
186 -- [3979 1487]
190 -- [4535 1612]
191 -- [ 777 3143]
197 -- [ 550 2975]
201 -- [3164   69]
207 -- [2224 1017]
209 -- [2419 1443]
214 -- [1605 2655]
217 -- [1686 4420]
218 -- [ 801 4275]
219 -- [4104   73]
220 -- [2703  378]
221 -- [1462 2159]
222 -- [ 386 3433]
226 -- [3776 1534]
228 -- [1440 4430]
229 -- [ 282 2315]
233 -- [ 469 2327]
235 -- [1672 4495]
238 -- [  81 3963]
240 -- [3023 1076]
244 -- [3184  187]
247 -- [3396 1738]
248 -- [ 631 1838]
249 -- [ 448 3163]
251 -- [   6 3311]
255 -- [2734  381]
256 -- [3932   86]
258 -- [4486 1730]
260 -- [4534 1076]
261 -- [1773 3597]
262 -- [4421  268]
263 -- [1792 3921]
264 -- [1688 3536]
266 -- [2533 1048]
269 -- [ 245 2649]
271 -- [ 337 1967]
272 -- [2236  881]
274 -- [1504 2284]
275 -- [1015 3200]
277 -- [2751 1726]
278 -- [4070 1255]
279 -- [2671 1206]
285 -- [1935  363]
290 -- [ 322 3180]
292 -- [ 459 4192]
300 -- [4180   87]
301 -- [3597  860]
308 -- [1155 2760]
310 -- [2189   43]
311 -- [1086 2840]
313 -- [1086 2326]
316 -- [4127 1257]
319 -- [3136  893]
321 -- [2683  750]
323 -- [3499  773]
325 -- [3599  564]
326 -- [3317 1603]
332 -- [3972  557]
333 -- [4343 1460]
334 -- [3138  547]
335 -- [ 953 4517]
343 -- [1206 2831]
345 -- [ 589 3326]
348 -- [1649 4596]
355 -- [1136 4323]
356 -- [2883   59]
371 -- [1276 3431]
373 -- [4004  807]
375 -- [ 704 1880]
380 -- [2226  288]
385 -- [  86 3817]
386 -- [1168 3363]
388 -- [  86 4538]
390 -- [ 586 3549]
391 -- [ 159 4371]
397 -- [2166 1185]
398 -- [4323 1409]
400 -- [ 666 2490]
401 -- [2790   47]
402 -- [3583 1711]
408 -- [2143  109]
409 -- [1755 2397]
410 -- [1774 3628]
411 -- [3469 1432]
412 -- [1044 3909]
418 -- [ 923 3005]
422 -- [ 255 2041]
423 -- [3788 1504]
424 -- [1325 3201]
427 -- [ 640 3023]
428 -- [1183 4040]
429 -- [4434  151]
430 -- [3805 1614]
432 -- [3926  974]
437 -- [ 478 4550]
438 -- [ 198 3061]
440 -- [1883  176]
442 -- [3272  408]
448 -- [2364  287]
457 -- [3240 1296]
461 -- [1661 3476]
465 -- [2364 1003]
466 -- [1934  314]
469 -- [2061 1323]
470 -- [1471 3799]
474 -- [2111  780]
478 -- [4341  709]
481 -- [2516   66]
483 -- [3822 1276]
485 -- [3760  984]
486 -- [3496 1762]
488 -- [3757  159]
490 -- [4022  565]
494 -- [1351 4511]
495 -- [3201  674]
498 -- [3234  619]
503 -- [3405 1123]
504 -- [ 423 2781]
506 -- [1931 1759]
508 -- [1665 4132]
509 -- [1651 1935]
515 -- [4218 1775]
517 -- [3016  545]
518 -- [ 204 3899]
520 -- [3419  511]
522 -- [2170  736]
526 -- [1727 2543]
527 -- [3883  444]
531 -- [3844 1156]
536 -- [ 656 2301]
540 -- [1810 3626]
547 -- [ 374 3829]
551 -- [4478 1574]
554 -- [ 308 3429]
556 -- [1806 3543]
557 -- [ 310 4223]
561 -- [4477  229]
563 -- [2035  769]
566 -- [1188 4220]
567 -- [ 363 3355]
568 -- [2845  381]
570 -- [ 587 2941]
576 -- [1902 1780]
578 -- [2589 1723]
580 -- [ 749 2538]
583 -- [ 976 3789]
585 -- [3574  484]
587 -- [2815  818]
596 -- [ 964 3328]
599 -- [1745 3746]
605 -- [1208 3989]
607 -- [ 301 3755]
608 -- [ 225 4107]
609 -- [ 569 2615]
611 -- [ 326 3152]
613 -- [3894  580]
616 -- [1080 2891]
622 -- [ 331 2105]
623 -- [1902 1560]
625 -- [3019 1035]
626 -- [3745 1122]
631 -- [2815 1675]
634 -- [ 797 2372]
635 -- [4128  967]
637 -- [ 192 2480]
640 -- [ 187 4390]
642 -- [3836 1696]
644 -- [2557  453]
646 -- [3004  333]
647 -- [ 696 4009]
649 -- [ 678 4514]
652 -- [1925  748]
654 -- [ 826 2673]
655 -- [1757 3872]
656 -- [1106 4454]
657 -- [2301  314]
666 -- [2768   86]
667 -- [4550  661]
668 -- [1357 2259]
670 -- [ 658 1818]
673 -- [ 757 3776]
674 -- [ 396 4545]
675 -- [1262 2426]
684 -- [4057  216]
691 -- [3245  335]
693 -- [1422 3561]
694 -- [1616 2840]
696 -- [1373 2118]
701 -- [1486 3967]
710 -- [ 614 4133]
717 -- [ 358 4515]
720 -- [1109 3245]
721 -- [  23 2614]
722 -- [2012 1162]
723 -- [ 755 2102]
731 -- [1590 3449]
732 -- [2175 1483]
743 -- [2235  727]
745 -- [ 305 3925]
747 -- [ 455 2703]
748 -- [ 608 3615]
750 -- [ 911 2633]
752 -- [ 459 3990]
753 -- [1076 2865]
761 -- [1789 4483]
762 -- [ 766 1968]
764 -- [1104 1990]
767 -- [1430 4265]
768 -- [4236  153]
770 -- [ 627 4245]
775 -- [3927 1720]
778 -- [3416  994]
780 -- [2299 1464]
781 -- [4438 1270]
782 -- [3083  448]
783 -- [2942 1729]
787 -- [1237 4269]
788 -- [ 964 3269]
790 -- [2888  374]
791 -- [3107  363]
796 -- [1768 2637]
799 -- [1248 3557]
801 -- [3126 1658]
802 -- [1538 4271]
803 -- [4111 1634]
805 -- [2171 1203]
808 -- [ 164 2049]
810 -- [2077 1272]
813 -- [3796  343]
817 -- [4162  818]
819 -- [1478 1828]
821 -- [ 225 2886]
822 -- [3919 1393]
830 -- [ 429 4055]
836 -- [3166  957]
837 -- [3984 1234]
845 -- [ 602 3502]
846 -- [ 461 4165]
847 -- [4280  570]
851 -- [ 288 2544]
852 -- [3032 1038]
855 -- [1123 1932]
858 -- [4312  571]
860 -- [ 700 1940]
861 -- [3388  906]
862 -- [1257 3463]
863 -- [1545 2395]
866 -- [1533 3303]
867 -- [ 232 3554]
869 -- [ 171 3009]
870 -- [1205 2787]
873 -- [3761  235]
875 -- [1600 4437]
877 -- [1206 3066]
878 -- [ 249 3235]
880 -- [4234  214]
883 -- [1085 4474]
884 -- [ 860 3618]
885 -- [2307 1399]
887 -- [2642  325]
890 -- [  11 4439]
892 -- [2942  159]
893 -- [3061 1106]
894 -- [1536 1969]
898 -- [1010 3420]
901 -- [1686 3425]
903 -- [2049 1565]
907 -- [ 121 3430]
909 -- [2773  214]
912 -- [ 484 3863]
913 -- [1223 1910]
915 -- [ 544 1824]
918 -- [ 234 3996]
923 -- [ 440 2302]
931 -- [ 132 3554]
932 -- [1276 3832]
933 -- [ 638 2461]
937 -- [ 115 3960]
941 -- [1765 2843]
945 -- [1973  621]
948 -- [ 136 3043]
949 -- [ 735 2040]
951 -- [  98 3911]
953 -- [ 140 4145]
955 -- [2536  567]
956 -- [3849 1080]
959 -- [1077 4583]
960 -- [3118  268]
961 -- [ 576 3408]
964 -- [4557  533]
975 -- [1933  858]
976 -- [1408 2259]
978 -- [ 188 2722]
981 -- [4562 1559]
986 -- [ 965 3052]
988 -- [3413  231]
990 -- [4143 1453]
991 -- [2802  918]
995 -- [1311 2984]
998 -- [4269   93]
1000 -- [2876  542]
1001 -- [ 453 2472]
1002 -- [4213  252]
1010 -- [ 782 2041]
1011 -- [1432 2837]
1013 -- [1865  481]
1017 -- [ 894 1847]
1018 -- [ 450 2368]
1019 -- [1030 3665]
1020 -- [1041 3068]
1022 -- [  78 1929]
1025 -- [2551  935]
1027 -- [2718  515]
1029 -- [3485 1111]
1032 -- [4259 1149]
1034 -- [ 378 3402]
1037 -- [1562 2757]
1038 -- [ 868 4241]
1039 -- [2156  247]
1040 -- [2137  228]
1044 -- [4321 1028]
1045 -- [3276  567]
1046 -- [1404 4201]
1047 -- [ 731 1834]
1048 -- [2687  312]
1051 -- [  81 3303]
1056 -- [3518   54]
1058 -- [ 276 4576]
1059 -- [1321 1920]
1060 -- [ 545 3213]
1065 -- [1573 2762]
1066 -- [1623 3876]
1067 -- [3631 1488]
1070 -- [1218 4424]
1082 -- [3319 1767]
1083 -- [ 744 3404]
1086 -- [4348 1723]
1103 -- [ 852 3879]
1110 -- [1611 4253]
1130 -- [3662 1478]
1132 -- [ 381 4555]
1133 -- [1236 3067]
1135 -- [3644  640]
1140 -- [4435 1734]
1143 -- [3708 1573]
1148 -- [1861 1693]
1149 -- [ 674 2907]
1153 -- [1011 2299]
1156 -- [2629 1386]
1161 -- [1336 2807]
1164 -- [2397  382]
1165 -- [2582  541]
1166 -- [2644  172]
1172 -- [ 146 4387]
1173 -- [2254 1271]
1174 -- [2476 1188]
1176 -- [3026 1443]
1179 -- [3385 1426]
1180 -- [ 542 2287]
1185 -- [2187  994]
1189 -- [4070  443]
1190 -- [1053 3951]
1194 -- [1796 1985]
1196 -- [  19 3075]
1198 -- [1602 2900]
1199 -- [ 965 2982]
1203 -- [ 320 2864]
1204 -- [ 450 2714]
1212 -- [2179   79]
1217 -- [  15 2687]
1218 -- [3061 1736]
1221 -- [4454  484]
1223 -- [4053  224]
1226 -- [4383    0]
1227 -- [ 820 2216]
1230 -- [1368 2797]
1231 -- [1863 1274]
1232 -- [1766 2404]
1233 -- [  14 2870]
1235 -- [ 490 2586]
1244 -- [ 156 3993]
1248 -- [ 720 4340]
1252 -- [1839  225]
1254 -- [2168  177]
1259 -- [1319 3393]
1266 -- [4400 1739]
1267 -- [3224 1651]
1268 -- [2270 1565]
1270 -- [ 211 2238]
1271 -- [1016 3843]
1273 -- [ 794 4375]
1275 -- [ 743 3275]
1277 -- [3239  236]
1279 -- [2305  462]
1282 -- [1138 3272]
1283 -- [3972 1597]
1284 -- [2868  640]
1285 -- [1982  978]
1288 -- [ 685 2137]
1289 -- [  67 3618]
1291 -- [1665 3881]
1297 -- [3678 1429]
1298 -- [1002 4453]
1300 -- [4530  121]
1305 -- [ 354 1889]
1306 -- [3969 1490]
1307 -- [3601  313]
1309 -- [ 150 2141]
1310 -- [ 324 4248]
1314 -- [2535  215]
1318 -- [2298  195]
1320 -- [1382 3621]
1321 -- [2474  351]
1328 -- [3992 1650]
1330 -- [1878  394]
1331 -- [ 449 3679]
1336 -- [ 958 3393]
1344 -- [4117 1439]
1345 -- [3038  921]
1347 -- [1371 2068]
1349 -- [ 859 2216]
1350 -- [ 135 3523]
1351 -- [3603  666]
1352 -- [ 195 3578]
1357 -- [3841 1198]
1358 -- [ 274 2398]
1361 -- [4594  139]
1362 -- [4372  625]
1364 -- [1694 3445]
1368 -- [ 429 2569]
1369 -- [2064 1646]
1370 -- [1908  244]
1384 -- [3628 1033]
1389 -- [ 320 3576]
1390 -- [4447  463]
1396 -- [1398 2279]
1397 -- [4133 1392]
1400 -- [1287 2964]
1401 -- [1071 2542]
1402 -- [3225  156]
1403 -- [2031  131]
1407 -- [1916 1371]
1408 -- [ 444 2288]
1409 -- [3369 1489]
1411 -- [1038 2443]
1412 -- [2597  777]
1413 -- [4303  305]
1414 -- [1145 3290]
1417 -- [ 147 2060]
1421 -- [3000 1112]
1424 -- [ 814 4039]
1425 -- [1746 3887]
1429 -- [2812  704]
1432 -- [ 177 2850]
1433 -- [4105  233]
1437 -- [ 521 3529]
1438 -- [2507 1711]
1443 -- [1710 2499]
1444 -- [3306 1804]
1450 -- [2478 1319]
1451 -- [ 793 2433]
1452 -- [2686 1201]
1453 -- [2772 1372]
1457 -- [4135  337]
1458 -- [4317  449]
1465 -- [4399  450]
1466 -- [2213 1584]
1467 -- [4347 1774]
1470 -- [2171  669]
1471 -- [  18 2308]
1472 -- [ 460 4408]
1473 -- [2976 1429]
1479 -- [2580  300]
1480 -- [1331 3505]
1484 -- [ 601 2257]
1485 -- [  21 1982]
1486 -- [3219 1623]
1488 -- [ 595 4483]
1491 -- [4597 1091]
1492 -- [ 543 2804]
1496 -- [4552  397]
1497 -- [1747 1854]
1498 -- [4024 1492]
1500 -- [2574  843]
1501 -- [3539 1305]
1502 -- [3326 1598]
1508 -- [4024   92]
1509 -- [  78 2843]
1510 -- [3286  515]
1514 -- [ 854 3798]
1515 -- [1979 1523]
1516 -- [ 645 3921]
1519 -- [ 262 2228]
1521 -- [ 588 3557]
1523 -- [3097 1623]
1524 -- [2661   90]
1527 -- [1189 3546]
1530 -- [1409 3706]
1533 -- [1133 3388]
1535 -- [3935   61]
1545 -- [1088 2606]
1556 -- [3809    6]
1557 -- [ 353 4012]
1559 -- [4578  702]
1564 -- [3061 1723]
1565 -- [2809  403]
1568 -- [2188  983]
1569 -- [1571 4542]
1572 -- [2318  596]
1576 -- [ 685 4299]
1578 -- [ 590 3977]
1580 -- [1237 4016]
1581 -- [2391  719]
1582 -- [ 945 2105]
1583 -- [3258  427]
1584 -- [1804 3211]
1585 -- [1153 2033]
1586 -- [1366 1891]
1588 -- [4186 1762]
1594 -- [2621 1446]
1596 -- [2641  876]
1597 -- [ 466 2213]
1601 -- [1047 1989]
1605 -- [1321 2817]
1609 -- [2900  947]
1613 -- [2637 1053]
1616 -- [1297 2984]
1619 -- [1627 1941]
1622 -- [2956 1188]
1623 -- [4489   86]
1628 -- [ 337 2914]
1629 -- [ 504 4340]
1633 -- [2153  639]
1636 -- [3400 1024]
1637 -- [2132 1283]
1641 -- [3952    9]
1647 -- [  73 3686]
1661 -- [2568  221]
1665 -- [4436 1460]
1666 -- [1537 1955]
1667 -- [4323 1409]
1668 -- [3041 1691]
1670 -- [1330 3388]
1673 -- [ 812 2391]
1682 -- [1012 3648]
1683 -- [2567  300]
1687 -- [1516 2910]
1691 -- [2452  747]
1693 -- [ 766 2099]
1695 -- [3385 1216]
1699 -- [3722  160]
1700 -- [1016 4313]
1706 -- [ 838 4010]
1707 -- [1205 4194]
1708 -- [ 432 2144]
1714 -- [1959  235]
1715 -- [3113 1678]
1716 -- [1543 4486]
1717 -- [ 454 3563]
1725 -- [  28 3053]
1727 -- [3339 1496]
1730 -- [3264  630]
1731 -- [4435 1788]
1734 -- [1502 1818]
1738 -- [2287  368]
1740 -- [ 288 3236]
1743 -- [1658 3489]
1744 -- [ 629 2357]
1745 -- [1226 2120]
1749 -- [1471 2559]
1750 -- [4495  499]
1753 -- [4518  624]
1754 -- [ 115 3342]
1755 -- [2306 1036]
1756 -- [1024 3676]
1757 -- [ 466 3208]
1760 -- [1977  974]
1763 -- [2881 1468]
1770 -- [3336 1623]
1772 -- [4405  759]
1775 -- [4572 1195]
1778 -- [2272  508]
1779 -- [4108 1458]
1784 -- [3993  946]
1785 -- [1333 2053]
1786 -- [3282 1486]
1787 -- [ 408 2220]
1794 -- [1559 3744]
1797 -- [2452  367]
1800 -- [ 696 4143]
1802 -- [ 246 4464]
1808 -- [2907  415]
1809 -- [ 614 3760]
1812 -- [1490 4513]
1819 -- [2390 1495]
1820 -- [4578 1262]
1821 -- [1489 4364]
1824 -- [2253  295]
1826 -- [ 872 1818]
1827 -- [4464  713]
1841 -- [ 405 2819]
1844 -- [3004  925]
1846 -- [1129 2946]
1848 -- [ 748 2307]
1850 -- [2081  157]
1852 -- [4302  641]
1854 -- [ 529 2614]
1858 -- [1969  838]
1860 -- [ 455 4277]
1862 -- [2188 1630]
1863 -- [1401 4382]
1864 -- [2550 1421]
1867 -- [1661 2239]
1868 -- [1292 4422]
1869 -- [ 657 1991]
1872 -- [1542 3707]
1875 -- [  72 3972]
1878 -- [ 998 2941]
1879 -- [ 375 2598]
1880 -- [1990 1484]
1884 -- [2431 1782]
1885 -- [ 354 3711]
1886 -- [2204  241]
1892 -- [1439 2342]
1894 -- [1848 1668]
1896 -- [3765  613]
1898 -- [1053 2373]
1900 -- [3144 1240]
1901 -- [1678 3893]
1903 -- [4004 1363]
1905 -- [2882 1042]
1906 -- [ 855 3946]
1908 -- [ 346 3593]
1911 -- [2784  253]
1913 -- [1405 3849]
1915 -- [2587  961]
1917 -- [ 452 2534]
1919 -- [1602 3100]
1920 -- [ 537 2063]
1923 -- [2041 1473]
1926 -- [1975  497]
1928 -- [ 221 3676]
1931 -- [ 874 4085]
1932 -- [ 305 4120]
1935 -- [ 514 1872]
1936 -- [1062 3909]
1940 -- [1170 2207]
1942 -- [3677 1350]
1944 -- [3622  296]
1948 -- [3492  965]
1949 -- [4524  353]
1951 -- [1737 3931]
1952 -- [3746 1403]
1955 -- [3548  337]
1961 -- [ 962 2740]
1962 -- [1646 3604]
1963 -- [1291 2924]
1965 -- [2936 1041]
1966 -- [1865 1792]
1969 -- [2604  917]
1974 -- [4505 1171]
1975 -- [4102  740]
1977 -- [1887 1704]
1981 -- [2928  766]
1983 -- [4001  437]
1991 -- [3537  989]
1992 -- [3762 1616]
1993 -- [2480 1676]
1994 -- [1311 3187]
2001 -- [3975  840]
2002 -- [3024  752]
2004 -- [4430  857]
2007 -- [2777  148]
2008 -- [ 958 4176]
2010 -- [1182 3798]
2011 -- [2227  586]
2012 -- [ 676 2121]
2013 -- [ 791 4340]
2014 -- [3354  624]
2018 -- [1665 2766]
2024 -- [1425 3579]
2026 -- [ 251 4505]
2027 -- [3147 1336]
2029 -- [3423 1296]
2031 -- [ 747 2910]
2033 -- [1537 1992]
2037 -- [1221 4395]
2039 -- [ 917 4230]
2040 -- [2045  712]
2043 -- [ 343 3109]
2047 -- [ 756 2729]
2051 -- [2306  757]
2052 -- [3503   37]
2054 -- [2263 1205]
2055 -- [3771 1798]
2056 -- [1172 4259]
2058 -- [4242  175]
2059 -- [1905 1453]
2062 -- [ 298 2119]
2063 -- [4075 1258]
2065 -- [1212 4070]
2066 -- [  22 3303]
2068 -- [4144 1740]
2076 -- [1006 3136]
2080 -- [1152 4130]
2084 -- [2014 1306]
2085 -- [3438  305]
2086 -- [1326 3326]
2089 -- [2454  829]
2092 -- [4002  407]
2094 -- [ 723 4454]
2095 -- [1589 3867]
2096 -- [ 606 2866]
2097 -- [ 777 3613]
2098 -- [2736  113]
2099 -- [1177 3916]
2101 -- [3050  759]
2103 -- [4344 1798]
2106 -- [ 480 4162]
2113 -- [ 138 2706]
2115 -- [1519 3222]
2120 -- [1392 4077]
2125 -- [ 718 3307]
2127 -- [1150 3326]
7 -time: 0.02193 -dim: (11172, 2)
8 -time: 0.00015 -dim: (7, 57)
9 -time: 4.07590 -dim: (1835400, 3)
10 -time: 5.94011 -dim: (1730141, 3)
11_12 -time: 0.19699 -dim: [110424, 2]
13 -time: 0.07966 -dim: (36808, 4)
14_15 -time: 0.03583 -dim: [798, 2]
16 -time: 0.00002 -dim: (0, 2)
17_18 -time: 0.39568 -dim: [73616, 3]
19 -time: 0.00011 -dim: (1, 1)
20 -time: 0.24304 -dim: (0, 4601)
21 -time: 0.00086 -dim: (1, 4601)
22 -time: 0.00005 -dim: (2133, 3)
23 -time: 0.00003 -dim: (2133, 3)
24 -time: 0.00004 -dim: (0, 5)
25 -time: 0.00006 -dim: (2468, 3)
26 -time: 0.00004 -dim: (2468, 3)
smtPr 22-26 -time: 0.01474 -dim: nan
slvr_header -time: 1.35337 -dim: nan
*solver* -time: 900.11272 -dim: nan
res_read -time: 0.06446 -dim: nan
-- SUM CL TIME: 11.00524          |  SUM other TIME: 901.53055          |  SUM TIME: 912.53579
