num branch_node: 7
num leaf_node: 8
num feature: 57
tree_depth: 3
num label: 2
nDC: 2432

***variables
a: 1 - 399 -> 399
s: 400 - 32606 -> 32207
z: 32607 - 69414 -> 36808
g: 69415 - 69430 -> 16
x: 69431 - 78632 -> 9202
ml: 78633 - 79867 -> 1235
cl: 79868 - 80932 -> 1065

variables***
[debug] --> CL ML ratio 1
the cl header --> p wcnf 80932 3805268 2301

timeout 900s ~/SAT_Project/loandra-master/loandra_static -pmreslin-cglim=30 -weight-strategy=1 -print-model -verbosity=1 ./solutions/spam_0.1_mc0.5_s2352_r1/phase_1_clauses_final >./solutions/spam_0.1_mc0.5_s2352_r1/phase_1_loandra_res

Start to read loandra res
*loandra status: SATISFIABLE
-ml sat and violated: 1026 | 209  | total #ml: 1235 | -violated weight: 209
9 -- [960 393]
18 -- [1809  255]
23 -- [154 247]
24 -- [3206 3986]
27 -- [1683 1778]
34 -- [1220  993]
38 -- [1705  437]
40 -- [3301 4353]
45 -- [1361  524]
51 -- [1384  610]
58 -- [758 541]
59 -- [842 867]
61 -- [144 881]
62 -- [4121 3505]
66 -- [ 379 1463]
76 -- [4198 3814]
83 -- [1938 2938]
86 -- [3430 2441]
91 -- [251 270]
107 -- [1046  967]
109 -- [1230  305]
113 -- [ 750 1594]
116 -- [635   6]
125 -- [1585  551]
133 -- [1289 1493]
142 -- [2137 4562]
156 -- [3108 2135]
157 -- [  57 1229]
161 -- [1601 1048]
170 -- [271 792]
177 -- [1760  233]
187 -- [3050 4215]
192 -- [ 371 1558]
194 -- [1082  756]
195 -- [3872 4420]
201 -- [  57 1025]
202 -- [742 193]
206 -- [ 389 1410]
207 -- [ 152 1226]
209 -- [1073  866]
210 -- [1505 1323]
217 -- [1776   26]
219 -- [1723  116]
221 -- [ 391 1704]
228 -- [4137 3235]
229 -- [ 516 1017]
231 -- [1754  711]
237 -- [4388 4025]
238 -- [2661 1888]
246 -- [3430 4519]
256 -- [212 429]
262 -- [ 463 1168]
268 -- [4326 2039]
270 -- [1399 1317]
279 -- [3607 3217]
294 -- [1514  730]
319 -- [2950 2538]
327 -- [1938 3277]
333 -- [1555 1727]
336 -- [873 588]
342 -- [1526    8]
352 -- [ 399 1788]
353 -- [463 969]
362 -- [ 352 1560]
364 -- [2581 3108]
369 -- [3526 3593]
380 -- [1194 1622]
381 -- [ 852 1421]
383 -- [ 182 1108]
384 -- [1467 1735]
385 -- [3523 4137]
390 -- [3292 3427]
395 -- [2144 2304]
397 -- [ 49 750]
401 -- [220 376]
410 -- [ 987 1497]
412 -- [3108 3191]
414 -- [803 209]
422 -- [232 782]
429 -- [4173 3185]
435 -- [2804 3738]
436 -- [1213 1178]
439 -- [1803 1721]
448 -- [1310   94]
450 -- [ 423 1543]
453 -- [2370 3864]
455 -- [4348 4198]
457 -- [2064 2534]
465 -- [3945 3922]
468 -- [ 412 1205]
471 -- [4121 2495]
479 -- [1722  502]
488 -- [3985 3206]
489 -- [1469  390]
491 -- [1641 1481]
501 -- [3978 4315]
507 -- [402 459]
510 -- [3428 2963]
512 -- [1182  132]
513 -- [1745 1685]
514 -- [1675 1513]
517 -- [2461 1898]
530 -- [ 607 1802]
534 -- [4138 3593]
538 -- [2016 4289]
544 -- [1051  874]
547 -- [1189  428]
561 -- [931 805]
567 -- [ 36 694]
568 -- [1642 1753]
571 -- [1610 1502]
572 -- [2772 2508]
583 -- [1425 1677]
599 -- [2305 4470]
600 -- [592 117]
604 -- [3289 4076]
610 -- [2764 2809]
611 -- [442 246]
615 -- [786 324]
620 -- [3329 3233]
624 -- [241 781]
625 -- [1495 1031]
634 -- [1488 1005]
641 -- [ 634 1687]
651 -- [304 886]
666 -- [1058  441]
675 -- [1371 1436]
688 -- [4398 4258]
696 -- [2412 2865]
706 -- [3310 3022]
714 -- [1056  519]
734 -- [1173 1433]
740 -- [1162 1515]
745 -- [3120 2116]
753 -- [2353 2809]
763 -- [   9 1121]
768 -- [595 674]
770 -- [ 703 1290]
797 -- [4134 2284]
803 -- [ 597 1220]
813 -- [ 115 1068]
830 -- [2147 4087]
843 -- [1932 3430]
846 -- [2241 2653]
850 -- [3738 4346]
865 -- [1365 1783]
870 -- [764 303]
873 -- [1377 1062]
882 -- [1457  880]
891 -- [ 626 1234]
899 -- [ 16 644]
901 -- [561 238]
903 -- [1901 2508]
906 -- [1375  763]
909 -- [963 587]
926 -- [1342  263]
932 -- [1658  168]
933 -- [184 628]
954 -- [ 319 1396]
959 -- [2708 1860]
963 -- [1314  711]
968 -- [1412 1376]
971 -- [1706 1797]
979 -- [4138 4034]
983 -- [2315 3405]
987 -- [1614  377]
990 -- [4415 3009]
993 -- [1511  540]
994 -- [2811 3150]
998 -- [1219 1476]
1006 -- [ 852 1682]
1007 -- [1199  768]
1010 -- [102 396]
1013 -- [287 595]
1015 -- [799 796]
1025 -- [1643 1463]
1026 -- [1255 1601]
1032 -- [1192  556]
1036 -- [1305 1716]
1043 -- [2305 3552]
1044 -- [4264 4134]
1049 -- [1292 1032]
1056 -- [485 905]
1066 -- [ 35 716]
1067 -- [431 677]
1070 -- [548  28]
1086 -- [3392 4134]
1091 -- [1182 1205]
1096 -- [625 810]
1101 -- [773 273]
1107 -- [4570 3417]
1111 -- [1130 1457]
1116 -- [1199 1425]
1126 -- [4104 2917]
1140 -- [1502 1341]
1147 -- [1228  291]
1150 -- [ 886 1595]
1155 -- [3501 2464]
1156 -- [620 859]
1162 -- [1255 1090]
1174 -- [1352  904]
1178 -- [200  36]
1186 -- [1721  576]
1190 -- [3326 2659]
1193 -- [2743 4415]
1202 -- [1586  936]
1220 -- [1787  954]
1232 -- [1515  991]
1233 -- [3671 2545]
-cl sat and violated: 635 | 430  | total #cl: 1065 | -violated weight: 430
2 -- [1687 3645]
6 -- [4386  311]
9 -- [2161 1323]
11 -- [2249  616]
12 -- [3254  544]
17 -- [3738  700]
19 -- [  39 3743]
32 -- [3238 1399]
33 -- [4047 1753]
36 -- [1344 3597]
37 -- [1239 4398]
40 -- [4450  501]
42 -- [ 582 4051]
45 -- [ 351 2571]
47 -- [3631 1201]
49 -- [1126 3589]
51 -- [2102 1079]
53 -- [2103  853]
56 -- [1587 2689]
60 -- [ 791 3196]
64 -- [4523  787]
68 -- [1802 4525]
72 -- [ 329 2166]
73 -- [1617 4457]
76 -- [3458 1418]
80 -- [4510 1201]
81 -- [4170 1424]
82 -- [2962 1808]
83 -- [2049 1039]
91 -- [1228 3817]
93 -- [1711 4374]
94 -- [1036 1989]
95 -- [  72 3598]
98 -- [2703 1645]
99 -- [2748 1231]
103 -- [4540 1623]
107 -- [3510  912]
108 -- [1231 3443]
114 -- [ 139 3134]
116 -- [2036  679]
118 -- [2016 1646]
119 -- [4056 1709]
120 -- [1866  919]
124 -- [1525 2921]
126 -- [1458 3245]
128 -- [4190  324]
129 -- [1113 1905]
132 -- [4281  853]
138 -- [3189 1342]
146 -- [1553 3192]
147 -- [1489 3660]
149 -- [2194 1711]
150 -- [3477  890]
153 -- [ 592 3225]
154 -- [1207 2739]
156 -- [4576 1517]
157 -- [1688 3961]
159 -- [ 652 4209]
160 -- [3774 1220]
163 -- [3426  256]
166 -- [3451 1279]
167 -- [2018  206]
168 -- [3938  504]
170 -- [2888 1213]
172 -- [1197 2994]
175 -- [  31 3192]
176 -- [ 948 2381]
178 -- [ 399 2387]
180 -- [1462 1819]
181 -- [2612  754]
187 -- [ 408 3523]
189 -- [2651  500]
198 -- [1789 2205]
201 -- [3164   69]
202 -- [1115 2313]
207 -- [2224 1017]
210 -- [1887 1700]
211 -- [1925  675]
212 -- [2773  287]
215 -- [1090 3626]
217 -- [1686 4420]
220 -- [2703  378]
221 -- [1462 2159]
223 -- [3624 1074]
227 -- [1723 3319]
229 -- [ 282 2315]
232 -- [1951 1782]
233 -- [ 469 2327]
239 -- [ 675 2374]
242 -- [1458 2702]
245 -- [3052  391]
246 -- [2028 1109]
248 -- [ 631 1838]
249 -- [ 448 3163]
250 -- [ 778 3217]
255 -- [2734  381]
264 -- [1688 3536]
265 -- [1332 2063]
269 -- [ 245 2649]
270 -- [1589 3420]
274 -- [1504 2284]
276 -- [3417  519]
277 -- [2751 1726]
279 -- [2671 1206]
280 -- [3052  408]
281 -- [1983  898]
282 -- [3892  216]
284 -- [ 647 4161]
285 -- [1935  363]
286 -- [4410 1553]
287 -- [ 852 2109]
289 -- [ 990 2844]
290 -- [ 322 3180]
293 -- [ 570 3592]
294 -- [1225 2532]
295 -- [1506 4225]
300 -- [4180   87]
302 -- [ 923 3409]
304 -- [3650 1131]
306 -- [4285  266]
307 -- [4415  122]
309 -- [ 737 3413]
310 -- [2189   43]
312 -- [3031  360]
316 -- [4127 1257]
318 -- [1635 2756]
319 -- [3136  893]
321 -- [2683  750]
322 -- [ 180 3526]
323 -- [3499  773]
327 -- [3202 1419]
328 -- [ 475 3732]
330 -- [2661  728]
333 -- [4343 1460]
334 -- [3138  547]
337 -- [1015 2952]
338 -- [ 519 3949]
340 -- [4141  963]
343 -- [1206 2831]
346 -- [2935  172]
348 -- [1649 4596]
351 -- [2809 1772]
356 -- [2883   59]
361 -- [3433   31]
362 -- [4199 1230]
370 -- [1326 2417]
372 -- [2512 1484]
373 -- [4004  807]
374 -- [1999  250]
377 -- [1646 2071]
390 -- [ 586 3549]
393 -- [1323 2595]
396 -- [  41 3829]
398 -- [4323 1409]
400 -- [ 666 2490]
401 -- [2790   47]
402 -- [3583 1711]
405 -- [1717 2441]
407 -- [3588 1689]
410 -- [1774 3628]
414 -- [4167  571]
417 -- [3488  595]
418 -- [ 923 3005]
420 -- [2900  433]
422 -- [ 255 2041]
423 -- [3788 1504]
425 -- [3439   71]
430 -- [3805 1614]
433 -- [ 579 3775]
434 -- [ 462 1813]
435 -- [ 242 2459]
436 -- [ 770 4471]
437 -- [ 478 4550]
439 -- [ 773 3061]
440 -- [1883  176]
442 -- [3272  408]
448 -- [2364  287]
449 -- [1472 3995]
450 -- [ 525 3403]
453 -- [3445  175]
460 -- [3768  220]
462 -- [1433 4292]
473 -- [   0 3644]
475 -- [ 407 4286]
479 -- [3036  231]
484 -- [2156  546]
486 -- [3496 1762]
487 -- [1787 3261]
491 -- [  42 3032]
492 -- [ 371 3329]
495 -- [3201  674]
498 -- [3234  619]
500 -- [4496  535]
501 -- [1185 3687]
503 -- [3405 1123]
504 -- [ 423 2781]
509 -- [1651 1935]
511 -- [1517 2991]
515 -- [4218 1775]
516 -- [1127 4532]
517 -- [3016  545]
523 -- [1586 3989]
524 -- [2833  487]
527 -- [3883  444]
528 -- [   0 2212]
532 -- [1585 3938]
533 -- [2110 1433]
534 -- [1506 2738]
539 -- [3535  617]
540 -- [1810 3626]
541 -- [2496  423]
550 -- [ 266 4001]
551 -- [4478 1574]
553 -- [3383   60]
554 -- [ 308 3429]
555 -- [4208 1205]
557 -- [ 310 4223]
559 -- [2189 1506]
562 -- [ 330 3120]
564 -- [ 585 2595]
568 -- [2845  381]
578 -- [2589 1723]
580 -- [ 749 2538]
582 -- [ 785 3930]
588 -- [1352 3129]
589 -- [1843  796]
590 -- [2507 1567]
592 -- [ 286 1976]
594 -- [   5 3216]
595 -- [2555  934]
598 -- [ 945 3440]
600 -- [4125  395]
602 -- [2217 1110]
608 -- [ 225 4107]
609 -- [ 569 2615]
610 -- [2990 1493]
615 -- [3463  167]
616 -- [1080 2891]
617 -- [3994  536]
618 -- [ 152 4004]
621 -- [ 119 3426]
623 -- [1902 1560]
627 -- [2322 1375]
630 -- [2213  570]
631 -- [2815 1675]
633 -- [1966  559]
635 -- [4128  967]
637 -- [ 192 2480]
639 -- [1582 3024]
642 -- [3836 1696]
644 -- [2557  453]
650 -- [4137  129]
651 -- [1396 2655]
652 -- [1925  748]
655 -- [1757 3872]
658 -- [1802 2981]
662 -- [1974 1377]
664 -- [4260 1383]
665 -- [ 485 4140]
667 -- [4550  661]
668 -- [1357 2259]
669 -- [4055  464]
671 -- [2491  568]
672 -- [2788  585]
676 -- [1972 1663]
677 -- [1225 1828]
679 -- [1705 4547]
681 -- [3345 1334]
682 -- [2083   72]
683 -- [ 454 2081]
684 -- [4057  216]
686 -- [ 762 4079]
687 -- [1323 4562]
689 -- [4532  540]
692 -- [2782  804]
694 -- [1616 2840]
696 -- [1373 2118]
699 -- [ 841 3391]
702 -- [3863  681]
703 -- [1587 2079]
706 -- [1542 2826]
707 -- [1456 4536]
709 -- [3571   51]
712 -- [2691 1458]
713 -- [2784 1232]
714 -- [ 242 4356]
718 -- [2142 1652]
720 -- [1109 3245]
721 -- [  23 2614]
724 -- [2803 1350]
725 -- [1606 2547]
727 -- [4183  546]
730 -- [4461 1504]
732 -- [2175 1483]
733 -- [3056 1749]
734 -- [1517 3840]
735 -- [ 171 4191]
739 -- [1536 3260]
740 -- [ 552 4126]
748 -- [ 608 3615]
751 -- [ 522 2801]
757 -- [1493 4047]
761 -- [1789 4483]
766 -- [ 107 3979]
768 -- [4236  153]
770 -- [ 627 4245]
771 -- [ 441 3579]
774 -- [3611 1424]
781 -- [4438 1270]
782 -- [3083  448]
783 -- [2942 1729]
785 -- [2944 1515]
793 -- [1560 3241]
795 -- [ 395 3754]
798 -- [2738  438]
801 -- [3126 1658]
806 -- [2592  848]
807 -- [ 441 3244]
808 -- [ 164 2049]
809 -- [ 726 3977]
811 -- [3408 1281]
814 -- [2245  798]
818 -- [4027 1351]
819 -- [1478 1828]
820 -- [ 500 4407]
822 -- [3919 1393]
827 -- [4212  622]
829 -- [4152 1494]
830 -- [ 429 4055]
831 -- [3920 1408]
833 -- [1714 3028]
836 -- [3166  957]
837 -- [3984 1234]
840 -- [3833   41]
841 -- [  28 1867]
845 -- [ 602 3502]
846 -- [ 461 4165]
848 -- [3543 1765]
849 -- [ 286 1977]
852 -- [3032 1038]
855 -- [1123 1932]
858 -- [4312  571]
861 -- [3388  906]
862 -- [1257 3463]
865 -- [1051 3306]
866 -- [1533 3303]
868 -- [  60 2284]
870 -- [1205 2787]
871 -- [2004  433]
873 -- [3761  235]
874 -- [ 471 3132]
877 -- [1206 3066]
880 -- [4234  214]
881 -- [4551  867]
885 -- [2307 1399]
887 -- [2642  325]
888 -- [2500  533]
889 -- [1333 3332]
894 -- [1536 1969]
895 -- [2618  605]
896 -- [  58 3956]
897 -- [ 985 2510]
899 -- [ 803 1942]
901 -- [1686 3425]
906 -- [ 782 4240]
907 -- [ 121 3430]
909 -- [2773  214]
911 -- [4397 1759]
913 -- [1223 1910]
915 -- [ 544 1824]
922 -- [1388 2947]
923 -- [ 440 2302]
930 -- [ 207 3670]
931 -- [ 132 3554]
932 -- [1276 3832]
933 -- [ 638 2461]
934 -- [  81 2926]
937 -- [ 115 3960]
939 -- [ 701 3360]
940 -- [3064 1316]
942 -- [ 906 3213]
943 -- [3074 1550]
944 -- [3893  399]
946 -- [4002  138]
948 -- [ 136 3043]
949 -- [ 735 2040]
951 -- [  98 3911]
964 -- [4557  533]
965 -- [1023 3956]
966 -- [1770 4018]
967 -- [ 637 2197]
968 -- [2342 1243]
969 -- [ 148 3064]
971 -- [ 466 2362]
975 -- [1933  858]
983 -- [1695 3787]
984 -- [4379 1035]
987 -- [3886  998]
988 -- [3413  231]
989 -- [1213 1953]
991 -- [2802  918]
993 -- [1352 4327]
995 -- [1311 2984]
999 -- [ 174 2713]
1000 -- [2876  542]
1001 -- [ 453 2472]
1006 -- [2276  909]
1008 -- [1460 2805]
1010 -- [ 782 2041]
1013 -- [1865  481]
1015 -- [1460 3099]
1016 -- [2868  328]
1021 -- [3309 1322]
1023 -- [4051 1169]
1027 -- [2718  515]
1030 -- [1735 2561]
1031 -- [1492 2290]
1034 -- [ 378 3402]
1037 -- [1562 2757]
1041 -- [ 134 2275]
1045 -- [3276  567]
1049 -- [3345 1465]
1050 -- [ 683 3664]
1051 -- [  81 3303]
1054 -- [3452  637]
1056 -- [3518   54]
1058 -- [ 276 4576]
1059 -- [1321 1920]
1060 -- [ 545 3213]
1062 -- [  81 3445]
7 -time: 0.02232 -dim: (11172, 2)
8 -time: 0.00013 -dim: (7, 57)
9 -time: 4.04777 -dim: (1835400, 3)
10 -time: 5.62314 -dim: (1730141, 3)
11_12 -time: 0.20255 -dim: [110424, 2]
13 -time: 0.07917 -dim: (36808, 4)
14_15 -time: 0.03360 -dim: [798, 2]
16 -time: 0.00001 -dim: (0, 2)
17_18 -time: 0.38216 -dim: [73616, 3]
19 -time: 0.00008 -dim: (1, 1)
20 -time: 0.22891 -dim: (0, 4601)
21 -time: 0.00081 -dim: (1, 4601)
22 -time: 0.00007 -dim: (1065, 3)
23 -time: 0.00002 -dim: (1065, 3)
24 -time: 0.00003 -dim: (0, 5)
25 -time: 0.00004 -dim: (1235, 3)
26 -time: 0.00002 -dim: (1235, 3)
smtPr 22-26 -time: 0.00765 -dim: nan
slvr_header -time: 2.18503 -dim: nan
*solver* -time: 900.04807 -dim: nan
res_read -time: 0.03902 -dim: nan
-- SUM CL TIME: 10.62848          |  SUM other TIME: 902.27212          |  SUM TIME: 912.90060
