num branch_node: 7
num leaf_node: 8
num feature: 57
tree_depth: 3
num label: 2
nDC: 2432

***variables
a: 1 - 399 -> 399
s: 400 - 32606 -> 32207
z: 32607 - 69414 -> 36808
g: 69415 - 69430 -> 16
x: 69431 - 78632 -> 9202
ml: 78633 - 83506 -> 4874
cl: 83507 - 87834 -> 4328

variables***
[debug] --> CL ML ratio 2
the cl header --> p wcnf 87834 3825974 13531

timeout 900s ~/SAT_Project/loandra-master/loandra_static -pmreslin-cglim=30 -weight-strategy=1 -print-model -verbosity=1 ./solutions/spam_0.1_mc2.0_s2352_r2/phase_1_clauses_final >./solutions/spam_0.1_mc2.0_s2352_r2/phase_1_loandra_res

Start to read loandra res
*loandra status: SATISFIABLE
-ml sat and violated: 3367 | 1507  | total #ml: 4874 | -violated weight: 1507
3 -- [4429 3978]
9 -- [960 393]
13 -- [1687  568]
22 -- [3322 2514]
23 -- [154 247]
27 -- [1683 1778]
30 -- [3543 4404]
31 -- [599 664]
32 -- [955 799]
38 -- [1705  437]
39 -- [4336 2693]
40 -- [3301 4353]
49 -- [3542 2716]
55 -- [2628 2793]
58 -- [758 541]
64 -- [2717 2728]
65 -- [4372 3299]
66 -- [ 379 1463]
75 -- [1851 2663]
81 -- [1052 1750]
83 -- [1938 2938]
85 -- [3922 2595]
93 -- [1719 1153]
96 -- [3922 3925]
97 -- [4047 3616]
101 -- [433 592]
106 -- [3991 2156]
107 -- [1046  967]
109 -- [1230  305]
115 -- [1654  233]
116 -- [635   6]
118 -- [ 418 1314]
120 -- [1798  628]
129 -- [4472 2941]
137 -- [3855 1846]
138 -- [3220 2144]
139 -- [ 929 1714]
142 -- [2137 4562]
144 -- [3761 2780]
149 -- [1405  189]
152 -- [4524 4582]
155 -- [2997 1920]
156 -- [3108 2135]
157 -- [  57 1229]
158 -- [4399 3046]
159 -- [1732  802]
167 -- [3718 3930]
170 -- [271 792]
171 -- [4520 3109]
184 -- [  67 1748]
187 -- [3050 4215]
191 -- [3489 4489]
194 -- [1082  756]
198 -- [2799 4046]
202 -- [742 193]
203 -- [2278 1853]
206 -- [ 389 1410]
207 -- [ 152 1226]
209 -- [1073  866]
210 -- [1505 1323]
211 -- [2244 2889]
214 -- [4218 3511]
215 -- [2421 4588]
216 -- [3402 2184]
217 -- [1776   26]
219 -- [1723  116]
224 -- [2760 3701]
230 -- [3304 3700]
232 -- [4278 4185]
233 -- [403  26]
244 -- [4288 2631]
247 -- [4082 2663]
249 -- [4467 4038]
254 -- [1985 3657]
256 -- [212 429]
257 -- [3307 4426]
258 -- [4383 2469]
259 -- [544 620]
261 -- [3356 2256]
262 -- [ 463 1168]
266 -- [2275 2314]
268 -- [4326 2039]
271 -- [ 253 1325]
273 -- [723 646]
280 -- [4268 3982]
282 -- [3368 4112]
286 -- [2642 3985]
288 -- [ 703 1656]
289 -- [ 825 1346]
292 -- [2040 3939]
293 -- [ 569 1611]
294 -- [1514  730]
297 -- [3730 3741]
300 -- [ 650 1559]
301 -- [2827 4435]
303 -- [552 269]
305 -- [1299 1224]
314 -- [2442 1954]
318 -- [3348 3199]
324 -- [1692  871]
326 -- [4141 3868]
327 -- [1938 3277]
330 -- [1640 1578]
331 -- [2664 2232]
340 -- [3241 4010]
343 -- [4339 3565]
349 -- [781 429]
351 -- [1048 1387]
352 -- [ 399 1788]
354 -- [4565 2725]
356 -- [3188 4446]
362 -- [ 352 1560]
364 -- [2581 3108]
366 -- [2978 2649]
374 -- [3187 4245]
378 -- [2436 3216]
381 -- [ 852 1421]
384 -- [1467 1735]
391 -- [3071 4164]
392 -- [3699 3295]
395 -- [2144 2304]
397 -- [ 49 750]
401 -- [220 376]
404 -- [2194 4461]
406 -- [3293 4061]
410 -- [ 987 1497]
411 -- [ 110 1608]
412 -- [3108 3191]
413 -- [4318 3552]
414 -- [803 209]
422 -- [232 782]
431 -- [1329  710]
433 -- [1138 1563]
436 -- [1213 1178]
439 -- [1803 1721]
440 -- [3350 2648]
445 -- [1175 1307]
447 -- [4451 2037]
449 -- [1159  157]
453 -- [2370 3864]
454 -- [1428  331]
459 -- [2428 2566]
461 -- [2020 2655]
462 -- [ 299 1467]
465 -- [3945 3922]
466 -- [3841 2689]
475 -- [2203 3673]
476 -- [3946 4592]
479 -- [1722  502]
481 -- [2206 3619]
482 -- [1623  178]
485 -- [ 68 227]
486 -- [3881 2420]
488 -- [3985 3206]
492 -- [4246 1972]
493 -- [4118 2403]
495 -- [2542 4331]
499 -- [4399 3100]
504 -- [1208 1183]
513 -- [1745 1685]
514 -- [1675 1513]
517 -- [2461 1898]
526 -- [2073 2075]
530 -- [ 607 1802]
532 -- [1622  744]
535 -- [2532 2890]
538 -- [2016 4289]
539 -- [2588 4575]
541 -- [403 620]
546 -- [4418 4169]
547 -- [1189  428]
552 -- [829 358]
555 -- [3439 2368]
556 -- [4441 3540]
558 -- [3698 4405]
560 -- [3278 2308]
561 -- [931 805]
563 -- [3213 2828]
565 -- [4280 2708]
569 -- [4517 3332]
571 -- [1610 1502]
575 -- [2897 3086]
577 -- [ 851 1670]
585 -- [ 704 1442]
586 -- [1668  683]
600 -- [592 117]
604 -- [3289 4076]
606 -- [ 914 1443]
607 -- [3280 3905]
608 -- [4163 3358]
609 -- [3768 2712]
613 -- [1900 3241]
617 -- [3918 2096]
619 -- [3929 3822]
625 -- [1495 1031]
628 -- [ 719 1545]
632 -- [2643 4239]
633 -- [1702  669]
634 -- [1488 1005]
637 -- [4485 3067]
639 -- [ 833 1265]
640 -- [1638  253]
641 -- [ 634 1687]
644 -- [1734 1716]
645 -- [693 152]
651 -- [304 886]
654 -- [ 245 1752]
655 -- [2820 2598]
656 -- [2411 2389]
660 -- [2191 1845]
667 -- [2341 2497]
668 -- [1154  935]
678 -- [ 419 1756]
684 -- [2639 2182]
689 -- [3352 2237]
691 -- [714 200]
693 -- [ 233 1540]
698 -- [1466 1339]
701 -- [2267 3470]
704 -- [2133 3897]
705 -- [3499 3821]
711 -- [1599 1110]
714 -- [1056  519]
718 -- [3418 2451]
725 -- [4006 3806]
729 -- [930 703]
732 -- [282 743]
735 -- [4336 1952]
739 -- [2904 4296]
746 -- [4241 1846]
747 -- [1445   81]
749 -- [880 110]
750 -- [982 623]
754 -- [1529  831]
755 -- [4394 3125]
757 -- [3983 4026]
760 -- [ 234 1324]
763 -- [   9 1121]
768 -- [595 674]
770 -- [ 703 1290]
784 -- [3976 2598]
797 -- [4134 2284]
798 -- [2357 1853]
799 -- [3780 4432]
802 -- [3409 3118]
803 -- [ 597 1220]
805 -- [2243 4028]
808 -- [2758 2751]
809 -- [2651 3570]
815 -- [4365 4318]
817 -- [899 338]
818 -- [3797 2513]
819 -- [3758 4476]
821 -- [901 590]
828 -- [4295 1903]
835 -- [2188 2010]
836 -- [749 676]
838 -- [2540 1923]
839 -- [ 488 1461]
841 -- [2172 3675]
845 -- [978 131]
848 -- [2096 3887]
859 -- [2459 1981]
862 -- [3290 3215]
863 -- [3321 4255]
865 -- [1365 1783]
870 -- [764 303]
871 -- [ 915 1693]
872 -- [ 473 1529]
873 -- [1377 1062]
880 -- [2155 1927]
882 -- [1457  880]
885 -- [3480 1834]
888 -- [3363 2314]
895 -- [1532  130]
896 -- [1919 4534]
900 -- [1523  605]
905 -- [1042  978]
906 -- [1375  763]
910 -- [4307 4479]
918 -- [2513 2743]
920 -- [2176 3058]
924 -- [1245  550]
926 -- [1342  263]
927 -- [2161 3532]
929 -- [628 860]
931 -- [4169 4286]
932 -- [1658  168]
933 -- [184 628]
934 -- [ 987 1060]
945 -- [3575 2526]
946 -- [3969 2484]
949 -- [ 104 1549]
951 -- [401 319]
953 -- [2365 4059]
957 -- [2897 2349]
959 -- [2708 1860]
961 -- [ 967 1172]
962 -- [198 435]
973 -- [3959 4399]
975 -- [ 861 1655]
978 -- [1952 3464]
982 -- [4155 1850]
986 -- [2796 4520]
987 -- [1614  377]
988 -- [4133 2392]
991 -- [3941 2151]
996 -- [3231 3362]
997 -- [3238 2314]
1002 -- [3229 4338]
1003 -- [4112 3694]
1006 -- [ 852 1682]
1007 -- [1199  768]
1009 -- [2442 2231]
1010 -- [102 396]
1011 -- [987 812]
1012 -- [4187 2096]
1015 -- [799 796]
1018 -- [4351 2572]
1025 -- [1643 1463]
1026 -- [1255 1601]
1031 -- [3369 4577]
1036 -- [1305 1716]
1044 -- [4264 4134]
1047 -- [4584 2819]
1049 -- [1292 1032]
1052 -- [3368 4326]
1056 -- [485 905]
1057 -- [ 325 1673]
1058 -- [295 208]
1062 -- [1092  605]
1066 -- [ 35 716]
1068 -- [3698 3863]
1070 -- [548  28]
1076 -- [2683 3752]
1078 -- [ 254 1058]
1086 -- [3392 4134]
1090 -- [1856 2155]
1091 -- [1182 1205]
1092 -- [ 662 1499]
1095 -- [1508  732]
1098 -- [2276 2218]
1099 -- [1612   74]
1100 -- [3659 2173]
1102 -- [  87 1723]
1103 -- [2300 4339]
1107 -- [4570 3417]
1110 -- [4384 3409]
1114 -- [1040 1548]
1118 -- [2411 3714]
1119 -- [2651 4281]
1124 -- [4010 4175]
1126 -- [4104 2917]
1129 -- [659 974]
1132 -- [ 599 1582]
1140 -- [1502 1341]
1143 -- [2511 2611]
1146 -- [1233  884]
1153 -- [1402 1236]
1157 -- [2829 3800]
1160 -- [2794 4266]
1163 -- [4223 3541]
1168 -- [2702 3052]
1174 -- [1352  904]
1179 -- [ 285 1147]
1180 -- [4569 1957]
1191 -- [4294 2354]
1194 -- [4528 2866]
1200 -- [4049 3709]
1204 -- [1218  913]
1205 -- [ 451 1559]
1208 -- [1382  959]
1212 -- [1383   23]
1213 -- [1249 1345]
1223 -- [2276 2071]
1228 -- [3946 3422]
1232 -- [1515  991]
1235 -- [1385  999]
1236 -- [2443 4555]
1242 -- [2981 4050]
1245 -- [2085 2096]
1246 -- [1007 1233]
1247 -- [3145 2702]
1249 -- [198 916]
1252 -- [ 506 1756]
1260 -- [1747 1053]
1262 -- [969 310]
1263 -- [128   7]
1264 -- [2882 2677]
1267 -- [1478  449]
1268 -- [2090 2712]
1274 -- [4370 2272]
1279 -- [ 634 1165]
1280 -- [4295 1933]
1282 -- [609 152]
1283 -- [187 207]
1285 -- [2712 3956]
1286 -- [4352 4171]
1287 -- [3290 4491]
1290 -- [2571 2173]
1294 -- [2843 3159]
1299 -- [ 574 1652]
1305 -- [ 446 1452]
1309 -- [ 989 1121]
1313 -- [ 20 226]
1317 -- [2365 2029]
1321 -- [2004 4030]
1324 -- [2067 2744]
1329 -- [1218  999]
1342 -- [2328 3831]
1343 -- [3892 2972]
1346 -- [1482 1102]
1348 -- [4278 3458]
1351 -- [570 847]
1352 -- [279 614]
1355 -- [1756  206]
1359 -- [3962 4353]
1378 -- [535 125]
1380 -- [ 317 1446]
1381 -- [4394 2505]
1382 -- [2561 3937]
1384 -- [3419 4288]
1385 -- [1249  556]
1387 -- [3500 4507]
1389 -- [ 824 1628]
1390 -- [3004 3498]
1391 -- [2874 1845]
1395 -- [4198 4428]
1396 -- [2572 1946]
1397 -- [1767 1379]
1401 -- [4517 3324]
1404 -- [2829 4573]
1408 -- [3525 4054]
1409 -- [1529  386]
1410 -- [1653 1761]
1411 -- [2125 3304]
1417 -- [4314 4295]
1418 -- [1276  805]
1419 -- [1552 1448]
1421 -- [4408 2476]
1424 -- [2817 2345]
1427 -- [2898 2421]
1430 -- [649 289]
1433 -- [277 934]
1434 -- [1922 1859]
1435 -- [1061 1120]
1441 -- [2219 2985]
1444 -- [2983 2431]
1445 -- [4360 3351]
1452 -- [666 465]
1455 -- [1376  562]
1458 -- [ 421 1379]
1459 -- [ 591 1414]
1464 -- [ 776 1058]
1466 -- [1155 1373]
1467 -- [329 297]
1470 -- [1489  100]
1471 -- [3612 4325]
1473 -- [2637 3030]
1477 -- [3836 4569]
1480 -- [ 131 1459]
1484 -- [1899 3439]
1488 -- [2934 4239]
1489 -- [283 214]
1492 -- [578 640]
1493 -- [655 110]
1495 -- [1525  111]
1500 -- [ 539 1194]
1502 -- [2299 2495]
1507 -- [1180  385]
1509 -- [1379  220]
1510 -- [3158 3378]
1513 -- [3383 3490]
1517 -- [3040 2266]
1520 -- [1829 2486]
1524 -- [2295 2702]
1525 -- [2555 2559]
1526 -- [1529  535]
1528 -- [4235 4377]
1533 -- [970 645]
1534 -- [3137 4006]
1540 -- [2572 3846]
1546 -- [ 419 1271]
1553 -- [1669  720]
1554 -- [3290 3356]
1557 -- [4317 3525]
1560 -- [293 856]
1561 -- [294 301]
1562 -- [4380 3979]
1571 -- [2528 2622]
1572 -- [303 535]
1573 -- [3828 2144]
1574 -- [1585 1202]
1578 -- [1885 4133]
1579 -- [1803 1318]
1585 -- [ 303 1208]
1587 -- [4581 4585]
1588 -- [2527 3105]
1589 -- [2353 3077]
1597 -- [3698 3714]
1598 -- [1811 1624]
1602 -- [2096 2044]
1603 -- [3422 2407]
1607 -- [746  93]
1608 -- [1245  106]
1614 -- [2891 3839]
1615 -- [3409 4456]
1621 -- [611 104]
1622 -- [ 2 37]
1623 -- [1442  502]
1625 -- [2513 3680]
1633 -- [ 349 1101]
1646 -- [1968 2733]
1648 -- [2354 2847]
1650 -- [ 559 1490]
1652 -- [4377 3372]
1656 -- [2849 2702]
1658 -- [3506 4038]
1659 -- [3240 2511]
1666 -- [ 140 1784]
1667 -- [364 704]
1671 -- [2662 2143]
1673 -- [1266   37]
1677 -- [ 103 1343]
1678 -- [477 879]
1686 -- [1035 1428]
1687 -- [ 899 1151]
1693 -- [2252 3036]
1694 -- [884 685]
1695 -- [1513 1472]
1697 -- [1865 3710]
1701 -- [3857 3908]
1705 -- [421 844]
1710 -- [1047  877]
1712 -- [447 518]
1715 -- [ 146 1702]
1718 -- [2159 3881]
1720 -- [2255 2120]
1724 -- [2487 4559]
1731 -- [986 492]
1732 -- [2527 2120]
1737 -- [1634 1771]
1740 -- [2788 2697]
1742 -- [ 744 1506]
1744 -- [2830 2918]
1745 -- [3464 2032]
1747 -- [1417 1296]
1750 -- [3102 2571]
1758 -- [ 686 1211]
1759 -- [1314 1342]
1761 -- [814 356]
1766 -- [3257 4336]
1773 -- [2510 4434]
1775 -- [1157 1322]
1776 -- [3409 3635]
1778 -- [3776 3450]
1780 -- [1761  766]
1784 -- [3383 1936]
1786 -- [1295  971]
1787 -- [4036 2713]
1788 -- [2789 3729]
1791 -- [3409 3317]
1800 -- [276 127]
1801 -- [1158 1242]
1804 -- [ 541 1229]
1809 -- [1538 1054]
1811 -- [2651 2240]
1812 -- [2310 2206]
1814 -- [1113  105]
1822 -- [4598 3963]
1823 -- [1615  125]
1825 -- [4035 2736]
1829 -- [1853 2310]
1831 -- [3458 1981]
1834 -- [980 540]
1835 -- [2780 3412]
1836 -- [2000 3741]
1842 -- [35 50]
1844 -- [863 532]
1846 -- [245 974]
1847 -- [2302 2438]
1850 -- [1228 1369]
1851 -- [205  67]
1857 -- [1052  665]
1859 -- [3879 3383]
1860 -- [488 632]
1862 -- [1984 4257]
1863 -- [1604  514]
1867 -- [2566 3138]
1871 -- [3453 4301]
1872 -- [3246 3187]
1882 -- [3155 4157]
1885 -- [3858 2786]
1894 -- [ 181 1079]
1897 -- [4224 4531]
1901 -- [  34 1655]
1902 -- [2891 3411]
1906 -- [2046 1956]
1908 -- [2341 3778]
1909 -- [1204 1482]
1910 -- [709  20]
1911 -- [4134 3847]
1912 -- [3646 4489]
1918 -- [1902 3036]
1927 -- [3945 2075]
1932 -- [2180 4182]
1944 -- [ 409 1240]
1950 -- [ 228 1676]
1951 -- [4009 4345]
1952 -- [2021 2799]
1959 -- [4336 3333]
1966 -- [4186 2648]
1973 -- [3307 1947]
1974 -- [2780 4256]
1977 -- [2381 4582]
1980 -- [2467 4431]
1981 -- [3643 4433]
1987 -- [2872 4215]
1988 -- [ 97 563]
1993 -- [2190 3530]
1996 -- [ 961 1810]
2011 -- [3952 4353]
2015 -- [2174 3007]
2018 -- [3851 2161]
2019 -- [2054 2173]
2020 -- [2308 2453]
2024 -- [1886 2511]
2028 -- [4240 3780]
2029 -- [2564 4341]
2030 -- [ 896 1465]
2031 -- [714 319]
2034 -- [2415 4036]
2036 -- [2467 4061]
2040 -- [2424 4218]
2044 -- [1225 1692]
2045 -- [1929 3730]
2046 -- [4032 1919]
2048 -- [1207  169]
2052 -- [3358 3027]
2056 -- [ 853 1360]
2059 -- [ 294 1018]
2060 -- [1692  313]
2062 -- [ 381 1562]
2064 -- [784 511]
2065 -- [210 925]
2067 -- [1965 4486]
2069 -- [1006 1749]
2072 -- [886 873]
2075 -- [4322 4385]
2077 -- [1623  884]
2078 -- [1330  734]
2079 -- [1481  152]
2082 -- [612  30]
2083 -- [1700  903]
2084 -- [1452  987]
2097 -- [4240 2468]
2102 -- [ 255 1025]
2104 -- [977 282]
2108 -- [ 257 1722]
2111 -- [ 982 1105]
2113 -- [ 565 1114]
2121 -- [1310  308]
2122 -- [2717 4269]
2123 -- [1650  665]
2130 -- [2617 4301]
2131 -- [881 854]
2136 -- [1016  178]
2147 -- [2461 2583]
2150 -- [845  45]
2155 -- [2321 2009]
2156 -- [  33 1348]
2168 -- [ 794 1299]
2170 -- [ 84 303]
2174 -- [ 454 1086]
2180 -- [2623 4360]
2183 -- [ 862 1114]
2184 -- [ 111 1040]
2185 -- [1420 1791]
2187 -- [2758 2072]
2190 -- [1088 1302]
2196 -- [1333 1495]
2199 -- [3319 2221]
2207 -- [2798 4129]
2209 -- [ 121 1518]
2211 -- [4301 2698]
2212 -- [1938 3234]
2226 -- [2584 4392]
2230 -- [ 285 1671]
2231 -- [ 881 1713]
2233 -- [1833 2990]
2235 -- [1682  486]
2240 -- [ 357 1767]
2243 -- [2828 2577]
2244 -- [349   7]
2247 -- [1535  587]
2252 -- [624 970]
2253 -- [1798  635]
2260 -- [3003 2383]
2268 -- [352 432]
2273 -- [3286 2866]
2276 -- [1226  113]
2282 -- [ 796 1769]
2285 -- [  71 1633]
2288 -- [2890 3308]
2290 -- [2144 3228]
2294 -- [4292 3966]
2300 -- [3698 3999]
2302 -- [4358 3249]
2303 -- [1224 1239]
2311 -- [1800 1035]
2312 -- [1531 1406]
2314 -- [1145  236]
2323 -- [ 12 844]
2328 -- [2622 2506]
2329 -- [ 434 1293]
2331 -- [ 684 1125]
2334 -- [ 371 1189]
2341 -- [865 566]
2342 -- [ 267 1340]
2348 -- [3752 2617]
2356 -- [657 788]
2363 -- [ 884 1660]
2368 -- [1878 4545]
2371 -- [4006 2534]
2378 -- [3421 3295]
2379 -- [4002 4219]
2381 -- [2874 2737]
2383 -- [3889 4446]
2384 -- [2518 4288]
2386 -- [4352 2649]
2387 -- [4215 3406]
2397 -- [2805 2824]
2400 -- [855 841]
2403 -- [1613 1442]
2406 -- [ 748 1684]
2409 -- [1650 1538]
2410 -- [2376 3358]
2417 -- [4380 2539]
2428 -- [1426   60]
2440 -- [4564 4420]
2442 -- [1380  205]
2454 -- [3622 2266]
2460 -- [2611 2917]
2464 -- [ 304 1601]
2467 -- [1539 1530]
2468 -- [602 208]
2473 -- [1669 1686]
2475 -- [2158 4318]
2476 -- [450 695]
2477 -- [4564 3162]
2486 -- [2968 4374]
2490 -- [3991 4566]
2492 -- [1766 1510]
2493 -- [1395 1154]
2494 -- [4212 3551]
2500 -- [   6 1048]
2501 -- [3858 2488]
2502 -- [1851 2584]
2503 -- [3500 3915]
2505 -- [1740   62]
2506 -- [2408 2004]
2508 -- [1731  964]
2516 -- [1482 1646]
2519 -- [3461 2299]
2520 -- [1382   35]
2522 -- [2850 2222]
2525 -- [ 398 1569]
2529 -- [  14 1666]
2535 -- [3802 4189]
2536 -- [3867 1943]
2537 -- [3742 3984]
2542 -- [609 444]
2543 -- [2361 3376]
2546 -- [1923 2418]
2547 -- [3379 3808]
2548 -- [1080  113]
2549 -- [3894 2543]
2553 -- [4255 1817]
2557 -- [3501 2181]
2558 -- [3612 2882]
2561 -- [2587 2232]
2562 -- [4169 3176]
2563 -- [3655 3752]
2565 -- [369  43]
2568 -- [484 896]
2569 -- [381 661]
2574 -- [1162 1744]
2577 -- [1423  955]
2582 -- [4431 2946]
2585 -- [3259 2530]
2586 -- [ 788 1164]
2590 -- [3911 2967]
2594 -- [2834 1842]
2598 -- [1367  411]
2601 -- [1820 2269]
2605 -- [2174 3740]
2607 -- [2758 4421]
2608 -- [2055 3071]
2610 -- [509 968]
2612 -- [ 195 1100]
2617 -- [ 404 1619]
2619 -- [3863 3843]
2620 -- [4214 4054]
2624 -- [1426 1756]
2625 -- [2221 3003]
2631 -- [4209 2095]
2632 -- [4353 3037]
2633 -- [1641 1724]
2635 -- [3021 4487]
2637 -- [1888 1837]
2639 -- [1305  884]
2642 -- [2801 3029]
2643 -- [2189 2004]
2644 -- [ 379 1335]
2648 -- [3942 3389]
2650 -- [1919 1816]
2651 -- [2197 4374]
2657 -- [4559 2592]
2660 -- [3240 3297]
2661 -- [3881 2192]
2670 -- [1354 1361]
2671 -- [ 739 1241]
2674 -- [1878 2862]
2679 -- [4041 3395]
2680 -- [ 592 1404]
2681 -- [529 246]
2686 -- [1987 2513]
2690 -- [114 788]
2691 -- [1537  804]
2693 -- [337 260]
2705 -- [ 984 1713]
2706 -- [1451  516]
2708 -- [419 656]
2710 -- [4345 2721]
2717 -- [960 929]
2719 -- [4447 4262]
2721 -- [4439 3532]
2727 -- [2382 4427]
2729 -- [4035 2586]
2740 -- [223 369]
2741 -- [4439 4465]
2745 -- [359 995]
2750 -- [3807 3556]
2756 -- [889 267]
2761 -- [2994 4531]
2762 -- [2341 2621]
2766 -- [4351 4215]
2767 -- [2220 2977]
2770 -- [1780 1724]
2772 -- [368 866]
2773 -- [4218 3755]
2782 -- [847 558]
2785 -- [2452 2891]
2786 -- [ 293 1240]
2787 -- [ 57 771]
2788 -- [3465 2021]
2791 -- [1104 1413]
2798 -- [1738  354]
2802 -- [3905 3713]
2804 -- [1298 1308]
2806 -- [ 63 901]
2809 -- [1693 1765]
2815 -- [1011  624]
2818 -- [2707 2603]
2822 -- [ 80 636]
2823 -- [597 493]
2832 -- [2906 2987]
2833 -- [4191 2702]
2835 -- [1716  413]
2841 -- [4456 2818]
2842 -- [335 735]
2845 -- [3768 2203]
2848 -- [ 599 1009]
2849 -- [617 384]
2850 -- [2308 4271]
2851 -- [1662 1641]
2853 -- [4428 4053]
2854 -- [4530 4374]
2855 -- [1564  384]
2858 -- [3332 2442]
2862 -- [ 143 1238]
2863 -- [ 321 1772]
2866 -- [2683 2486]
2868 -- [3772 2712]
2869 -- [3380 2167]
2871 -- [1104 1135]
2874 -- [ 108 1088]
2875 -- [ 965 1107]
2881 -- [3436 2643]
2882 -- [521 857]
2884 -- [296 747]
2889 -- [ 544 1700]
2891 -- [201 740]
2894 -- [1919 2553]
2896 -- [3984 4119]
2900 -- [2469 2240]
2902 -- [ 254 1262]
2907 -- [4401 2881]
2910 -- [4145 4562]
2911 -- [4408 2373]
2913 -- [4339 4411]
2916 -- [ 467 1309]
2918 -- [4559 4099]
2920 -- [2568 4441]
2924 -- [4419 3919]
2927 -- [2584 3258]
2931 -- [993 898]
2933 -- [4520 3474]
2937 -- [ 817 1183]
2944 -- [1451 1604]
2946 -- [  66 1599]
2947 -- [ 63 712]
2952 -- [3403 4318]
2955 -- [ 508 1434]
2963 -- [4569 4168]
2971 -- [4325 3533]
2972 -- [4558 2201]
2974 -- [ 288 1482]
2975 -- [1606  355]
2983 -- [4486 4526]
2986 -- [3107 2585]
2992 -- [3905 3992]
2996 -- [2399 2469]
2997 -- [1101 1012]
3004 -- [4598 3125]
3006 -- [ 899 1402]
3012 -- [1304  593]
3015 -- [1173  708]
3021 -- [1250  783]
3022 -- [4360 4093]
3023 -- [577 941]
3025 -- [1956 3921]
3026 -- [3529 2890]
3027 -- [1142   64]
3029 -- [1313  180]
3030 -- [3391 2144]
3031 -- [2442 2594]
3037 -- [4486 3633]
3039 -- [3270 2564]
3042 -- [2075 4413]
3043 -- [4528 2004]
3044 -- [1774  612]
3047 -- [ 368 1771]
3050 -- [4336 2118]
3051 -- [2756 3400]
3055 -- [1706  561]
3056 -- [4026 3242]
3064 -- [180 656]
3066 -- [683 394]
3067 -- [1511   54]
3068 -- [1837 3716]
3075 -- [3187 3588]
3078 -- [1224 1382]
3079 -- [4570 4497]
3083 -- [2564 2340]
3084 -- [  18 1595]
3087 -- [2328 2904]
3091 -- [2157 4336]
3092 -- [4437 3955]
3093 -- [3822 4139]
3096 -- [ 343 1743]
3101 -- [3106 4209]
3102 -- [  45 1326]
3103 -- [ 81 205]
3111 -- [2173 2575]
3112 -- [2985 3814]
3117 -- [ 307 1398]
3119 -- [3632 4288]
3131 -- [197  96]
3133 -- [ 88 944]
3134 -- [4598 3654]
3139 -- [1057 1338]
3141 -- [1338  569]
3145 -- [2802 4047]
3146 -- [2539 3885]
3152 -- [1331  503]
3162 -- [3539 4144]
3171 -- [833 780]
3182 -- [4215 4281]
3184 -- [ 851 1704]
3185 -- [3032 4096]
3187 -- [4472 4001]
3190 -- [1588   84]
3194 -- [2872 4047]
3199 -- [2924 3306]
3200 -- [1373  293]
3201 -- [4190 2499]
3209 -- [816 356]
3212 -- [ 479 1318]
3213 -- [4279 2259]
3214 -- [2828 3623]
3219 -- [2190 3973]
3220 -- [926  14]
3222 -- [3254 4454]
3228 -- [648 374]
3234 -- [4035 2940]
3240 -- [1241 1563]
3251 -- [3931 2188]
3256 -- [3822 2153]
3260 -- [1651 1234]
3265 -- [207 985]
3272 -- [4207 2069]
3274 -- [ 615 1783]
3281 -- [4517 3566]
3282 -- [1418  145]
3287 -- [825 314]
3289 -- [4109 4133]
3298 -- [  5 658]
3306 -- [107 115]
3308 -- [1751  215]
3309 -- [3921 3187]
3311 -- [2201 2076]
3313 -- [1595 1110]
3315 -- [3145 2918]
3318 -- [4215 2417]
3321 -- [4042 3272]
3328 -- [4368 3900]
3333 -- [1099  633]
3336 -- [1263  319]
3341 -- [4399 4233]
3344 -- [4397 4301]
3352 -- [4246 3870]
3354 -- [2890 3485]
3357 -- [1454  739]
3362 -- [4488 3111]
3368 -- [357 599]
3372 -- [1533  267]
3373 -- [2585 4506]
3374 -- [2676 2637]
3377 -- [1233  220]
3379 -- [2539 3659]
3381 -- [ 695 1575]
3383 -- [3078 4038]
3384 -- [2906 2292]
3387 -- [2411 2696]
3392 -- [1240 1079]
3395 -- [1333 1358]
3403 -- [2560 4487]
3411 -- [3291 4223]
3415 -- [ 112 1113]
3418 -- [1468  331]
3419 -- [3018 3845]
3421 -- [3295 2996]
3422 -- [1502 1457]
3424 -- [4292 3123]
3430 -- [2266 2368]
3433 -- [1979 2979]
3437 -- [ 597 1443]
3438 -- [1229  698]
3444 -- [1295   81]
3448 -- [1425 1069]
3454 -- [680 703]
3455 -- [1879 1853]
3456 -- [2559 4458]
3468 -- [ 365 1590]
3470 -- [4027 2934]
3472 -- [3481 2232]
3479 -- [1015  333]
3482 -- [2339 2956]
3487 -- [ 127 1256]
3488 -- [1455 1297]
3490 -- [1297  211]
3491 -- [4316 2798]
3494 -- [ 348 1554]
3497 -- [584 454]
3503 -- [ 525 1218]
3511 -- [929 823]
3516 -- [3146 4133]
3517 -- [4441 3613]
3520 -- [4358 1833]
3522 -- [2205 3310]
3523 -- [1743  164]
3524 -- [3358 1975]
3525 -- [1879 4439]
3526 -- [2773 2916]
3528 -- [1520  177]
3530 -- [2174 4180]
3532 -- [4575 1982]
3538 -- [ 886 1176]
3540 -- [1575  809]
3542 -- [2858 3402]
3544 -- [2230 3809]
3547 -- [4325 4294]
3551 -- [1853 1969]
3556 -- [ 179 1619]
3563 -- [ 987 1509]
3565 -- [3439 3928]
3566 -- [750 486]
3569 -- [ 696 1279]
3573 -- [2114 2712]
3575 -- [2366 2866]
3579 -- [2739 4222]
3583 -- [3422 3772]
3584 -- [2927 2120]
3585 -- [4440 4541]
3587 -- [907 240]
3589 -- [2075 4587]
3590 -- [ 328 1602]
3591 -- [4234 3055]
3593 -- [1472  603]
3597 -- [4289 1993]
3600 -- [4379 3124]
3604 -- [2219 4404]
3606 -- [4278 2792]
3609 -- [754 166]
3621 -- [4285 4517]
3623 -- [4555 4309]
3624 -- [1931 3044]
3625 -- [4412 2620]
3626 -- [125  16]
3629 -- [2980 4076]
3630 -- [4587 2657]
3637 -- [867 552]
3642 -- [ 433 1707]
3644 -- [3421 2517]
3648 -- [1088 1287]
3649 -- [667 869]
3652 -- [4084 2511]
3654 -- [177 833]
3657 -- [1372  297]
3661 -- [2539 4049]
3662 -- [1569  867]
3675 -- [3317 2259]
3679 -- [2906 2581]
3681 -- [ 963 1408]
3682 -- [1744 1103]
3691 -- [ 691 1138]
3692 -- [2375 2750]
3695 -- [4431 4518]
3696 -- [732 928]
3699 -- [ 815 1730]
3701 -- [3535 2190]
3707 -- [860 922]
3708 -- [2833 1836]
3717 -- [173 397]
3722 -- [1715   45]
3725 -- [166 825]
3729 -- [2890 4316]
3730 -- [4079 2109]
3735 -- [3941 3597]
3739 -- [963 343]
3742 -- [3843 2118]
3748 -- [1534 1444]
3753 -- [2580 2708]
3756 -- [4223 2680]
3757 -- [2256 3502]
3759 -- [2934 1893]
3767 -- [1577  855]
3768 -- [3757 1907]
3770 -- [123 927]
3771 -- [ 822 1490]
3772 -- [3366 4289]
3774 -- [2380 3449]
3776 -- [3891 4223]
3778 -- [4080 3033]
3782 -- [2167 3757]
3783 -- [2977 3658]
3786 -- [4564 3300]
3789 -- [1298  144]
3792 -- [ 306 1793]
3793 -- [1675 1748]
3802 -- [ 393 1254]
3803 -- [3756 3702]
3807 -- [2655 4408]
3808 -- [429 793]
3810 -- [2096 2006]
3812 -- [832 856]
3813 -- [ 641 1071]
3819 -- [1003  812]
3826 -- [178 871]
3827 -- [1751   38]
3828 -- [4384 3108]
3833 -- [692 469]
3835 -- [3551 2356]
3836 -- [4015 4350]
3839 -- [4280 4322]
3841 -- [3029 2477]
3842 -- [887 102]
3848 -- [4300 1984]
3850 -- [ 54 241]
3854 -- [3464 3265]
3856 -- [287 731]
3858 -- [2279 3720]
3862 -- [1930 4007]
3864 -- [1561  500]
3866 -- [ 732 1765]
3873 -- [1669  120]
3877 -- [3242 4441]
3883 -- [2523 3858]
3884 -- [335 418]
3886 -- [ 100 1750]
3888 -- [937 616]
3894 -- [3274 2321]
3900 -- [3923 4370]
3903 -- [2366 2421]
3908 -- [ 19 817]
3911 -- [379 368]
3912 -- [258 746]
3914 -- [1847 4360]
3916 -- [2461 3387]
3918 -- [4363 2913]
3921 -- [ 369 1233]
3924 -- [106  39]
3926 -- [4326 2300]
3927 -- [ 99 788]
3928 -- [956 850]
3930 -- [3365 2349]
3938 -- [2682 2872]
3942 -- [1495 1244]
3943 -- [2232 2234]
3946 -- [1358  106]
3947 -- [2279 2457]
3954 -- [3339 4437]
3956 -- [1138 1780]
3957 -- [2194 2870]
3959 -- [3802 2954]
3961 -- [2122 2437]
3962 -- [ 938 1372]
3964 -- [1121 1056]
3975 -- [3565 2983]
3976 -- [4429 2853]
3982 -- [1863 2766]
3983 -- [4496 4307]
3986 -- [3948 2050]
3991 -- [1435  620]
3998 -- [ 722 1402]
3999 -- [4404 2264]
4001 -- [ 196 1770]
4003 -- [2890 2784]
4006 -- [3959 2717]
4007 -- [ 442 1137]
4008 -- [2737 2953]
4011 -- [3752 1975]
4012 -- [4435 2866]
4020 -- [4152 4064]
4023 -- [3058 2252]
4024 -- [2622 3830]
4026 -- [4447 1891]
4027 -- [2097 4292]
4028 -- [865 286]
4031 -- [3576 2671]
4037 -- [1615 1238]
4038 -- [3168 3922]
4040 -- [225 117]
4043 -- [1491 1563]
4046 -- [4009 2000]
4053 -- [282 653]
4056 -- [ 283 1044]
4066 -- [4525 2354]
4067 -- [3422 3871]
4072 -- [3889 3525]
4074 -- [1448 1519]
4075 -- [ 78 943]
4077 -- [2585 2295]
4078 -- [ 686 1742]
4079 -- [872 895]
4082 -- [2461 4585]
4085 -- [3290 3141]
4086 -- [1907 4049]
4088 -- [1603  373]
4098 -- [3068 2232]
4105 -- [1666 1750]
4108 -- [2600 3470]
4110 -- [1280 1239]
4112 -- [3003 2637]
4116 -- [3941 1976]
4122 -- [581 790]
4127 -- [3976 3911]
4131 -- [103 969]
4132 -- [1263 1322]
4136 -- [1133  452]
4141 -- [3525 2809]
4143 -- [1692   21]
4151 -- [667 585]
4153 -- [1578 1128]
4154 -- [1578  532]
4157 -- [1370 1251]
4160 -- [2724 2230]
4162 -- [1121 1177]
4164 -- [2995 2689]
4165 -- [1395   45]
4167 -- [ 423 1635]
4168 -- [ 180 1005]
4174 -- [144 592]
4175 -- [2671 2746]
4176 -- [1877 2442]
4179 -- [1852 3309]
4181 -- [ 973 1532]
4189 -- [3525 2930]
4190 -- [1807  280]
4199 -- [4408 2264]
4200 -- [1001  653]
4209 -- [4375 4441]
4217 -- [4582 2515]
4221 -- [618 355]
4230 -- [1671  713]
4231 -- [1005  509]
4232 -- [1524 1484]
4233 -- [2276 2731]
4238 -- [789 315]
4248 -- [1850 4373]
4251 -- [1385 1328]
4254 -- [343 874]
4255 -- [4512 3450]
4261 -- [ 688 1812]
4262 -- [573 345]
4269 -- [1660   97]
4271 -- [1408 1499]
4279 -- [197 863]
4280 -- [3354 2933]
4287 -- [3906 1836]
4288 -- [1109  654]
4292 -- [   0 1115]
4293 -- [2906 3466]
4297 -- [1440  258]
4298 -- [3561 4440]
4302 -- [1377  494]
4304 -- [4251 2708]
4309 -- [4544 2349]
4312 -- [1828 4553]
4317 -- [2759 3884]
4323 -- [4204 2012]
4324 -- [  45 1162]
4325 -- [2712 3508]
4327 -- [4325 2033]
4333 -- [1701   58]
4338 -- [2140 3418]
4340 -- [184 384]
4341 -- [956 408]
4343 -- [788 724]
4349 -- [2906 2929]
4355 -- [2486 4551]
4359 -- [3621 4176]
4363 -- [1797 1742]
4365 -- [3642 4400]
4367 -- [3351 2313]
4376 -- [1473   50]
4378 -- [  75 1433]
4379 -- [1223 1140]
4382 -- [1698  999]
4383 -- [1894 1820]
4384 -- [621 980]
4387 -- [1164 1481]
4397 -- [102 999]
4401 -- [3199 3705]
4404 -- [1870 3573]
4405 -- [ 653 1580]
4414 -- [1520  895]
4420 -- [2012 4319]
4426 -- [3880 2712]
4430 -- [2339 3959]
4437 -- [4207 2703]
4438 -- [3041 3379]
4442 -- [3611 4167]
4445 -- [1105  560]
4451 -- [1743  310]
4455 -- [3177 3187]
4458 -- [1780  988]
4460 -- [ 209 1547]
4461 -- [4379 2999]
4462 -- [4449 3730]
4464 -- [886 359]
4467 -- [2286 3307]
4471 -- [ 821 1558]
4473 -- [2846 2327]
4474 -- [425 906]
4475 -- [3125 4336]
4476 -- [2282 4434]
4479 -- [1167 1139]
4481 -- [1400 1127]
4487 -- [1936 3295]
4493 -- [4079 3724]
4494 -- [793 549]
4495 -- [2696 2572]
4496 -- [1538  402]
4498 -- [2395 2947]
4499 -- [3360 1833]
4500 -- [1683 1479]
4503 -- [2773 2074]
4506 -- [2641 4296]
4509 -- [1179  267]
4511 -- [1956 4260]
4512 -- [708 927]
4519 -- [640 990]
4524 -- [4331 3042]
4532 -- [1478  828]
4536 -- [ 379 1234]
4537 -- [2699 4246]
4538 -- [1018  848]
4539 -- [2302 4205]
4540 -- [ 789 1223]
4543 -- [2511 2010]
4552 -- [  22 1720]
4557 -- [3032 3428]
4560 -- [4360 4327]
4564 -- [1194  277]
4565 -- [ 798 1156]
4568 -- [3656 2850]
4569 -- [ 91 112]
4573 -- [4419 3518]
4574 -- [1643 1780]
4575 -- [3077 3227]
4585 -- [1233  199]
4587 -- [3802 4367]
4589 -- [2682 2031]
4592 -- [1062 1561]
4597 -- [ 507 1304]
4599 -- [3975 2012]
4600 -- [2448 4041]
4603 -- [4347 2773]
4606 -- [786 522]
4607 -- [1123 1201]
4608 -- [1497 1789]
4609 -- [2354 2877]
4610 -- [3419 2075]
4611 -- [1329  434]
4615 -- [1857 1923]
4619 -- [1268 1667]
4620 -- [4445 2850]
4626 -- [2368 4419]
4628 -- [2601 2857]
4630 -- [1842 3382]
4631 -- [1469 1153]
4633 -- [1112  809]
4635 -- [2212 2758]
4636 -- [2941 3822]
4641 -- [1164  294]
4642 -- [1304  219]
4643 -- [1870 3186]
4644 -- [1443   39]
4646 -- [1880 1891]
4647 -- [1696  657]
4655 -- [3223 4088]
4656 -- [4075 4038]
4664 -- [ 644 1155]
4665 -- [2004 4425]
4666 -- [874 242]
4669 -- [1931 3691]
4681 -- [3796 2099]
4682 -- [2857 3264]
4683 -- [3195 2060]
4687 -- [1367 1435]
4688 -- [4136 4240]
4690 -- [1888 3108]
4691 -- [660 878]
4695 -- [1846 2840]
4698 -- [3937 2347]
4699 -- [1638   22]
4702 -- [525 788]
4703 -- [ 834 1195]
4706 -- [  23 1641]
4711 -- [1674 1561]
4714 -- [ 83 253]
4718 -- [686 616]
4720 -- [ 973 1450]
4725 -- [ 736 1621]
4735 -- [1685 1757]
4741 -- [3661 2737]
4743 -- [964 784]
4744 -- [3247 2181]
4745 -- [3297 2351]
4746 -- [4582 4182]
4748 -- [655 284]
4749 -- [2756 1918]
4750 -- [1268 1240]
4751 -- [ 946 1737]
4752 -- [3537 2625]
4754 -- [1900 3045]
4757 -- [3334 3898]
4759 -- [ 822 1527]
4761 -- [1373 1264]
4765 -- [875 849]
4767 -- [3470 4373]
4768 -- [776 995]
4769 -- [1974 4047]
4772 -- [4094 3409]
4774 -- [1384  105]
4778 -- [3938 1921]
4779 -- [3808 1936]
4784 -- [1000  243]
4786 -- [3306 2628]
4788 -- [1033 1157]
4790 -- [2388 3730]
4793 -- [3823 4036]
4794 -- [3980 2297]
4797 -- [4231 2559]
4799 -- [ 812 1773]
4801 -- [248 193]
4803 -- [3950 4140]
4809 -- [4435 1878]
4814 -- [2802 4446]
4816 -- [2021 2920]
4821 -- [4038 3062]
4823 -- [721 194]
4826 -- [ 506 1309]
4830 -- [2756 3789]
4834 -- [3882 3190]
4837 -- [2797 3029]
4845 -- [1732  233]
4846 -- [566 752]
4855 -- [3861 2230]
4857 -- [1429  117]
4858 -- [909 430]
4860 -- [3323 2173]
4867 -- [4563 2906]
4869 -- [2656 2243]
4873 -- [1104 1808]
-cl sat and violated: 1914 | 2414  | total #cl: 4328 | -violated weight: 4828
1 -- [ 257 3911]
2 -- [1687 3645]
3 -- [2194 1763]
4 -- [ 676 4005]
10 -- [2601  459]
13 -- [ 783 2451]
16 -- [3518 1363]
20 -- [2904  558]
23 -- [1964  739]
25 -- [3663  593]
30 -- [1780 3057]
31 -- [1885  828]
32 -- [3238 1399]
34 -- [3144 1215]
35 -- [1084 4591]
36 -- [1344 3597]
37 -- [1239 4398]
38 -- [ 388 4306]
40 -- [4450  501]
42 -- [ 582 4051]
43 -- [1086 4270]
45 -- [ 351 2571]
53 -- [2103  853]
55 -- [3675  859]
59 -- [3784  260]
60 -- [ 791 3196]
63 -- [1193 3853]
64 -- [4523  787]
66 -- [3967  353]
68 -- [1802 4525]
71 -- [2147  588]
73 -- [1617 4457]
74 -- [4419  962]
77 -- [1903  529]
81 -- [4170 1424]
82 -- [2962 1808]
83 -- [2049 1039]
86 -- [1266 2805]
88 -- [1086 3717]
90 -- [ 210 2474]
94 -- [1036 1989]
96 -- [1712 4341]
98 -- [2703 1645]
99 -- [2748 1231]
100 -- [ 126 3143]
101 -- [ 892 3060]
103 -- [4540 1623]
104 -- [3592 1080]
105 -- [4279  376]
106 -- [3309 1311]
107 -- [3510  912]
108 -- [1231 3443]
109 -- [3135 1436]
110 -- [2083 1161]
111 -- [1976  774]
113 -- [2931 1790]
114 -- [ 139 3134]
116 -- [2036  679]
118 -- [2016 1646]
119 -- [4056 1709]
120 -- [1866  919]
121 -- [ 354 4450]
123 -- [ 748 1950]
125 -- [3733   86]
126 -- [1458 3245]
127 -- [2692  529]
128 -- [4190  324]
129 -- [1113 1905]
130 -- [ 239 2499]
131 -- [2889  599]
132 -- [4281  853]
133 -- [2649  950]
134 -- [1855  492]
137 -- [ 529 3168]
138 -- [3189 1342]
139 -- [ 419 2419]
140 -- [3906 1548]
146 -- [1553 3192]
148 -- [ 313 2561]
150 -- [3477  890]
153 -- [ 592 3225]
155 -- [2260   37]
156 -- [4576 1517]
158 -- [1727 2967]
159 -- [ 652 4209]
160 -- [3774 1220]
162 -- [1348 3248]
165 -- [ 443 2415]
167 -- [2018  206]
168 -- [3938  504]
169 -- [ 696 1944]
173 -- [4411  386]
174 -- [2939  971]
176 -- [ 948 2381]
177 -- [2785 1050]
178 -- [ 399 2387]
179 -- [2974 1096]
180 -- [1462 1819]
182 -- [1719 1995]
184 -- [ 366 3887]
185 -- [ 368 1933]
186 -- [3979 1487]
191 -- [ 777 3143]
192 -- [1539 2703]
194 -- [2847 1669]
195 -- [2634 1675]
197 -- [ 550 2975]
200 -- [ 644 4565]
201 -- [3164   69]
204 -- [4012 1780]
205 -- [3441  376]
206 -- [ 868 3292]
209 -- [2419 1443]
210 -- [1887 1700]
211 -- [1925  675]
212 -- [2773  287]
213 -- [ 804 4527]
214 -- [1605 2655]
215 -- [1090 3626]
220 -- [2703  378]
221 -- [1462 2159]
222 -- [ 386 3433]
224 -- [4579  580]
227 -- [1723 3319]
230 -- [ 189 3043]
231 -- [ 484 1970]
233 -- [ 469 2327]
234 -- [2972  157]
236 -- [1485 3015]
237 -- [ 376 2931]
238 -- [  81 3963]
239 -- [ 675 2374]
240 -- [3023 1076]
243 -- [3106 1098]
244 -- [3184  187]
245 -- [3052  391]
248 -- [ 631 1838]
251 -- [   6 3311]
253 -- [2062 1161]
254 -- [ 269 3148]
256 -- [3932   86]
257 -- [4451 1037]
259 -- [4426 1485]
260 -- [4534 1076]
261 -- [1773 3597]
263 -- [1792 3921]
265 -- [1332 2063]
268 -- [2181 1561]
270 -- [1589 3420]
274 -- [1504 2284]
276 -- [3417  519]
278 -- [4070 1255]
282 -- [3892  216]
284 -- [ 647 4161]
285 -- [1935  363]
286 -- [4410 1553]
287 -- [ 852 2109]
288 -- [ 302 2975]
289 -- [ 990 2844]
292 -- [ 459 4192]
293 -- [ 570 3592]
294 -- [1225 2532]
295 -- [1506 4225]
297 -- [ 839 4372]
298 -- [2888  499]
301 -- [3597  860]
302 -- [ 923 3409]
303 -- [  68 3013]
304 -- [3650 1131]
305 -- [3588  509]
306 -- [4285  266]
307 -- [4415  122]
308 -- [1155 2760]
310 -- [2189   43]
311 -- [1086 2840]
313 -- [1086 2326]
314 -- [3784  229]
316 -- [4127 1257]
317 -- [1713 3968]
319 -- [3136  893]
322 -- [ 180 3526]
324 -- [4361 1256]
326 -- [3317 1603]
327 -- [3202 1419]
328 -- [ 475 3732]
330 -- [2661  728]
331 -- [ 980 2328]
333 -- [4343 1460]
335 -- [ 953 4517]
338 -- [ 519 3949]
341 -- [2082  417]
343 -- [1206 2831]
345 -- [ 589 3326]
347 -- [ 964 4338]
348 -- [1649 4596]
349 -- [ 676 3387]
352 -- [2211 1582]
353 -- [ 130 3664]
354 -- [3715 1037]
357 -- [1514 3133]
358 -- [2948  974]
359 -- [ 332 4589]
362 -- [4199 1230]
363 -- [2672  201]
366 -- [ 194 3076]
369 -- [3149   91]
370 -- [1326 2417]
372 -- [2512 1484]
373 -- [4004  807]
374 -- [1999  250]
375 -- [ 704 1880]
377 -- [1646 2071]
380 -- [2226  288]
381 -- [ 668 1855]
382 -- [3442  669]
383 -- [ 128 3857]
384 -- [ 664 4139]
385 -- [  86 3817]
388 -- [  86 4538]
389 -- [3615  916]
390 -- [ 586 3549]
391 -- [ 159 4371]
393 -- [1323 2595]
394 -- [2291 1773]
396 -- [  41 3829]
398 -- [4323 1409]
402 -- [3583 1711]
404 -- [3220 1269]
405 -- [1717 2441]
406 -- [1800 2463]
407 -- [3588 1689]
410 -- [1774 3628]
412 -- [1044 3909]
413 -- [1905 1656]
415 -- [3452  163]
419 -- [4420  483]
420 -- [2900  433]
422 -- [ 255 2041]
423 -- [3788 1504]
425 -- [3439   71]
426 -- [4206 1327]
430 -- [3805 1614]
432 -- [3926  974]
433 -- [ 579 3775]
436 -- [ 770 4471]
437 -- [ 478 4550]
439 -- [ 773 3061]
440 -- [1883  176]
441 -- [3618  202]
443 -- [ 854 2939]
444 -- [4114  313]
446 -- [1942 1096]
447 -- [1552 2823]
449 -- [1472 3995]
453 -- [3445  175]
455 -- [4005 1373]
457 -- [3240 1296]
459 -- [1373 3389]
461 -- [1661 3476]
463 -- [ 514 3043]
465 -- [2364 1003]
466 -- [1934  314]
468 -- [ 295 3890]
469 -- [2061 1323]
470 -- [1471 3799]
471 -- [2214  332]
474 -- [2111  780]
475 -- [ 407 4286]
476 -- [4594  417]
477 -- [2763 1640]
479 -- [3036  231]
480 -- [3876  649]
481 -- [2516   66]
483 -- [3822 1276]
484 -- [2156  546]
486 -- [3496 1762]
487 -- [1787 3261]
488 -- [3757  159]
493 -- [1310 2174]
494 -- [1351 4511]
495 -- [3201  674]
497 -- [1518 3731]
498 -- [3234  619]
500 -- [4496  535]
503 -- [3405 1123]
508 -- [1665 4132]
511 -- [1517 2991]
512 -- [2611 1108]
516 -- [1127 4532]
523 -- [1586 3989]
524 -- [2833  487]
530 -- [3355 1809]
531 -- [3844 1156]
532 -- [1585 3938]
533 -- [2110 1433]
534 -- [1506 2738]
537 -- [2765 1628]
539 -- [3535  617]
542 -- [4212 1346]
545 -- [  17 3116]
546 -- [ 270 2548]
547 -- [ 374 3829]
548 -- [  81 3435]
550 -- [ 266 4001]
551 -- [4478 1574]
552 -- [ 926 2636]
553 -- [3383   60]
554 -- [ 308 3429]
555 -- [4208 1205]
557 -- [ 310 4223]
559 -- [2189 1506]
560 -- [3716  269]
561 -- [4477  229]
562 -- [ 330 3120]
563 -- [2035  769]
564 -- [ 585 2595]
566 -- [1188 4220]
567 -- [ 363 3355]
570 -- [ 587 2941]
571 -- [2597   45]
573 -- [3070 1639]
576 -- [1902 1780]
578 -- [2589 1723]
583 -- [ 976 3789]
585 -- [3574  484]
587 -- [2815  818]
589 -- [1843  796]
592 -- [ 286 1976]
594 -- [   5 3216]
595 -- [2555  934]
597 -- [1266 2906]
598 -- [ 945 3440]
600 -- [4125  395]
601 -- [ 567 2921]
602 -- [2217 1110]
603 -- [1060 4379]
604 -- [1852 1414]
605 -- [1208 3989]
608 -- [ 225 4107]
610 -- [2990 1493]
612 -- [1359 3956]
613 -- [3894  580]
614 -- [  46 3164]
617 -- [3994  536]
620 -- [3713 1174]
621 -- [ 119 3426]
624 -- [3142 1322]
629 -- [ 554 4290]
630 -- [2213  570]
631 -- [2815 1675]
635 -- [4128  967]
636 -- [3028  817]
638 -- [2417 1348]
639 -- [1582 3024]
640 -- [ 187 4390]
641 -- [3113  497]
642 -- [3836 1696]
643 -- [2122 1645]
645 -- [3932 1096]
647 -- [ 696 4009]
648 -- [2783  171]
650 -- [4137  129]
651 -- [1396 2655]
652 -- [1925  748]
653 -- [3320 1671]
656 -- [1106 4454]
657 -- [2301  314]
659 -- [2180 1470]
664 -- [4260 1383]
666 -- [2768   86]
667 -- [4550  661]
669 -- [4055  464]
676 -- [1972 1663]
678 -- [3704  751]
679 -- [1705 4547]
681 -- [3345 1334]
684 -- [4057  216]
685 -- [2752 1204]
689 -- [4532  540]
692 -- [2782  804]
693 -- [1422 3561]
694 -- [1616 2840]
695 -- [ 576 2420]
696 -- [1373 2118]
698 -- [1033 2236]
701 -- [1486 3967]
703 -- [1587 2079]
705 -- [4047 1435]
706 -- [1542 2826]
712 -- [2691 1458]
713 -- [2784 1232]
715 -- [ 334 2563]
717 -- [ 358 4515]
725 -- [1606 2547]
726 -- [ 618 3031]
727 -- [4183  546]
729 -- [ 529 2156]
730 -- [4461 1504]
732 -- [2175 1483]
734 -- [1517 3840]
735 -- [ 171 4191]
736 -- [ 587 2309]
738 -- [4120  122]
741 -- [  15 2765]
742 -- [1436 3707]
743 -- [2235  727]
746 -- [3173 1302]
748 -- [ 608 3615]
750 -- [ 911 2633]
752 -- [ 459 3990]
753 -- [1076 2865]
754 -- [2741  435]
761 -- [1789 4483]
762 -- [ 766 1968]
763 -- [ 779 3955]
765 -- [ 823 4306]
767 -- [1430 4265]
768 -- [4236  153]
770 -- [ 627 4245]
773 -- [ 526 3238]
774 -- [3611 1424]
776 -- [ 299 3794]
777 -- [ 583 3715]
779 -- [1422 4094]
780 -- [2299 1464]
781 -- [4438 1270]
782 -- [3083  448]
783 -- [2942 1729]
784 -- [2693  122]
785 -- [2944 1515]
786 -- [2076  474]
787 -- [1237 4269]
789 -- [1171 2009]
790 -- [2888  374]
791 -- [3107  363]
795 -- [ 395 3754]
798 -- [2738  438]
799 -- [1248 3557]
801 -- [3126 1658]
803 -- [4111 1634]
804 -- [ 864 3949]
805 -- [2171 1203]
806 -- [2592  848]
810 -- [2077 1272]
811 -- [3408 1281]
813 -- [3796  343]
816 -- [ 614 2878]
817 -- [4162  818]
818 -- [4027 1351]
819 -- [1478 1828]
821 -- [ 225 2886]
822 -- [3919 1393]
827 -- [4212  622]
828 -- [ 413 3428]
832 -- [  25 2910]
833 -- [1714 3028]
838 -- [ 926 1857]
839 -- [1715 1936]
840 -- [3833   41]
841 -- [  28 1867]
844 -- [ 569 2273]
845 -- [ 602 3502]
846 -- [ 461 4165]
847 -- [4280  570]
849 -- [ 286 1977]
851 -- [ 288 2544]
853 -- [ 650 3710]
854 -- [1411 2416]
855 -- [1123 1932]
856 -- [3748  109]
857 -- [3774 1730]
858 -- [4312  571]
859 -- [4579  707]
861 -- [3388  906]
862 -- [1257 3463]
864 -- [1676 1914]
865 -- [1051 3306]
866 -- [1533 3303]
869 -- [ 171 3009]
870 -- [1205 2787]
871 -- [2004  433]
872 -- [4047 1013]
873 -- [3761  235]
874 -- [ 471 3132]
876 -- [2190  914]
877 -- [1206 3066]
879 -- [ 986 2438]
880 -- [4234  214]
881 -- [4551  867]
882 -- [ 269 4239]
883 -- [1085 4474]
884 -- [ 860 3618]
885 -- [2307 1399]
886 -- [4240 1716]
887 -- [2642  325]
888 -- [2500  533]
889 -- [1333 3332]
891 -- [3699  269]
892 -- [2942  159]
897 -- [ 985 2510]
898 -- [1010 3420]
899 -- [ 803 1942]
902 -- [4363  458]
905 -- [2328  612]
908 -- [ 296 3765]
910 -- [1568 2131]
911 -- [4397 1759]
912 -- [ 484 3863]
913 -- [1223 1910]
914 -- [ 800 2783]
918 -- [ 234 3996]
919 -- [1094 2603]
922 -- [1388 2947]
923 -- [ 440 2302]
924 -- [1942   66]
925 -- [ 435 3282]
926 -- [4236 1043]
927 -- [3982  336]
928 -- [ 993 2951]
934 -- [  81 2926]
935 -- [3801  707]
936 -- [2195  575]
938 -- [1526 2634]
939 -- [ 701 3360]
940 -- [3064 1316]
942 -- [ 906 3213]
943 -- [3074 1550]
944 -- [3893  399]
945 -- [1973  621]
952 -- [ 486 2496]
953 -- [ 140 4145]
954 -- [3657 1302]
955 -- [2536  567]
956 -- [3849 1080]
961 -- [ 576 3408]
964 -- [4557  533]
965 -- [1023 3956]
966 -- [1770 4018]
968 -- [2342 1243]
970 -- [4163  569]
971 -- [ 466 2362]
975 -- [1933  858]
976 -- [1408 2259]
979 -- [2562    1]
981 -- [4562 1559]
982 -- [1986  345]
983 -- [1695 3787]
984 -- [4379 1035]
987 -- [3886  998]
991 -- [2802  918]
994 -- [1208 2196]
997 -- [ 930 3647]
998 -- [4269   93]
999 -- [ 174 2713]
1000 -- [2876  542]
1002 -- [4213  252]
1005 -- [ 352 3133]
1007 -- [3029  557]
1010 -- [ 782 2041]
1013 -- [1865  481]
1014 -- [ 210 3623]
1015 -- [1460 3099]
1016 -- [2868  328]
1017 -- [ 894 1847]
1018 -- [ 450 2368]
1019 -- [1030 3665]
1022 -- [  78 1929]
1025 -- [2551  935]
1026 -- [ 412 3682]
1027 -- [2718  515]
1029 -- [3485 1111]
1030 -- [1735 2561]
1032 -- [4259 1149]
1036 -- [4499  189]
1037 -- [1562 2757]
1038 -- [ 868 4241]
1039 -- [2156  247]
1041 -- [ 134 2275]
1044 -- [4321 1028]
1045 -- [3276  567]
1049 -- [3345 1465]
1051 -- [  81 3303]
1052 -- [1042 3862]
1054 -- [3452  637]
1058 -- [ 276 4576]
1061 -- [  25 3634]
1062 -- [  81 3445]
1064 -- [ 300 3779]
1066 -- [1623 3876]
1067 -- [3631 1488]
1070 -- [1218 4424]
1072 -- [ 889 2263]
1073 -- [4553  918]
1075 -- [1695 3538]
1077 -- [1493 3197]
1080 -- [ 166 3024]
1081 -- [2089  955]
1084 -- [4467  519]
1085 -- [1636 4092]
1086 -- [4348 1723]
1087 -- [1045 3239]
1088 -- [ 183 1951]
1092 -- [4329  770]
1093 -- [3140 1671]
1094 -- [ 594 4474]
1095 -- [3629 1184]
1096 -- [1550 3904]
1103 -- [ 852 3879]
1104 -- [1322 4183]
1108 -- [3876  338]
1111 -- [   3 2667]
1113 -- [ 675 3177]
1115 -- [3461 1789]
1118 -- [3875 1461]
1120 -- [3421 1792]
1121 -- [ 912 1962]
1123 -- [ 835 2447]
1124 -- [ 179 2162]
1126 -- [1799 2130]
1127 -- [1082 1852]
1129 -- [2198  352]
1132 -- [ 381 4555]
1133 -- [1236 3067]
1136 -- [ 226 2829]
1138 -- [ 432 4531]
1139 -- [2885 1712]
1140 -- [4435 1734]
1141 -- [3598  223]
1147 -- [1615 3889]
1149 -- [ 674 2907]
1150 -- [1156 3777]
1151 -- [2304  572]
1152 -- [2943   15]
1153 -- [1011 2299]
1154 -- [2965 1804]
1155 -- [ 765 2498]
1157 -- [ 842 3976]
1159 -- [ 615 3997]
1160 -- [ 758 4250]
1161 -- [1336 2807]
1162 -- [2679   20]
1163 -- [3674 1233]
1168 -- [3183 1132]
1176 -- [3026 1443]
1177 -- [1229 3710]
1179 -- [3385 1426]
1180 -- [ 542 2287]
1182 -- [3587 1349]
1183 -- [2298 1615]
1184 -- [ 875 2786]
1187 -- [2810  774]
1189 -- [2345 1065]
1190 -- [4070  443]
1192 -- [1801 3769]
1193 -- [1291 2769]
1195 -- [1796 1985]
1198 -- [1647 4086]
1199 -- [1602 2900]
1201 -- [2883  177]
1204 -- [ 320 2864]
1205 -- [ 450 2714]
1207 -- [ 867 2935]
1210 -- [ 540 3923]
1214 -- [3460  686]
1216 -- [1973 1253]
1218 -- [  15 2687]
1219 -- [3061 1736]
1220 -- [1296 2069]
1221 -- [ 546 4532]
1224 -- [4053  224]
1225 -- [2017    4]
1226 -- [1411 2502]
1230 -- [ 609 2059]
1231 -- [1368 2797]
1233 -- [1766 2404]
1235 -- [4046  862]
1236 -- [ 490 2586]
1237 -- [1668 3429]
1238 -- [1693 1874]
1242 -- [3783 1186]
1243 -- [4527 1050]
1244 -- [3267 1506]
1245 -- [ 156 3993]
1251 -- [4157   71]
1252 -- [ 391 3074]
1253 -- [1839  225]
1254 -- [2854 1389]
1255 -- [2168  177]
1258 -- [3230  788]
1259 -- [2421 1448]
1260 -- [1319 3393]
1261 -- [1490 2728]
1262 -- [2296  383]
1263 -- [2795  831]
1264 -- [ 353 4253]
1265 -- [ 273 4335]
1266 -- [ 641 2725]
1270 -- [3587 1809]
1271 -- [ 211 2238]
1275 -- [3407  985]
1276 -- [ 743 3275]
1278 -- [3239  236]
1281 -- [1111 2104]
1282 -- [ 265 3789]
1284 -- [3972 1597]
1288 -- [  28 3066]
1289 -- [ 685 2137]
1290 -- [  67 3618]
1294 -- [1544 2613]
1295 -- [ 520 4051]
1296 -- [4098 1789]
1298 -- [3678 1429]
1303 -- [3780  803]
1305 -- [1992  680]
1306 -- [ 354 1889]
1308 -- [3601  313]
1309 -- [1044 2745]
1311 -- [ 324 4248]
1312 -- [2868 1650]
1314 -- [3315 1107]
1316 -- [ 751 3642]
1317 -- [1839  467]
1318 -- [ 295 2132]
1319 -- [2298  195]
1320 -- [ 414 3337]
1321 -- [1382 3621]
1322 -- [2474  351]
1324 -- [1161 3652]
1325 -- [2550 1028]
1326 -- [4571 1215]
1327 -- [3074  352]
1329 -- [3992 1650]
1330 -- [ 844 4327]
1332 -- [ 449 3679]
1333 -- [ 284 3692]
1334 -- [3778  102]
1336 -- [2735  853]
1337 -- [ 958 3393]
1338 -- [ 745 3129]
1341 -- [4458  891]
1342 -- [ 751 2706]
1343 -- [2574 1194]
1344 -- [1273 2506]
1345 -- [4117 1439]
1346 -- [3038  921]
1347 -- [2149  609]
1348 -- [1371 2068]
1349 -- [ 620 4398]
1350 -- [ 859 2216]
1353 -- [ 195 3578]
1354 -- [3067  824]
1355 -- [3158 1249]
1361 -- [ 194 2838]
1362 -- [4594  139]
1363 -- [4372  625]
1364 -- [1553 3622]
1365 -- [1694 3445]
1368 -- [1039 4091]
1370 -- [2064 1646]
1371 -- [1908  244]
1374 -- [2199 1371]
1375 -- [3244 1302]
1377 -- [3815  529]
1383 -- [  20 2525]
1385 -- [3628 1033]
1390 -- [ 320 3576]
1393 -- [1855  642]
1397 -- [1398 2279]
1401 -- [1287 2964]
1402 -- [1071 2542]
1403 -- [3225  156]
1404 -- [2031  131]
1406 -- [3145  686]
1407 -- [2813 1731]
1408 -- [1916 1371]
1411 -- [1479 4531]
1412 -- [1038 2443]
1415 -- [1145 3290]
1416 -- [1351 2928]
1417 -- [1046 1921]
1418 -- [ 147 2060]
1422 -- [3000 1112]
1424 -- [3849  560]
1425 -- [ 814 4039]
1427 -- [2918 1224]
1428 -- [1668 4136]
1429 -- [3908  982]
1431 -- [3587  950]
1432 -- [1669 3742]
1435 -- [2918   65]
1436 -- [1223 2157]
1437 -- [4046 1435]
1438 -- [ 521 3529]
1439 -- [2507 1711]
1440 -- [1095 2992]
1445 -- [3306 1804]
1446 -- [1753 2332]
1447 -- [1617 3574]
1448 -- [  80 3919]
1450 -- [2731  129]
1451 -- [2478 1319]
1452 -- [ 793 2433]
1455 -- [1317 2861]
1456 -- [3742  359]
1457 -- [ 494 2078]
1459 -- [4317  449]
1461 -- [3816 1663]
1463 -- [1089 4263]
1465 -- [1070 2459]
1467 -- [2213 1584]
1468 -- [4347 1774]
1469 -- [1553 2322]
1470 -- [3749  492]
1471 -- [2171  669]
1474 -- [2976 1429]
1476 -- [1951  705]
1478 -- [ 467 3944]
1480 -- [2580  300]
1481 -- [1331 3505]
1484 -- [3908  618]
1486 -- [  21 1982]
1487 -- [3219 1623]
1488 -- [ 587 2033]
1490 -- [1466 1864]
1491 -- [1715 3478]
1492 -- [4597 1091]
1493 -- [ 543 2804]
1494 -- [3143  739]
1495 -- [1917  145]
1496 -- [1084 2614]
1501 -- [2574  843]
1502 -- [3539 1305]
1504 -- [4558 1220]
1505 -- [1492 4564]
1506 -- [ 415 4324]
1507 -- [1466 2952]
1509 -- [4024   92]
1510 -- [  78 2843]
1511 -- [3286  515]
1512 -- [1499 3234]
1514 -- [1603 4590]
1515 -- [ 854 3798]
1517 -- [ 645 3921]
1518 -- [1503 2042]
1519 -- [1397 2321]
1520 -- [ 262 2228]
1521 -- [2544  864]
1522 -- [ 588 3557]
1524 -- [3097 1623]
1528 -- [1189 3546]
1530 -- [ 694 2743]
1531 -- [1409 3706]
1532 -- [1383 2152]
1533 -- [2812   17]
1534 -- [1133 3388]
1535 -- [1244 2049]
1536 -- [3935   61]
1540 -- [ 969 4107]
1541 -- [1143 3453]
1544 -- [4538  813]
1545 -- [1493 3737]
1548 -- [3212 1798]
1549 -- [3925 1186]
1551 -- [ 417 4450]
1552 -- [2050  583]
1554 -- [ 627 2608]
1555 -- [ 867 2244]
1557 -- [3809    6]
1558 -- [ 353 4012]
1559 -- [ 249 2798]
1561 -- [2191  166]
1564 -- [3263 1334]
1565 -- [3061 1723]
1569 -- [2188  983]
1570 -- [1571 4542]
1571 -- [4125 1171]
1573 -- [2318  596]
1575 -- [ 158 3918]
1577 -- [ 685 4299]
1578 -- [2116 1029]
1580 -- [1270 1833]
1581 -- [1237 4016]
1583 -- [ 945 2105]
1585 -- [1804 3211]
1587 -- [1366 1891]
1589 -- [4186 1762]
1590 -- [4432  112]
1592 -- [ 713 2788]
1595 -- [2621 1446]
1596 -- [1381 4128]
1597 -- [2641  876]
1598 -- [ 466 2213]
1599 -- [2720  890]
1601 -- [1639 4148]
1604 -- [2062  517]
1605 -- [ 124 4435]
1607 -- [1854  402]
1609 -- [ 890 3483]
1611 -- [3660  471]
1615 -- [2168  618]
1618 -- [ 214 4147]
1619 -- [1178 2263]
1620 -- [1627 1941]
1625 -- [ 693 2919]
1626 -- [3512  330]
1628 -- [1809 4064]
1630 -- [ 504 4340]
1633 -- [3955 1103]
1636 -- [ 495 2177]
1637 -- [3400 1024]
1638 -- [2132 1283]
1639 -- [1222 3488]
1640 -- [ 319 2633]
1641 -- [1681 3500]
1643 -- [4337 1171]
1645 -- [1579 2319]
1650 -- [ 646 1905]
1652 -- [3581 1736]
1653 -- [ 332 3624]
1655 -- [3126 1342]
1656 -- [4241  532]
1657 -- [ 758 2594]
1658 -- [ 867 3603]
1659 -- [1178 3812]
1661 -- [2822  770]
1665 -- [1373 2412]
1668 -- [4323 1409]
1671 -- [1330 3388]
1673 -- [ 665 4278]
1675 -- [3586 1740]
1676 -- [ 699 3830]
1678 -- [ 594 3722]
1679 -- [2244 1640]
1681 -- [3264 1282]
1682 -- [   5 2993]
1684 -- [2567  300]
1685 -- [ 151 3151]
1686 -- [3383 1005]
1688 -- [1516 2910]
1689 -- [1078 2923]
1690 -- [2548  575]
1691 -- [ 173 2707]
1693 -- [1863 1328]
1694 -- [ 766 2099]
1695 -- [1515 2260]
1696 -- [3385 1216]
1697 -- [ 745 3965]
1700 -- [3722  160]
1701 -- [1016 4313]
1702 -- [3894 1728]
1703 -- [1932  424]
1704 -- [1057 2251]
1705 -- [3026 1704]
1706 -- [ 827 4248]
1707 -- [ 838 4010]
1708 -- [1205 4194]
1709 -- [ 432 2144]
1711 -- [ 540 4556]
1714 -- [ 202 2099]
1715 -- [1959  235]
1716 -- [3113 1678]
1717 -- [1543 4486]
1719 -- [1668 2954]
1720 -- [4499 1135]
1723 -- [1849  621]
1724 -- [2057  180]
1725 -- [2490 1540]
1726 -- [  28 3053]
1727 -- [ 145 3860]
1728 -- [3339 1496]
1733 -- [ 536 2893]
1738 -- [2448  971]
1739 -- [2287  368]
1741 -- [ 288 3236]
1743 -- [2215 1506]
1744 -- [1658 3489]
1745 -- [ 629 2357]
1747 -- [ 699 2056]
1751 -- [4495  499]
1752 -- [ 519 2420]
1753 -- [3942  700]
1754 -- [4518  624]
1757 -- [1024 3676]
1758 -- [ 466 3208]
1759 -- [1235 3767]
1761 -- [1977  974]
1762 -- [ 811 4098]
1763 -- [ 493 2441]
1767 -- [3618  770]
1768 -- [ 375 1822]
1771 -- [3336 1623]
1772 -- [1174 4518]
1773 -- [4405  759]
1775 -- [ 828 3509]
1776 -- [4572 1195]
1777 -- [3077 1598]
1780 -- [4108 1458]
1782 -- [ 215 4322]
1784 -- [2984  765]
1785 -- [3993  946]
1786 -- [1333 2053]
1787 -- [3282 1486]
1791 -- [3269 1121]
1793 -- [1446 2488]
1797 -- [1260 4338]
1798 -- [2452  367]
1800 -- [ 151 2713]
1801 -- [ 696 4143]
1805 -- [ 770 3653]
1806 -- [ 771 2416]
1809 -- [2907  415]
1810 -- [ 614 3760]
1811 -- [1493 3022]
1812 -- [  24 3702]
1813 -- [1490 4513]
1819 -- [1610 2540]
1823 -- [ 359 4411]
1825 -- [2253  295]
1826 -- [ 610 3444]
1830 -- [1768 3019]
1831 -- [4589 1610]
1834 -- [1494 3316]
1835 -- [3539  219]
1836 -- [1248 2912]
1837 -- [2106   26]
1841 -- [4135  577]
1843 -- [4518  831]
1845 -- [3004  925]
1847 -- [1129 2946]
1849 -- [ 748 2307]
1852 -- [ 668 2732]
1855 -- [ 529 2614]
1856 -- [3637 1226]
1857 -- [  36 3099]
1858 -- [3876 1533]
1863 -- [2188 1630]
1864 -- [1401 4382]
1867 -- [   1 3277]
1868 -- [1661 2239]
1869 -- [1292 4422]
1872 -- [1209 3789]
1873 -- [1542 3707]
1879 -- [ 998 2941]
1881 -- [1990 1484]
1882 -- [ 569 2604]
1883 -- [ 577 3315]
1886 -- [ 354 3711]
1887 -- [2204  241]
1888 -- [ 805 2858]
1889 -- [1430 3039]
1890 -- [ 807 3976]
1891 -- [1103 2860]
1893 -- [1439 2342]
1895 -- [1848 1668]
1896 -- [2343 1717]
1897 -- [3765  613]
1898 -- [ 484 4406]
1899 -- [1053 2373]
1901 -- [3144 1240]
1902 -- [1678 3893]
1904 -- [4004 1363]
1905 -- [1669 2775]
1907 -- [ 855 3946]
1910 -- [3344   88]
1912 -- [2784  253]
1915 -- [3250  398]
1916 -- [2587  961]
1917 -- [4236  626]
1921 -- [ 537 2063]
1922 -- [4166 1753]
1925 -- [1877 1727]
1926 -- [3904  166]
1927 -- [1975  497]
1930 -- [1639 2320]
1931 -- [ 654 3106]
1932 -- [ 874 4085]
1935 -- [2548  764]
1936 -- [ 514 1872]
1937 -- [1062 3909]
1938 -- [ 307 3260]
1939 -- [2502  145]
1940 -- [3968  574]
1941 -- [1170 2207]
1945 -- [3622  296]
1946 -- [1493 2679]
1948 -- [3241  842]
1950 -- [4524  353]
1951 -- [1162 3648]
1953 -- [3746 1403]
1960 -- [2425 1226]
1961 -- [2285 1073]
1963 -- [1646 3604]
1965 -- [3752   45]
1968 -- [ 111 3614]
1969 -- [ 469 2563]
1970 -- [2604  917]
1971 -- [1874  110]
1972 -- [ 394 3950]
1974 -- [4260  404]
1975 -- [4505 1171]
1977 -- [3121 1387]
1978 -- [1887 1704]
1979 -- [2228  383]
1981 -- [1387 3850]
1982 -- [2928  766]
1985 -- [3364 1141]
1986 -- [1034 2066]
1987 -- [ 135 4288]
1991 -- [3330    5]
1993 -- [3762 1616]
1994 -- [2480 1676]
1995 -- [1311 3187]
1996 -- [1133 2388]
1997 -- [ 750 3071]
1999 -- [  17 3203]
2000 -- [1878  198]
2002 -- [3975  840]
2006 -- [4422 1093]
2007 -- [4091  633]
2010 -- [2186  490]
2012 -- [2227  586]
2013 -- [ 676 2121]
2014 -- [ 791 4340]
2019 -- [1665 2766]
2021 -- [2647  334]
2022 -- [2012 1746]
2026 -- [3628 1670]
2027 -- [ 251 4505]
2028 -- [3147 1336]
2029 -- [ 699 3552]
2030 -- [3423 1296]
2031 -- [1022 3739]
2033 -- [  35 2597]
2035 -- [2843 1009]
2038 -- [1221 4395]
2040 -- [ 917 4230]
2041 -- [2045  712]
2042 -- [1444 3270]
2049 -- [ 440 3215]
2052 -- [2306  757]
2053 -- [3503   37]
2055 -- [2263 1205]
2056 -- [3771 1798]
2059 -- [4242  175]
2061 -- [1433 4475]
2062 -- [3520 1689]
2065 -- [1674 2010]
2066 -- [1212 4070]
2067 -- [  22 3303]
2068 -- [   6 2327]
2070 -- [1141 3117]
2072 -- [2494 1226]
2073 -- [1717 4306]
2074 -- [3332 1712]
2075 -- [  22 2416]
2076 -- [ 413 3208]
2077 -- [1006 3136]
2078 -- [ 953 3307]
2080 -- [2895  892]
2082 -- [3915  465]
2083 -- [3170  901]
2084 -- [1706 3960]
2087 -- [1326 3326]
2088 -- [3705 1741]
2089 -- [4599  908]
2091 -- [2241 1506]
2093 -- [4002  407]
2095 -- [ 723 4454]
2098 -- [ 777 3613]
2101 -- [2949  814]
2102 -- [3050  759]
2104 -- [4344 1798]
2106 -- [2251 1438]
2107 -- [ 480 4162]
2110 -- [3419  320]
2113 -- [ 693 1939]
2115 -- [3514  194]
2116 -- [1519 3222]
2117 -- [3719 1444]
2118 -- [4524  149]
2119 -- [ 500 2633]
2121 -- [1392 4077]
2122 -- [3133  528]
2127 -- [ 987 2674]
2129 -- [4515  738]
2131 -- [2111 1518]
2132 -- [ 804 3947]
2134 -- [1062 2667]
2136 -- [  29 1942]
2137 -- [3526 1347]
2138 -- [4460   44]
2139 -- [1539 3100]
2140 -- [2338  580]
2142 -- [1430 4475]
2144 -- [1195 3062]
2145 -- [4569  287]
2147 -- [3589 1693]
2148 -- [ 946 3194]
2150 -- [1024 3504]
2152 -- [3749 1433]
2154 -- [1113 2921]
2155 -- [ 104 2069]
2157 -- [3272  877]
2158 -- [ 151 3433]
2159 -- [2235  699]
2163 -- [1124 2160]
2164 -- [3791  518]
2166 -- [1416 3374]
2167 -- [2508 1665]
2171 -- [3943  765]
2174 -- [1875 1226]
2175 -- [3298 1658]
2176 -- [ 868 3946]
2180 -- [ 693 2412]
2182 -- [ 111 3553]
2183 -- [1629 4532]
2187 -- [2626 1603]
2189 -- [3354 1534]
2190 -- [2817  623]
2192 -- [4529 1506]
2193 -- [3153 1323]
2194 -- [3164  958]
2197 -- [1665 2740]
2199 -- [ 439 2112]
2200 -- [4498 1597]
2201 -- [  24 3591]
2203 -- [ 283 2917]
2205 -- [2136 1468]
2206 -- [3334  440]
2208 -- [2213  212]
2209 -- [1206 4455]
2212 -- [4172  325]
2213 -- [3754  571]
2214 -- [4493  684]
2216 -- [ 596 3896]
2217 -- [1269 1927]
2218 -- [4461  187]
2219 -- [3365 1053]
2220 -- [4458  492]
2221 -- [3139 1712]
2222 -- [ 631 2459]
2227 -- [3500 1325]
2229 -- [3962 1273]
2230 -- [3231  977]
2233 -- [1072 4031]
2236 -- [ 956 1960]
2237 -- [1973 1255]
2238 -- [2958 1437]
2240 -- [4257 1240]
2242 -- [1582 2877]
2243 -- [2235 1355]
2245 -- [ 357 2700]
2246 -- [3352 1272]
2248 -- [2964 1401]
2253 -- [3909  728]
2256 -- [2586    3]
2258 -- [ 177 2509]
2259 -- [4368 1285]
2260 -- [ 342 3778]
2262 -- [ 420 2717]
2263 -- [1111 3561]
2264 -- [3629  319]
2265 -- [3545  523]
2266 -- [4482  613]
2267 -- [3450  625]
2269 -- [1645 4341]
2272 -- [4207  144]
2274 -- [2932 1323]
2275 -- [2000  703]
2276 -- [ 600 3643]
2277 -- [3026  930]
2278 -- [4109  993]
2280 -- [ 686 3501]
2282 -- [1117 4408]
2283 -- [ 929 4218]
2284 -- [2305  493]
2286 -- [1817 1191]
2287 -- [ 173 3342]
2289 -- [1351 3269]
2290 -- [4136 1484]
2293 -- [1623 3342]
2295 -- [1436 2874]
2298 -- [3694 1493]
2299 -- [3207  774]
2300 -- [1471 2745]
2301 -- [1170 3347]
2302 -- [ 982 2121]
2303 -- [ 632 2053]
2304 -- [ 476 2654]
2307 -- [1085 2076]
2314 -- [3217  684]
2318 -- [1112 2957]
2320 -- [2227 1430]
2321 -- [4485   66]
2323 -- [ 620 2312]
2324 -- [ 917 3465]
2328 -- [3159   31]
2329 -- [3726  687]
2331 -- [ 795 4366]
2333 -- [ 459 4376]
2334 -- [3202  357]
2337 -- [ 588 3502]
2338 -- [3992  738]
2339 -- [1095 2184]
2341 -- [2695  620]
2343 -- [3960 1054]
2345 -- [3777 1226]
2346 -- [1096 3420]
2347 -- [2197  846]
2350 -- [ 457 2854]
2351 -- [3870 1623]
2352 -- [2180  298]
2353 -- [2088  790]
2354 -- [2087 1149]
2357 -- [1675 2006]
2360 -- [3337  560]
2361 -- [1628 4238]
2362 -- [  66 4283]
2363 -- [4090 1732]
2368 -- [4435  608]
2370 -- [2471  842]
2371 -- [3358 1301]
2378 -- [4157  837]
2382 -- [2112 1067]
2383 -- [2467  930]
2385 -- [3653  314]
2386 -- [2257 1580]
2387 -- [ 663 3315]
2388 -- [3345 1625]
2389 -- [ 255 3331]
2391 -- [2093  156]
2394 -- [4443 1434]
2396 -- [4154  155]
2397 -- [3988 1501]
2398 -- [3118  601]
2401 -- [ 229 3486]
2404 -- [1893 1615]
2409 -- [3810  314]
2410 -- [3783  787]
2413 -- [ 247 3153]
2414 -- [4321 1617]
2415 -- [ 141 3005]
2416 -- [3845  782]
2418 -- [2652  235]
2419 -- [ 124 2482]
2422 -- [1152 3223]
2423 -- [ 177 2362]
2424 -- [ 368 2396]
2428 -- [2320 1670]
2430 -- [3682 1584]
2431 -- [3092  434]
2433 -- [1821 1634]
2434 -- [4106  166]
2438 -- [4235  699]
2439 -- [2447 1342]
2442 -- [1302 2018]
2443 -- [ 389 3858]
2446 -- [3900 1740]
2448 -- [ 300 4556]
2449 -- [ 617 4225]
2450 -- [2010 1615]
2451 -- [4594 1616]
2454 -- [3065  901]
2455 -- [1003 2649]
2456 -- [2300 1433]
2459 -- [2930  629]
2461 -- [4172 1730]
2462 -- [1547 2391]
2463 -- [1724 3297]
2465 -- [1406 3414]
2466 -- [3487 1021]
2467 -- [ 424 2832]
2468 -- [ 130 4473]
2470 -- [ 244 3548]
2473 -- [2485 1658]
2475 -- [2582 1042]
2477 -- [ 646 3302]
2478 -- [ 792 2835]
2479 -- [1875 1533]
2480 -- [1709 1824]
2481 -- [4311  146]
2482 -- [4164 1654]
2483 -- [ 796 2783]
2484 -- [ 280 2118]
2485 -- [1084 1955]
2487 -- [1045 3007]
2488 -- [1556 4273]
2491 -- [3779  845]
2492 -- [3227 1054]
2493 -- [3495 1700]
2496 -- [2069  467]
2497 -- [2201 1188]
2499 -- [1044 2268]
2501 -- [ 694 3574]
2507 -- [ 727 3346]
2508 -- [ 508 2143]
2509 -- [4454   12]
2511 -- [1007 3402]
2512 -- [4280 1318]
2516 -- [3983  769]
2517 -- [2998 1092]
2519 -- [1616 3946]
2520 -- [4307   51]
2523 -- [3445  963]
2524 -- [4235  973]
2526 -- [ 624 1858]
2528 -- [1790 3407]
2529 -- [3412  519]
2530 -- [ 586 3247]
2531 -- [2630  622]
2532 -- [ 871 4184]
2533 -- [ 460 3197]
2536 -- [1798 3526]
2537 -- [ 661 2532]
2540 -- [2163  307]
2541 -- [ 531 3160]
2542 -- [2326  550]
2546 -- [3909 1690]
2547 -- [ 613 3529]
2548 -- [1021 3872]
2549 -- [  53 3829]
2552 -- [1457 2858]
2553 -- [1703 2386]
2560 -- [ 378 2848]
2561 -- [2963   17]
2562 -- [3483 1654]
2564 -- [2140  894]
2565 -- [2285  526]
2566 -- [ 592 2309]
2567 -- [3522  676]
2570 -- [3354 1238]
2572 -- [2147  584]
2573 -- [3719 1176]
2574 -- [2052  210]
2576 -- [3940  592]
2577 -- [  11 3652]
2578 -- [1606 4364]
2579 -- [2082  367]
2583 -- [ 873 3697]
2584 -- [2712  548]
2585 -- [ 932 3012]
2586 -- [  28 2375]
2587 -- [3093  156]
2589 -- [ 845 1872]
2591 -- [3665  768]
2592 -- [1461 4143]
2593 -- [3520  779]
2594 -- [ 950 3274]
2595 -- [3714 1149]
2596 -- [3374  790]
2598 -- [1694 2938]
2599 -- [1485 4031]
2601 -- [ 475 4287]
2606 -- [1467 2827]
2608 -- [2006 1396]
2609 -- [1540 3986]
2610 -- [ 421 2133]
2611 -- [ 292 2939]
2616 -- [2404  524]
2618 -- [3027 1170]
2620 -- [4414  759]
2622 -- [2301  225]
2624 -- [1811 2368]
2625 -- [ 206 3089]
2627 -- [4375 1070]
2628 -- [ 716 3507]
2632 -- [4597 1101]
2633 -- [1496 2787]
2634 -- [3612   18]
2635 -- [ 270 3686]
2637 -- [1318 2048]
2638 -- [ 624 3677]
2640 -- [1394 3559]
2644 -- [1014 3924]
2646 -- [2580  439]
2647 -- [2924 1577]
2648 -- [ 893 3699]
2649 -- [3041  393]
2653 -- [1117 4353]
2654 -- [2482  280]
2655 -- [1517 3239]
2656 -- [ 516 2896]
2658 -- [1203 2640]
2661 -- [ 993 2129]
2663 -- [4387 1692]
2664 -- [ 853 2317]
2665 -- [2533 1319]
2666 -- [3670 1187]
2667 -- [1752 2943]
2669 -- [ 236 1840]
2670 -- [3103  234]
2671 -- [3401  699]
2672 -- [4171 1547]
2673 -- [1674 1960]
2674 -- [ 956 2386]
2675 -- [ 446 2887]
2676 -- [3590 1020]
2679 -- [4276  314]
2680 -- [ 487 2960]
2681 -- [2626 1715]
2682 -- [1288 2506]
2684 -- [3398 1288]
2687 -- [1516 1814]
2689 -- [4418 1323]
2690 -- [3282 1195]
2691 -- [ 973 3371]
2695 -- [2800 1037]
2696 -- [2262 1571]
2698 -- [2468  537]
2701 -- [ 633 1852]
2702 -- [  24 2674]
2703 -- [4327  845]
2704 -- [4084 1110]
2705 -- [ 104 3170]
2707 -- [3508 1639]
2709 -- [2812 1373]
2710 -- [2085  108]
2711 -- [1097 2100]
2715 -- [3981 1605]
2717 -- [4122 1406]
2719 -- [ 721 2850]
2720 -- [1257 2189]
2721 -- [1052 2255]
2722 -- [ 347 3005]
2724 -- [1143 4312]
2726 -- [3139  575]
2727 -- [4458 1729]
2728 -- [ 177 3626]
2731 -- [3607  646]
2732 -- [4139 1348]
2733 -- [ 482 4445]
2736 -- [ 521 3972]
2737 -- [2409   77]
2738 -- [ 946 4477]
2739 -- [2537  486]
2740 -- [1455 4124]
2741 -- [4314  556]
2743 -- [4025  119]
2746 -- [2674  813]
2748 -- [ 938 3872]
2749 -- [ 253 2250]
2750 -- [3048 1703]
2756 -- [ 260 2139]
2758 -- [4557  788]
2762 -- [2846  447]
2763 -- [ 469 3496]
2764 -- [2221 1677]
2767 -- [ 932 3872]
2769 -- [1888  260]
2773 -- [ 600 2147]
2774 -- [3804  906]
2778 -- [2920 1388]
2779 -- [4395  166]
2780 -- [ 352 3975]
2781 -- [1237 3973]
2784 -- [3648  111]
2785 -- [2160  269]
2787 -- [1846 1075]
2788 -- [3865 1148]
2790 -- [1493 2118]
2793 -- [ 973 4330]
2794 -- [3810  875]
2795 -- [  53 3279]
2798 -- [3368  741]
2799 -- [ 909 4479]
2800 -- [ 664 3241]
2803 -- [ 449 2362]
2804 -- [ 610 2406]
2805 -- [ 366 2344]
2807 -- [ 457 2705]
2812 -- [1132 2751]
2813 -- [3199 1211]
2816 -- [1663 3403]
2818 -- [2327  845]
2820 -- [3474  499]
2821 -- [1484 3178]
2822 -- [ 295 2851]
2823 -- [1194 2214]
2825 -- [3026  738]
2826 -- [4464 1156]
2827 -- [ 614 4119]
2828 -- [2145  663]
2830 -- [3123 1790]
2833 -- [ 945 3374]
2834 -- [3434  610]
2837 -- [ 465 2478]
2838 -- [1850 1041]
2840 -- [1468 3344]
2841 -- [1678 2250]
2843 -- [3105  677]
2844 -- [3854 1179]
2847 -- [3627 1403]
2848 -- [3620 1022]
2850 -- [ 786 3521]
2851 -- [4266 1414]
2853 -- [ 212 1983]
2855 -- [2682 1764]
2858 -- [3564  976]
2859 -- [3169  937]
2860 -- [  11 3276]
2862 -- [2496   32]
2865 -- [1885  134]
2866 -- [3168  848]
2869 -- [4501  906]
2872 -- [3998 1574]
2878 -- [2690 1496]
2880 -- [1556 2775]
2881 -- [2015  376]
2882 -- [2366 1345]
2883 -- [1283 3616]
2886 -- [1139 2168]
2888 -- [3119  777]
2890 -- [3293 1691]
2891 -- [3952  478]
2892 -- [2573 1501]
2894 -- [1496 3870]
2895 -- [2832  556]
2896 -- [2305  450]
2901 -- [ 596 3017]
2902 -- [1109 2194]
2903 -- [1071 4081]
2904 -- [ 828 2138]
2909 -- [3042 1499]
2910 -- [4219  914]
2912 -- [ 429 3452]
2914 -- [4261 1179]
2915 -- [2427  414]
2917 -- [2683 1063]
2918 -- [1108 4119]
2919 -- [2705 1511]
2922 -- [ 693 3122]
2924 -- [1692 2682]
2925 -- [ 125 3418]
2927 -- [2308  968]
2928 -- [4469 1802]
2931 -- [ 468 2520]
2932 -- [ 977 4031]
2933 -- [3100  788]
2934 -- [ 313 2590]
2935 -- [1112 3769]
2936 -- [4424 1337]
2939 -- [1633 3918]
2942 -- [2817 1611]
2944 -- [2313  634]
2946 -- [2148 1640]
2947 -- [3043 1634]
2950 -- [1016 2065]
2952 -- [3573 1660]
2953 -- [1501 2742]
2954 -- [4077 1486]
2955 -- [2729   20]
2956 -- [ 899 1863]
2957 -- [3678 1457]
2958 -- [2773 1507]
2959 -- [ 649 4421]
2960 -- [  98 2345]
2964 -- [1690 3178]
2965 -- [ 865 4520]
2966 -- [4546 1419]
2967 -- [1239 2841]
2968 -- [2262 1112]
2969 -- [2129  716]
2970 -- [3693  540]
2972 -- [3055 1407]
2973 -- [3707 1585]
2974 -- [ 870 4046]
2975 -- [1322 3594]
2976 -- [ 510 2383]
2977 -- [ 753 4412]
2978 -- [ 578 2154]
2979 -- [4145  370]
2980 -- [3901  743]
2982 -- [ 967 2865]
2983 -- [3698   54]
2985 -- [1640 3084]
2986 -- [4451  217]
2988 -- [3614 1632]
2989 -- [2657 1354]
2990 -- [ 340 2262]
2991 -- [1098 4040]
2993 -- [3501   34]
2994 -- [1072 2534]
2997 -- [2646  642]
2998 -- [ 306 4500]
2999 -- [ 562 4189]
3000 -- [1908  222]
3002 -- [1734 3401]
3003 -- [ 975 4422]
3004 -- [3744  308]
3006 -- [3237 1653]
3009 -- [ 414 3440]
3014 -- [1664 3464]
3015 -- [ 563 4196]
3016 -- [1447 2402]
3018 -- [  40 2420]
3019 -- [4195 1175]
3020 -- [ 781 2823]
3021 -- [1148 3998]
3023 -- [3011  592]
3027 -- [ 543 3469]
3029 -- [1863  489]
3030 -- [  11 3247]
3032 -- [1447 4155]
3033 -- [3810 1326]
3035 -- [2828 1279]
3036 -- [1009 3505]
3040 -- [1023 3511]
3043 -- [4414 1269]
3044 -- [ 571 3964]
3045 -- [3440 1802]
3048 -- [ 158 4589]
3050 -- [2144  530]
3051 -- [2183 1287]
3053 -- [ 405 2398]
3054 -- [3273 1430]
3058 -- [  74 3510]
3059 -- [4411  762]
3060 -- [3062 1069]
3061 -- [1714 2312]
3062 -- [1665 3803]
3063 -- [ 589 2958]
3066 -- [  56 2635]
3068 -- [4478  210]
3069 -- [4376 1151]
3072 -- [3211  578]
3073 -- [3721 1097]
3074 -- [ 370 3639]
3075 -- [2561 1591]
3076 -- [4053 1327]
3079 -- [ 474 2116]
3083 -- [3832 1390]
3086 -- [3493 1645]
3088 -- [ 617 2399]
3089 -- [1333 4178]
3091 -- [1167 4035]
3094 -- [1014 4064]
3095 -- [3271 1334]
3097 -- [2303 1241]
3099 -- [ 219 2879]
3100 -- [2668 1488]
3102 -- [3768 1230]
3104 -- [4106  532]
3106 -- [1430 2887]
3108 -- [3818  224]
3109 -- [ 378 2041]
3110 -- [1428 2414]
3111 -- [4122 1696]
3112 -- [2087  569]
3113 -- [3496  638]
3116 -- [2047  617]
3117 -- [ 491 3551]
3118 -- [2548   69]
3119 -- [ 529 2731]
3120 -- [ 875 3795]
3126 -- [1472 3870]
3127 -- [ 237 3151]
3129 -- [ 481 2917]
3130 -- [ 280 4013]
3132 -- [3962 1584]
3133 -- [3937  757]
3135 -- [  41 2571]
3136 -- [3825  306]
3137 -- [ 494 4334]
3138 -- [1461 1823]
3140 -- [1410 4515]
3147 -- [ 153 2430]
3148 -- [4257 1147]
3149 -- [2987 1811]
3150 -- [4213 1393]
3151 -- [1233 4100]
3153 -- [3653  823]
3156 -- [1889 1797]
3158 -- [1260 2306]
3159 -- [ 559 3383]
3161 -- [ 364 3345]
3162 -- [ 593 3960]
3165 -- [1603 2949]
3166 -- [3400  417]
3167 -- [2766 1232]
3169 -- [3563  705]
3170 -- [3478   36]
3174 -- [2000 1183]
3175 -- [ 422 4178]
3177 -- [3269  197]
3180 -- [3014  419]
3181 -- [ 739 2109]
3182 -- [2391 1381]
3183 -- [3995  255]
3184 -- [ 318 4529]
3185 -- [1161 4272]
3186 -- [1589 2668]
3187 -- [ 247 2316]
3189 -- [ 786 2666]
3193 -- [2295  276]
3194 -- [2198  748]
3195 -- [1549 4338]
3196 -- [ 476 3347]
3197 -- [3207  932]
3200 -- [1333 3794]
3201 -- [3686 1705]
3202 -- [1941 1481]
3207 -- [ 806 4549]
3212 -- [2207  210]
3213 -- [2181 1498]
3215 -- [ 985 3150]
3216 -- [2880  402]
3221 -- [1114 2697]
3222 -- [ 891 1824]
3223 -- [3787 1623]
3224 -- [1536 4046]
3225 -- [3410  460]
3226 -- [ 426 2045]
3227 -- [ 876 3057]
3231 -- [3468  848]
3233 -- [2408  461]
3234 -- [2223  856]
3236 -- [1946 1184]
3239 -- [3621 1798]
3241 -- [ 671 1909]
3243 -- [4170 1290]
3244 -- [4161  179]
3245 -- [2849  642]
3246 -- [1321 2649]
3250 -- [ 474 3812]
3251 -- [1723 3976]
3253 -- [1184 4376]
3256 -- [1447 3816]
3257 -- [2824  701]
3258 -- [3202  189]
3259 -- [ 229 2965]
3261 -- [2235 1665]
3263 -- [ 636 3808]
3264 -- [1420 4020]
3266 -- [3376  948]
3267 -- [3507  859]
3268 -- [1975  183]
3269 -- [2896 1659]
3270 -- [ 405 4082]
3271 -- [1302 4243]
3272 -- [4545 1229]
3274 -- [ 758 3386]
3275 -- [4330  644]
3279 -- [3965 1695]
3280 -- [1353 3923]
3281 -- [1027 2739]
3282 -- [1078 2342]
3283 -- [2185  945]
3286 -- [3619 1627]
3288 -- [ 571 3751]
3289 -- [2531  200]
3291 -- [ 315 4132]
3295 -- [4280 1564]
3298 -- [ 119 3667]
3301 -- [2570  141]
3302 -- [4070 1735]
3306 -- [2365  281]
3307 -- [ 306 3641]
3309 -- [3080 1392]
3310 -- [2695   77]
3314 -- [1316 3169]
3315 -- [1508 2257]
3316 -- [1813 1215]
3318 -- [ 601 2045]
3319 -- [2467 1344]
3320 -- [2791  731]
3321 -- [ 718 2851]
3323 -- [3957  159]
3324 -- [  37 1841]
3326 -- [4445 1363]
3327 -- [2620  577]
3332 -- [1265 4503]
3333 -- [ 950 1892]
3334 -- [3381 1287]
3335 -- [4525  598]
3338 -- [2864 1370]
3341 -- [2604 1668]
3344 -- [1012 2004]
3346 -- [4136  179]
3348 -- [1848 1359]
3350 -- [2070  960]
3354 -- [2941 1221]
3355 -- [ 495 2216]
3356 -- [ 504 1823]
3357 -- [4114 1039]
3360 -- [ 340 3539]
3361 -- [3149 1175]
3362 -- [3025 1247]
3363 -- [1312 2438]
3364 -- [3218  364]
3367 -- [2183  258]
3372 -- [ 660 4153]
3373 -- [1914  158]
3378 -- [1753 2310]
3379 -- [3834 1141]
3382 -- [ 934 2324]
3383 -- [3585    5]
3389 -- [2885  572]
3391 -- [1740 3767]
3393 -- [ 434 4242]
3394 -- [  50 2062]
3395 -- [3191  576]
3397 -- [2005   46]
3401 -- [ 495 4107]
3402 -- [4580 1127]
3403 -- [4316  378]
3404 -- [2832 1768]
3406 -- [ 185 1916]
3408 -- [3803 1098]
3410 -- [4223  228]
3413 -- [ 367 2466]
3414 -- [1135 3498]
3416 -- [ 871 2103]
3417 -- [3689 1344]
3423 -- [2197 1670]
3427 -- [3353  856]
3433 -- [1888  710]
3435 -- [4323  582]
3441 -- [2720 1257]
3442 -- [3672 1734]
3443 -- [ 609 2005]
3444 -- [3826 1059]
3445 -- [1319 3438]
3447 -- [3851 1282]
3448 -- [4131 1281]
3449 -- [1093 2664]
3450 -- [ 642 3300]
3452 -- [1357 3872]
3453 -- [3477  446]
3454 -- [2751 1403]
3455 -- [ 313 2053]
3457 -- [  18 3081]
3458 -- [1086 3914]
3461 -- [3682  895]
3463 -- [3846  536]
3464 -- [1108 2439]
3468 -- [1243 2700]
3469 -- [1284 3192]
3470 -- [ 146 3392]
3473 -- [1323 4297]
3474 -- [ 117 4325]
3475 -- [3609  482]
3477 -- [ 764 3090]
3478 -- [2105  240]
3479 -- [1913  901]
3483 -- [2316 1097]
3486 -- [2799 1156]
3487 -- [3313 1021]
3488 -- [2417 1102]
3490 -- [3326  521]
3491 -- [1073 2142]
3492 -- [3564  985]
3499 -- [2865  202]
3502 -- [4548 1328]
3504 -- [1104 4207]
3505 -- [ 578 4072]
3507 -- [1189 1874]
3510 -- [  25 3103]
3511 -- [ 795 4458]
3513 -- [4539  771]
3515 -- [4158  651]
3516 -- [1665 3428]
3517 -- [2465  357]
3518 -- [1809 3251]
3519 -- [ 893 2483]
3520 -- [4258   61]
3525 -- [ 616 2906]
3531 -- [3728 1675]
3532 -- [1823  214]
3533 -- [3837  788]
3534 -- [ 536 4105]
3537 -- [2521  804]
3539 -- [3008 1214]
3544 -- [1490 2687]
3545 -- [1459 2657]
3547 -- [3386  140]
3548 -- [3255  828]
3549 -- [3992  748]
3550 -- [1864 1283]
3553 -- [3870 1768]
3557 -- [3336  449]
3558 -- [2842   53]
3559 -- [3252 1095]
3560 -- [1442 3580]
3561 -- [4165  852]
3565 -- [3909 1063]
3566 -- [1357 3114]
3570 -- [4096 1735]
3571 -- [1590 3256]
3572 -- [2228 1668]
3574 -- [2662 1369]
3575 -- [ 939 2778]
3576 -- [1797 4052]
3578 -- [3815 1504]
3580 -- [2980  210]
3581 -- [2266   35]
3582 -- [1716 3980]
3585 -- [1629 3583]
3586 -- [1504 4329]
3587 -- [ 589 2214]
3589 -- [ 693 2503]
3591 -- [3148  137]
3596 -- [1991  731]
3597 -- [  28 3150]
3598 -- [4220 1075]
3601 -- [2335  759]
3605 -- [1993  893]
3607 -- [1899  889]
3608 -- [3326  471]
3612 -- [ 418 2797]
3614 -- [1406 3228]
3617 -- [ 109 3081]
3618 -- [2803 1373]
3619 -- [4543 1131]
3621 -- [ 775 3180]
3622 -- [1231 4327]
3623 -- [3926  187]
3624 -- [1902  294]
3627 -- [2052 1066]
3628 -- [3144  777]
3629 -- [2577  969]
3630 -- [2370  337]
3634 -- [1395 3360]
3635 -- [1283 4161]
3636 -- [1703 2460]
3637 -- [2915 1802]
3638 -- [ 775 4044]
3643 -- [2870  439]
3645 -- [3090  592]
3646 -- [2194 1126]
3648 -- [1243 2591]
3649 -- [1906  313]
3651 -- [ 834 2279]
3652 -- [3642 1512]
3654 -- [3562  919]
3656 -- [ 187 3912]
3658 -- [2827 1300]
3659 -- [ 364 4180]
3660 -- [1893 1582]
3661 -- [ 566 2193]
3663 -- [2367  517]
3664 -- [  51 3911]
3665 -- [3975 1226]
3666 -- [4196  894]
3667 -- [4234  807]
3668 -- [1206 2883]
3669 -- [4455  718]
3671 -- [ 831 2261]
3672 -- [4018 1698]
3673 -- [ 589 3432]
3674 -- [2073  143]
3675 -- [2913 1421]
3677 -- [ 275 3290]
3680 -- [ 306 2696]
3681 -- [2582  145]
3682 -- [3831 1603]
3685 -- [ 414 3914]
3687 -- [3324  921]
3688 -- [ 543 2719]
3691 -- [1499 2912]
3693 -- [2582  504]
3695 -- [4252 1430]
3696 -- [ 217 2057]
3697 -- [3462 1021]
3699 -- [2300  901]
3701 -- [2114  394]
3703 -- [ 920 3971]
3706 -- [3023 1051]
3711 -- [ 209 1834]
3712 -- [2844 1368]
3714 -- [2718  858]
3715 -- [4478 1615]
3716 -- [ 818 4330]
3719 -- [3137   24]
3720 -- [3111  305]
3721 -- [2755 1154]
3725 -- [1665 3456]
3727 -- [ 904 3634]
3728 -- [1553 2018]
3729 -- [2810  390]
3730 -- [1581 1977]
3732 -- [2684  675]
3736 -- [  88 4513]
3738 -- [3163 1271]
3739 -- [ 367 1905]
3741 -- [ 696 2679]
3742 -- [ 407 4330]
3743 -- [4427 1567]
3747 -- [1274 3649]
3749 -- [1426 2796]
3750 -- [3102  245]
3753 -- [2070  149]
3754 -- [1633 4230]
3755 -- [3617  644]
3756 -- [1170 4016]
3757 -- [1564 2069]
3758 -- [2461 1258]
3760 -- [1590 3316]
3764 -- [ 717 2698]
3768 -- [3178  286]
3769 -- [3128  352]
3770 -- [3259  890]
3771 -- [1871 1694]
3772 -- [ 292 3043]
3776 -- [2091 1555]
3777 -- [3289  354]
3781 -- [ 161 4010]
3785 -- [1917 1348]
3786 -- [3379  741]
3788 -- [  17 3440]
3789 -- [2458  180]
3790 -- [3812 1496]
3791 -- [1723 3331]
3793 -- [1101 4150]
3798 -- [1550 4389]
3801 -- [2870 1221]
3804 -- [4094  484]
3805 -- [2588 1231]
3806 -- [1273 2489]
3807 -- [2367  969]
3808 -- [1792 2980]
3811 -- [1451 2503]
3813 -- [1372 2625]
3814 -- [1345 2400]
3815 -- [1368 3628]
3818 -- [ 592 3374]
3821 -- [ 602 3614]
3824 -- [ 637 3067]
3826 -- [2998 1364]
3827 -- [2633  471]
3830 -- [3388  773]
3832 -- [1750 4432]
3833 -- [4381  870]
3835 -- [2067  451]
3840 -- [3403 1281]
3841 -- [1848  743]
3843 -- [2424  955]
3844 -- [3961  166]
3846 -- [ 468 4020]
3849 -- [  15 4272]
3850 -- [3494  990]
3852 -- [ 613 2463]
3853 -- [2337  141]
3854 -- [ 542 1944]
3858 -- [ 212 3426]
3859 -- [1024 3494]
3860 -- [4039 1151]
3861 -- [4223 1509]
3863 -- [2624  627]
3864 -- [2094   93]
3865 -- [3455 1044]
3866 -- [3265  609]
3867 -- [2207  459]
3868 -- [1413 3953]
3869 -- [2804 1636]
3870 -- [ 877 3859]
3874 -- [4516  732]
3875 -- [1331 2667]
3880 -- [   7 4342]
3882 -- [  25 3688]
3885 -- [2616   93]
3886 -- [1587 2468]
3889 -- [3560  788]
3890 -- [1019 3664]
3893 -- [2475 1399]
3894 -- [1709 3792]
3896 -- [1410 2477]
3899 -- [4195  811]
3900 -- [2166  560]
3902 -- [2500  679]
3903 -- [ 575 2954]
3908 -- [1281 3605]
3909 -- [3537 1541]
3910 -- [3441 1321]
3911 -- [ 370 3608]
3912 -- [2416  276]
3915 -- [2818  837]
3916 -- [4400 1525]
3921 -- [ 495 2595]
3923 -- [ 696 3107]
3926 -- [ 446 3997]
3927 -- [ 229 3566]
3929 -- [2967  119]
3931 -- [ 563 4097]
3932 -- [2759  500]
3934 -- [1497 4454]
3938 -- [4575   31]
3939 -- [ 526 3386]
3940 -- [1514 2790]
3943 -- [2140  225]
3945 -- [4163   21]
3948 -- [4449  671]
3950 -- [3642 1395]
3953 -- [3606   92]
3954 -- [2784  769]
3958 -- [2161  555]
3959 -- [2902  376]
3960 -- [2298  570]
3961 -- [3157  440]
3962 -- [ 777 3541]
3963 -- [1393 2474]
3967 -- [ 840 3628]
3968 -- [ 577 3399]
3969 -- [3825  974]
3970 -- [3847  842]
3972 -- [  67 2130]
3973 -- [2038  848]
3974 -- [1442 3916]
3975 -- [2893 1239]
3976 -- [3472 1627]
3977 -- [ 906 3836]
3978 -- [ 286 2310]
3979 -- [1684 2012]
3980 -- [1063 2287]
3986 -- [2581  901]
3987 -- [2334 1665]
3988 -- [1206 4508]
3989 -- [2014  569]
3990 -- [2329 1156]
3992 -- [   6 3533]
3994 -- [2356 1605]
3995 -- [4043  716]
3997 -- [4522  830]
3999 -- [1743 2443]
4000 -- [ 383 3987]
4001 -- [1317 1935]
4002 -- [1442 2555]
4003 -- [4413 1212]
4004 -- [1146 3339]
4007 -- [2644  976]
4008 -- [4460  464]
4010 -- [2980 1189]
4011 -- [2103  108]
4012 -- [ 252 3612]
4013 -- [1824  835]
4014 -- [3768  803]
4015 -- [3720  424]
4016 -- [1471 3230]
4017 -- [ 792 1845]
4018 -- [2536  531]
4019 -- [3370 1353]
4021 -- [1640 2162]
4022 -- [ 586 3543]
4024 -- [ 536 3782]
4028 -- [ 417 3764]
4029 -- [ 540 2026]
4030 -- [1049 4489]
4031 -- [1326 4410]
4032 -- [2829 1747]
4033 -- [2541 1062]
4034 -- [3011 1123]
4037 -- [ 687 4114]
4039 -- [1770 2083]
4040 -- [2072   92]
4044 -- [2585  723]
4045 -- [1204 3370]
4046 -- [2463 1675]
4049 -- [1382 2366]
4051 -- [ 247 3771]
4052 -- [3047   86]
4054 -- [4197  108]
4056 -- [1593 2299]
4057 -- [3315   86]
4058 -- [2224  492]
4059 -- [ 776 3711]
4060 -- [1430 2210]
4061 -- [3584 1685]
4062 -- [4568  935]
4065 -- [2389 1369]
4066 -- [ 852 2159]
4067 -- [1792 3345]
4071 -- [ 378 2223]
4072 -- [1836 1375]
4073 -- [1811 2239]
4075 -- [2597  213]
4076 -- [1391 3521]
4077 -- [4061  154]
4078 -- [1651 3575]
4080 -- [2886 1006]
4083 -- [1766 3151]
4085 -- [4399  713]
4086 -- [2759 1059]
4089 -- [2250 1615]
4090 -- [1402 1936]
4092 -- [ 465 2723]
4095 -- [2993  779]
4096 -- [1059 3538]
4098 -- [ 459 3001]
4099 -- [ 146 1972]
4101 -- [  67 1965]
4102 -- [1776 2663]
4104 -- [1005 3108]
4108 -- [ 126 1818]
4110 -- [3652 1317]
4111 -- [3454 1406]
4113 -- [1950 1736]
4115 -- [2431 1635]
4116 -- [2608 1113]
4117 -- [1625 3188]
4119 -- [2476   40]
4120 -- [3133 1518]
4124 -- [ 614 3425]
4127 -- [3245  483]
4129 -- [4269 1332]
4131 -- [1829 1284]
4132 -- [ 254 2471]
4133 -- [1070 2453]
4134 -- [3273 1384]
4135 -- [3934  805]
4136 -- [1336 3847]
4137 -- [2733   23]
4138 -- [  40 3236]
4140 -- [ 211 2696]
4141 -- [2833  415]
4143 -- [4498   78]
4145 -- [3664 1667]
4149 -- [3096  496]
4152 -- [1753 4156]
4156 -- [1586 4092]
4157 -- [ 930 3090]
4159 -- [1876 1591]
4161 -- [ 871 3907]
4163 -- [1693 2967]
4166 -- [ 451 3502]
4167 -- [2171    4]
4168 -- [4560 1291]
4169 -- [ 840 3463]
4170 -- [ 948 3745]
4171 -- [  44 4203]
4173 -- [1458 2377]
4180 -- [ 334 3917]
4181 -- [1587 3826]
4183 -- [ 261 2913]
4184 -- [4073  939]
4185 -- [1447 2804]
4189 -- [1171 4107]
4190 -- [4296 1755]
4193 -- [4031  717]
4194 -- [3856  800]
4195 -- [3466  340]
4196 -- [2983 1180]
4197 -- [4503  487]
4198 -- [ 402 4183]
4199 -- [3941  447]
4200 -- [2728 1194]
4202 -- [4009  179]
4206 -- [3803  270]
4213 -- [2586  475]
4214 -- [1171 3296]
4216 -- [2358  241]
4218 -- [4173  302]
4220 -- [2458 1768]
4221 -- [3113 1365]
4222 -- [1667 2862]
4225 -- [2250  476]
4226 -- [ 106 2547]
4227 -- [ 524 3030]
4228 -- [3272 1722]
4230 -- [1799 4195]
4231 -- [2747 1186]
4232 -- [ 558 2399]
4235 -- [ 582 3568]
4236 -- [3942  999]
4237 -- [4505  380]
4238 -- [ 409 2167]
4240 -- [2646 1696]
4241 -- [1728 4297]
4247 -- [4217  771]
4250 -- [2054  131]
4251 -- [ 143 1939]
4253 -- [ 779 3098]
4254 -- [3222 1656]
4255 -- [3510  811]
4256 -- [3888 1395]
4257 -- [ 297 3638]
4260 -- [1413 3617]
4263 -- [3173  921]
4264 -- [2152 1675]
4265 -- [ 728 3370]
4267 -- [4239  985]
4271 -- [2842  434]
4272 -- [1038 2837]
4273 -- [  91 4411]
4274 -- [1780 3654]
4276 -- [2606 1244]
4277 -- [1095 3311]
4279 -- [1472 2812]
4280 -- [1055 3877]
4281 -- [ 898 2651]
4283 -- [2458   25]
4285 -- [1006 2296]
4286 -- [4182  137]
4288 -- [1021 2527]
4290 -- [1124 4330]
4291 -- [2786 1321]
4292 -- [4058   28]
4293 -- [ 316 3764]
4294 -- [3350 1541]
4295 -- [4251  528]
4296 -- [1582 3560]
4299 -- [4236 1486]
4300 -- [3226 1701]
4301 -- [3126  890]
4302 -- [4299  598]
4303 -- [2239  767]
4304 -- [3729 1734]
4308 -- [3871   22]
4310 -- [4236  347]
4311 -- [ 272 3015]
4312 -- [ 984 2598]
4313 -- [4496  926]
4317 -- [1697 4107]
4318 -- [ 786 2542]
4324 -- [ 752 2421]
4325 -- [3124 1071]
7 -time: 0.02211 -dim: (11172, 2)
8 -time: 0.00015 -dim: (7, 57)
9 -time: 4.07951 -dim: (1835400, 3)
10 -time: 5.84470 -dim: (1730141, 3)
11_12 -time: 0.19708 -dim: [110424, 2]
13 -time: 0.07926 -dim: (36808, 4)
14_15 -time: 0.03626 -dim: [798, 2]
16 -time: 0.00001 -dim: (0, 2)
17_18 -time: 0.39869 -dim: [73616, 3]
19 -time: 0.00011 -dim: (1, 1)
20 -time: 0.23839 -dim: (0, 4601)
21 -time: 0.00083 -dim: (1, 4601)
22 -time: 0.00008 -dim: (4328, 3)
23 -time: 0.00005 -dim: (4328, 3)
24 -time: 0.00005 -dim: (0, 5)
25 -time: 0.00009 -dim: (4874, 3)
26 -time: 0.00007 -dim: (4874, 3)
smtPr 22-26 -time: 0.02937 -dim: nan
slvr_header -time: 1.89716 -dim: nan
*solver* -time: 900.16709 -dim: nan
res_read -time: 0.11773 -dim: nan
-- SUM CL TIME: 10.92681          |  SUM other TIME: 902.18198          |  SUM TIME: 913.10879
