num branch_node: 7
num leaf_node: 8
num feature: 57
tree_depth: 3
num label: 2
nDC: 2432

***variables
a: 1 - 399 -> 399
s: 400 - 32606 -> 32207
z: 32607 - 69414 -> 36808
g: 69415 - 69430 -> 16
x: 69431 - 78632 -> 9202
ml: 78633 - 82212 -> 3580
cl: 82213 - 85533 -> 3321

variables***
[debug] --> CL ML ratio 1
the cl header --> p wcnf 85533 3819071 6902

timeout 900s ~/SAT_Project/loandra-master/loandra_static -pmreslin-cglim=30 -weight-strategy=1 -print-model -verbosity=1 ./solutions/spam_0.1_mc1.5_s3556_r1/phase_1_clauses_final >./solutions/spam_0.1_mc1.5_s3556_r1/phase_1_loandra_res

Start to read loandra res
*loandra status: SATISFIABLE
-ml sat and violated: 2619 | 961  | total #ml: 3580 | -violated weight: 961
1 -- [462 409]
4 -- [ 281 1618]
8 -- [ 917 1535]
10 -- [4259 2920]
23 -- [3752 2257]
33 -- [ 185 1280]
35 -- [ 179 1541]
40 -- [3533 2117]
46 -- [1682  619]
57 -- [2684 3707]
66 -- [2421 2340]
70 -- [2177 2154]
72 -- [3486 3076]
74 -- [2918 2169]
87 -- [1785  293]
89 -- [1400 1775]
95 -- [3932 2726]
96 -- [1173  905]
99 -- [1125  303]
101 -- [2797 2020]
104 -- [2839 4159]
107 -- [ 137 1635]
110 -- [1833 1866]
119 -- [1791  443]
120 -- [1464  897]
129 -- [ 940 1623]
133 -- [4020 4119]
137 -- [1144  535]
139 -- [ 174 1235]
147 -- [ 175 1359]
151 -- [1051  628]
153 -- [ 886 1660]
155 -- [1084  850]
159 -- [ 425 1748]
160 -- [  75 1258]
162 -- [2449 3372]
166 -- [1185 1171]
169 -- [4186 4492]
176 -- [ 855 1627]
178 -- [1481 1677]
181 -- [4201 3712]
183 -- [1776 1680]
186 -- [2761 3005]
187 -- [2071 3528]
194 -- [ 869 1037]
195 -- [867 703]
197 -- [1165 1425]
198 -- [1279  909]
200 -- [697 381]
204 -- [1616  553]
213 -- [3502 4203]
215 -- [1260  509]
218 -- [4492 3620]
220 -- [1691 1668]
221 -- [1435  284]
223 -- [4204 4370]
226 -- [1336  671]
233 -- [2382 3564]
237 -- [145 561]
249 -- [312 374]
252 -- [3958 3552]
254 -- [276 503]
258 -- [2585 3749]
263 -- [1111 1579]
264 -- [4247 2446]
266 -- [1974 3084]
270 -- [1024  393]
275 -- [ 636 1269]
277 -- [2099 3225]
282 -- [ 199 1463]
286 -- [4514 2186]
289 -- [3377 4258]
290 -- [1746  129]
294 -- [  86 1279]
298 -- [3715 2266]
299 -- [3830 4178]
305 -- [1350  486]
306 -- [1822 4496]
308 -- [ 324 1754]
319 -- [3356 3934]
320 -- [1700  388]
325 -- [ 461 1265]
333 -- [4333 4469]
342 -- [4056 4123]
346 -- [268 835]
349 -- [117 839]
351 -- [145 398]
352 -- [333  89]
355 -- [3262 3245]
367 -- [4397 4437]
369 -- [1570 1141]
378 -- [1909 2835]
379 -- [3730 3351]
384 -- [ 262 1435]
386 -- [2725 2980]
393 -- [4164 3735]
395 -- [1691  370]
397 -- [3836 2971]
398 -- [644 436]
400 -- [1240  433]
401 -- [1545  288]
402 -- [1376   91]
404 -- [550 982]
405 -- [4484 3805]
406 -- [1380 1457]
407 -- [4333 3872]
417 -- [1238  559]
419 -- [ 808 1637]
422 -- [1710  887]
426 -- [1546   85]
430 -- [1483 1248]
431 -- [1579 1582]
432 -- [908 423]
439 -- [ 561 1341]
443 -- [4497 3647]
446 -- [4123 4043]
448 -- [ 614 1637]
450 -- [326 512]
457 -- [ 636 1107]
462 -- [ 217 1416]
466 -- [1156  675]
467 -- [3262 4045]
468 -- [3082 3225]
469 -- [883 493]
470 -- [2963 3144]
474 -- [812  64]
480 -- [1183  471]
488 -- [72 11]
490 -- [1155  185]
491 -- [1235 1656]
494 -- [ 230 1260]
496 -- [2541 1927]
503 -- [1500  901]
507 -- [1792  953]
523 -- [1559 1710]
525 -- [3090 3050]
530 -- [1357 1274]
533 -- [4218 4510]
546 -- [2295 3378]
547 -- [151 906]
548 -- [3847 3148]
560 -- [4168 3132]
565 -- [1833 2987]
569 -- [3270 2343]
570 -- [2772 2524]
571 -- [4334 4427]
578 -- [2864 4502]
579 -- [3945 4215]
581 -- [3141 2298]
587 -- [572 984]
589 -- [2222 2122]
590 -- [3804 2134]
591 -- [1590 1724]
606 -- [2483 3011]
609 -- [533 237]
612 -- [3505 2438]
619 -- [2876 3925]
626 -- [170 137]
630 -- [3424 2187]
639 -- [ 320 1717]
646 -- [1725 1765]
650 -- [193 990]
651 -- [2789 2186]
654 -- [4052 2566]
657 -- [4268 4158]
658 -- [3790 2755]
659 -- [2756 3005]
660 -- [ 206 1164]
663 -- [598 803]
664 -- [3050 4118]
669 -- [3309 4342]
670 -- [739 650]
677 -- [1349  181]
678 -- [1720 1036]
684 -- [3549 4119]
692 -- [ 432 1566]
695 -- [ 448 1631]
698 -- [318  36]
708 -- [ 118 1654]
710 -- [1216  534]
712 -- [1298  219]
713 -- [4134 3786]
714 -- [ 974 1781]
720 -- [ 44 718]
725 -- [1646   40]
726 -- [4155 2074]
727 -- [4236 3738]
733 -- [2173 3711]
747 -- [2445 4162]
748 -- [4520 3050]
750 -- [ 249 1164]
752 -- [4119 3407]
753 -- [4264 2673]
757 -- [3812 4441]
765 -- [2281 3571]
770 -- [1680  474]
772 -- [568 547]
776 -- [1611  375]
778 -- [1973 4164]
782 -- [2298 2069]
784 -- [3435 3835]
787 -- [1073  355]
788 -- [447 640]
790 -- [1398 1052]
791 -- [897 215]
795 -- [1977 2385]
801 -- [1805 1490]
802 -- [4338 4591]
803 -- [184 363]
809 -- [3157 2738]
812 -- [3277 3035]
820 -- [2503 2320]
821 -- [1310  488]
826 -- [2156 3533]
835 -- [2473 3384]
837 -- [3263 3356]
840 -- [ 816 1408]
841 -- [ 529 1706]
854 -- [2454 3757]
856 -- [1627  286]
860 -- [3965 2809]
864 -- [717 168]
867 -- [  15 1106]
871 -- [2884 3100]
876 -- [ 423 1712]
886 -- [4162 1832]
887 -- [3233 3529]
890 -- [4341 4258]
891 -- [196 857]
893 -- [365 301]
894 -- [3957 4276]
896 -- [4091 2469]
901 -- [ 922 1776]
904 -- [3760 2946]
907 -- [4119 1864]
916 -- [586 499]
923 -- [2809 4420]
924 -- [100  18]
934 -- [3443 3808]
935 -- [ 185 1035]
937 -- [4476 2267]
942 -- [4228 4399]
945 -- [2446 2007]
952 -- [  94 1430]
954 -- [3010 2884]
955 -- [4374 3518]
956 -- [ 134 1538]
957 -- [3551 4029]
958 -- [1074 1589]
963 -- [4074 4239]
965 -- [ 634 1627]
966 -- [3529 3609]
969 -- [1453   71]
976 -- [4501 2032]
980 -- [4466 2493]
982 -- [1961 3464]
984 -- [ 724 1535]
985 -- [950 843]
989 -- [2431 4019]
1002 -- [717  67]
1003 -- [4580 4396]
1011 -- [2531 2576]
1014 -- [1336  980]
1015 -- [3656 2127]
1027 -- [3437 2138]
1028 -- [686 770]
1032 -- [2506 2579]
1047 -- [2002 3372]
1050 -- [1568  346]
1054 -- [ 760 1508]
1056 -- [1160 1279]
1057 -- [274 104]
1058 -- [2037 4160]
1059 -- [2645 4254]
1064 -- [1023  759]
1068 -- [1351 1404]
1072 -- [2933 4030]
1082 -- [4503 3455]
1086 -- [1621  387]
1091 -- [4425 4564]
1093 -- [1723  823]
1096 -- [3293 2738]
1097 -- [ 500 1699]
1100 -- [3496 1914]
1103 -- [ 463 1544]
1105 -- [ 649 1218]
1109 -- [488 903]
1115 -- [  24 1206]
1117 -- [ 479 1284]
1120 -- [913 696]
1129 -- [2963 3741]
1135 -- [2320 3576]
1142 -- [1261  483]
1143 -- [1568 1292]
1146 -- [3340 3958]
1147 -- [1389 1229]
1148 -- [2298 4526]
1150 -- [2697 2744]
1152 -- [3792 2411]
1157 -- [1353 1525]
1160 -- [ 859 1689]
1161 -- [1562 1523]
1164 -- [756 164]
1168 -- [3110 4115]
1177 -- [4254 4009]
1180 -- [3121 4436]
1181 -- [ 976 1503]
1183 -- [1640  725]
1187 -- [527 941]
1188 -- [3958 3502]
1191 -- [3714 4004]
1195 -- [4156 2515]
1196 -- [1326  946]
1197 -- [1516 1597]
1199 -- [1989 2684]
1200 -- [1552 1064]
1203 -- [3875 3998]
1213 -- [1055  512]
1214 -- [2613 3864]
1215 -- [1833 3054]
1220 -- [4254 3547]
1221 -- [324 502]
1224 -- [1179 1595]
1229 -- [2603 2191]
1232 -- [3277 2270]
1239 -- [3606 4464]
1244 -- [ 767 1609]
1245 -- [ 24 472]
1246 -- [2334 4387]
1248 -- [4262 3942]
1251 -- [1705 1373]
1263 -- [ 759 1113]
1266 -- [3931 3958]
1269 -- [3765 3549]
1276 -- [ 126 1188]
1277 -- [1765 1809]
1280 -- [175 110]
1281 -- [111 897]
1282 -- [ 803 1383]
1283 -- [1693  359]
1291 -- [110 654]
1298 -- [3987 3110]
1299 -- [660 966]
1301 -- [359 772]
1305 -- [2784 3025]
1306 -- [4259 2482]
1307 -- [ 134 1263]
1311 -- [2874 4178]
1317 -- [973  46]
1328 -- [4061 4058]
1337 -- [ 479 1679]
1339 -- [3715 4018]
1340 -- [ 710 1726]
1341 -- [2081 4543]
1345 -- [ 243 1511]
1349 -- [2939 3110]
1351 -- [4434 3777]
1353 -- [1582  330]
1354 -- [3056 4308]
1356 -- [ 954 1418]
1360 -- [2469 3284]
1369 -- [1029  705]
1370 -- [ 351 1811]
1371 -- [ 604 1585]
1372 -- [ 205 1491]
1376 -- [ 634 1576]
1387 -- [2104 2457]
1388 -- [ 605 1657]
1394 -- [1460   40]
1395 -- [108 132]
1399 -- [2709 4276]
1403 -- [2083 2676]
1404 -- [1772  848]
1405 -- [4190 2381]
1410 -- [2490 4504]
1412 -- [3372 3385]
1417 -- [3840 2603]
1421 -- [1463  527]
1426 -- [ 180 1152]
1429 -- [2391 4311]
1430 -- [ 553 1336]
1432 -- [4434 3552]
1438 -- [970 621]
1439 -- [4308 4024]
1440 -- [1949 3900]
1441 -- [2531 2637]
1443 -- [1293  510]
1445 -- [ 512 1804]
1449 -- [2953 2738]
1461 -- [4499 2382]
1463 -- [2745 2083]
1464 -- [2613 3692]
1468 -- [1226  404]
1469 -- [3475 3541]
1473 -- [4298 2641]
1481 -- [1220 1788]
1490 -- [1593 1067]
1498 -- [2881 4502]
1501 -- [1495  538]
1502 -- [3646 4119]
1505 -- [851 339]
1514 -- [4259 2413]
1527 -- [3266 4264]
1535 -- [3749 3810]
1536 -- [1460 1744]
1537 -- [ 534 1352]
1541 -- [332 456]
1543 -- [3656 3760]
1547 -- [4308 2517]
1548 -- [4348 3218]
1549 -- [278 872]
1554 -- [3961 2872]
1557 -- [ 24 613]
1560 -- [1658  880]
1561 -- [2809 3731]
1564 -- [335 211]
1574 -- [585 143]
1581 -- [2358 2840]
1585 -- [1000  992]
1586 -- [3242 4299]
1591 -- [2029 2457]
1593 -- [812 364]
1603 -- [3902 3435]
1607 -- [3309 2852]
1621 -- [748 771]
1622 -- [ 752 1711]
1626 -- [1963 3804]
1627 -- [ 236 1760]
1628 -- [ 46 688]
1632 -- [2459 3063]
1633 -- [3443 2259]
1635 -- [ 872 1801]
1637 -- [3505 2538]
1648 -- [  26 1067]
1652 -- [ 618 1718]
1653 -- [4458 2139]
1664 -- [4054 3954]
1676 -- [384 851]
1677 -- [1448 1657]
1679 -- [2584 4260]
1684 -- [3805 3548]
1686 -- [ 916 1439]
1690 -- [1116  696]
1691 -- [3978 4391]
1695 -- [1106 1675]
1699 -- [1724 1745]
1701 -- [937 365]
1703 -- [3526 3110]
1707 -- [ 981 1765]
1711 -- [2428 1892]
1714 -- [1075  742]
1719 -- [2131 4165]
1724 -- [1612  383]
1729 -- [653 496]
1736 -- [1258  909]
1742 -- [1921 2297]
1744 -- [1061  400]
1745 -- [1387 1474]
1747 -- [162 219]
1751 -- [2392 3749]
1759 -- [ 93 311]
1760 -- [3232 3449]
1764 -- [ 558 1082]
1768 -- [1580    7]
1769 -- [1383 1156]
1776 -- [ 105 1269]
1778 -- [1024  302]
1782 -- [4253 2103]
1788 -- [2659 2802]
1789 -- [3401 4299]
1793 -- [4298 3907]
1797 -- [3548 4179]
1807 -- [893 153]
1808 -- [ 419 1261]
1809 -- [ 975 1436]
1819 -- [1775 1742]
1821 -- [ 759 1076]
1826 -- [3637 3730]
1827 -- [4492 2247]
1828 -- [1450 1537]
1829 -- [ 371 1206]
1830 -- [3804 4225]
1835 -- [ 468 1686]
1838 -- [3361 4201]
1840 -- [3892 3958]
1841 -- [3889 3539]
1842 -- [4270 4145]
1846 -- [1743   10]
1847 -- [ 226 1269]
1850 -- [4434 3133]
1855 -- [4155 3622]
1857 -- [2816 3958]
1860 -- [4357 3374]
1864 -- [3553 4427]
1866 -- [1215 1465]
1870 -- [4406 2755]
1871 -- [ 115 1670]
1874 -- [2858 3567]
1875 -- [3067 2469]
1883 -- [  9 306]
1886 -- [ 906 1193]
1891 -- [2634 3420]
1893 -- [4260 2426]
1900 -- [4157 4536]
1901 -- [4591 3961]
1902 -- [3312 4591]
1905 -- [3384 4077]
1906 -- [2135 1946]
1913 -- [893 730]
1915 -- [1064 1260]
1917 -- [2277 4408]
1920 -- [1914 2705]
1921 -- [1829 2137]
1923 -- [4396 2722]
1926 -- [4029 3486]
1928 -- [1061  160]
1933 -- [735  36]
1936 -- [488   5]
1938 -- [1220  797]
1939 -- [2098 2483]
1944 -- [2743 4262]
1960 -- [ 24 914]
1961 -- [2337 2306]
1965 -- [333 311]
1967 -- [ 649 1486]
1968 -- [3867 3063]
1970 -- [4204 2479]
1972 -- [3188 4074]
1974 -- [2154 4416]
1976 -- [2535 4214]
1977 -- [2838 2065]
1978 -- [1205  465]
1979 -- [2879 3576]
1981 -- [1053  249]
1982 -- [1311  117]
1984 -- [2019 3200]
1993 -- [2537 4200]
1999 -- [3836 2354]
2001 -- [368 943]
2010 -- [741 854]
2015 -- [3234 3025]
2022 -- [3760 4559]
2031 -- [52 83]
2032 -- [1051   70]
2034 -- [1534  239]
2036 -- [ 612 1413]
2039 -- [888 591]
2041 -- [3533 2944]
2042 -- [ 811 1537]
2043 -- [2421 4422]
2047 -- [1577 1454]
2054 -- [1027 1346]
2057 -- [305 659]
2068 -- [880 431]
2085 -- [3717 3420]
2091 -- [1347 1610]
2115 -- [2879 4143]
2126 -- [4491 3802]
2127 -- [2529 1869]
2130 -- [1129 1108]
2132 -- [1376   13]
2135 -- [3511 3960]
2144 -- [4477 4134]
2145 -- [3000 2634]
2152 -- [3455 2263]
2153 -- [ 958 1393]
2157 -- [ 74 484]
2165 -- [4519 2236]
2170 -- [ 968 1216]
2172 -- [1431  415]
2175 -- [138  27]
2178 -- [4164 2302]
2179 -- [3715 1984]
2185 -- [4473 3714]
2189 -- [4027 4337]
2192 -- [1648 1708]
2196 -- [2041 3090]
2197 -- [4282 3364]
2198 -- [1541  617]
2200 -- [2772 4295]
2205 -- [ 293 1226]
2209 -- [ 975 1526]
2210 -- [2223 2267]
2216 -- [2907 1949]
2218 -- [ 872 1454]
2221 -- [4254 4065]
2223 -- [1720 1307]
2224 -- [1946 1970]
2226 -- [3393 4080]
2227 -- [4582 4408]
2230 -- [1038  497]
2235 -- [227 401]
2238 -- [3307 4190]
2243 -- [310 392]
2249 -- [1503 1295]
2255 -- [3727 2684]
2259 -- [1779  889]
2262 -- [2385 4337]
2264 -- [2585 4187]
2273 -- [341 775]
2290 -- [2454 2817]
2293 -- [1882 4187]
2297 -- [4260 3690]
2300 -- [3804 3756]
2302 -- [ 809 1074]
2304 -- [294 181]
2305 -- [618 818]
2310 -- [ 562 1377]
2315 -- [620 642]
2318 -- [2899 4590]
2319 -- [ 614 1513]
2323 -- [2252 2259]
2326 -- [2828 4032]
2327 -- [ 279 1545]
2330 -- [4298 2038]
2334 -- [1155   75]
2336 -- [1295  333]
2342 -- [ 286 1730]
2344 -- [4397 4325]
2345 -- [324 684]
2346 -- [1846 3949]
2347 -- [4270 2763]
2349 -- [ 983 1179]
2355 -- [ 956 1556]
2356 -- [1269 1540]
2357 -- [1169    6]
2359 -- [1197 1208]
2368 -- [125 384]
2378 -- [3052 4454]
2390 -- [3440 3696]
2397 -- [ 473 1634]
2400 -- [1651  831]
2402 -- [1311  408]
2407 -- [3117 3214]
2409 -- [1687 1488]
2410 -- [2773 4200]
2413 -- [1394 1078]
2414 -- [1649 1121]
2418 -- [3214 3429]
2420 -- [1289  206]
2422 -- [699 163]
2426 -- [1292 1692]
2427 -- [ 347 1784]
2431 -- [3307 3773]
2432 -- [4272 4375]
2435 -- [2168 4168]
2438 -- [1134  877]
2446 -- [680 423]
2447 -- [3457 3396]
2448 -- [4298 2145]
2450 -- [1094  450]
2452 -- [2358 2933]
2455 -- [1965 4164]
2456 -- [574 738]
2462 -- [4520 2372]
2464 -- [1565  605]
2466 -- [3339 1892]
2467 -- [247 393]
2468 -- [2391 3266]
2469 -- [2480 2802]
2471 -- [1747   14]
2473 -- [4441 3931]
2475 -- [651  42]
2477 -- [ 81 350]
2482 -- [1606 1578]
2483 -- [1501 1605]
2485 -- [892 897]
2487 -- [ 353 1615]
2500 -- [2133 2192]
2502 -- [   6 1620]
2503 -- [2643 2768]
2508 -- [277 144]
2515 -- [1805 1045]
2518 -- [4439 2481]
2533 -- [4133 2090]
2535 -- [587 937]
2537 -- [1121  906]
2550 -- [ 967 1809]
2551 -- [2411 4240]
2555 -- [1679  588]
2560 -- [  50 1353]
2565 -- [2382 2036]
2571 -- [ 41 783]
2572 -- [ 508 1088]
2574 -- [2295 3420]
2575 -- [ 951 1055]
2578 -- [4458 2388]
2581 -- [3520 4178]
2588 -- [1541 1440]
2590 -- [1553  173]
2591 -- [3115 2837]
2595 -- [1123 1722]
2597 -- [4282 2756]
2604 -- [3505 3699]
2607 -- [4162 3082]
2613 -- [2172 3932]
2616 -- [4503 4427]
2618 -- [ 767 1549]
2621 -- [4042 4495]
2635 -- [ 458 1721]
2637 -- [693 899]
2640 -- [4502 3405]
2646 -- [1661 1605]
2649 -- [3437 2811]
2651 -- [4057 4282]
2660 -- [2827 2772]
2661 -- [ 369 1479]
2664 -- [3670 4468]
2665 -- [2331 4200]
2667 -- [4333 2220]
2674 -- [2608 4165]
2677 -- [1737 1690]
2680 -- [4399 3471]
2682 -- [3220 4007]
2686 -- [2411 2749]
2689 -- [2381 2318]
2691 -- [1530 1622]
2696 -- [3393 2221]
2701 -- [4453 3606]
2702 -- [430 560]
2705 -- [ 543 1543]
2708 -- [124 368]
2710 -- [3168 4134]
2713 -- [4017 4134]
2716 -- [ 349 1744]
2730 -- [  50 1679]
2736 -- [4323 2499]
2743 -- [1278  462]
2745 -- [3110 3594]
2748 -- [ 645 1657]
2750 -- [819 222]
2752 -- [1588  307]
2753 -- [616 990]
2757 -- [2967 4134]
2758 -- [1143 1714]
2765 -- [2626 1949]
2766 -- [2539 2595]
2769 -- [2259 3649]
2771 -- [3925 3063]
2776 -- [1536  616]
2777 -- [748 198]
2782 -- [ 280 1374]
2786 -- [ 226 1090]
2787 -- [ 685 1739]
2790 -- [3776 3805]
2791 -- [4133 3594]
2797 -- [ 109 1245]
2798 -- [551 662]
2800 -- [850 660]
2802 -- [3446 3201]
2803 -- [2133 2769]
2806 -- [1433 1724]
2810 -- [1360  113]
2813 -- [3137 1957]
2814 -- [ 42 811]
2822 -- [1045  225]
2831 -- [1107 1234]
2835 -- [ 437 1215]
2836 -- [3307 4306]
2849 -- [2761 2994]
2850 -- [1499 1530]
2854 -- [1238  256]
2859 -- [3738 3636]
2861 -- [2153 3455]
2866 -- [4515 1990]
2867 -- [437 592]
2868 -- [1033  402]
2869 -- [3423 2884]
2875 -- [3372 4274]
2885 -- [713 840]
2886 -- [4426 4189]
2895 -- [2035 1822]
2897 -- [779 896]
2899 -- [1286 1750]
2900 -- [480 590]
2908 -- [ 452 1049]
2910 -- [4188 2846]
2914 -- [1645 1473]
2916 -- [2022 4339]
2917 -- [825 153]
2918 -- [1276  284]
2919 -- [4475 1860]
2921 -- [2744 3354]
2936 -- [3556 2441]
2939 -- [2905 4270]
2942 -- [965 813]
2944 -- [4168 3589]
2952 -- [3858 3711]
2959 -- [265 485]
2960 -- [1369  829]
2963 -- [3795 3413]
2965 -- [4189 3766]
2972 -- [718 885]
2974 -- [ 509 1811]
2975 -- [2876 2833]
2977 -- [2857 3252]
2980 -- [4366 1932]
2985 -- [2897 4277]
2986 -- [ 621 1105]
2988 -- [1411  465]
2992 -- [1376 1441]
2995 -- [3312 3561]
3004 -- [3325 2812]
3007 -- [ 69 657]
3008 -- [3307 2283]
3016 -- [1271 1363]
3017 -- [3422 3063]
3019 -- [1176 1234]
3022 -- [1030  662]
3023 -- [ 671 1399]
3026 -- [2377 2755]
3033 -- [ 922 1713]
3035 -- [2804 3070]
3037 -- [2259 3852]
3038 -- [2521 1962]
3041 -- [737 975]
3046 -- [814  28]
3053 -- [1378  994]
3056 -- [2794 4396]
3063 -- [ 594 1724]
3067 -- [3148 3275]
3068 -- [4387 3606]
3071 -- [1127   28]
3072 -- [4090 3232]
3073 -- [3312 2726]
3074 -- [4323 4019]
3075 -- [ 384 1228]
3079 -- [3089 3758]
3081 -- [4179 1982]
3083 -- [793  75]
3088 -- [ 111 1623]
3099 -- [ 591 1336]
3104 -- [720 388]
3108 -- [4492 2761]
3115 -- [4192 3602]
3117 -- [1680  752]
3121 -- [4153 3991]
3127 -- [4286 4030]
3131 -- [ 289 1765]
3133 -- [509 812]
3138 -- [1541 1568]
3139 -- [ 71 828]
3145 -- [ 591 1220]
3148 -- [3362 2235]
3151 -- [2917 4286]
3155 -- [3813 2817]
3157 -- [2045 4399]
3163 -- [2106 4466]
3167 -- [1389  659]
3170 -- [1920 4342]
3172 -- [503 262]
3175 -- [4159 3948]
3178 -- [1628  843]
3180 -- [395 558]
3187 -- [4156 4091]
3189 -- [1331 1537]
3193 -- [3450 2884]
3194 -- [1838 2963]
3196 -- [3325 2218]
3200 -- [2508 4134]
3210 -- [689 658]
3213 -- [4150 3664]
3215 -- [1824 2033]
3217 -- [1303 1019]
3219 -- [907 752]
3220 -- [314 922]
3226 -- [534 804]
3229 -- [1521  775]
3232 -- [126  40]
3236 -- [4373 3972]
3237 -- [ 592 1522]
3246 -- [ 958 1795]
3249 -- [ 456 1805]
3254 -- [  66 1075]
3255 -- [1217  624]
3256 -- [2776 4160]
3266 -- [1722  252]
3272 -- [4218 4431]
3273 -- [4551 4164]
3275 -- [2613 3947]
3276 -- [1940 2643]
3283 -- [2391 4326]
3290 -- [3880 4515]
3294 -- [3758 4254]
3298 -- [1547 1135]
3308 -- [ 453 1114]
3310 -- [ 194 1012]
3313 -- [ 922 1516]
3320 -- [3719 4162]
3321 -- [1245 1573]
3322 -- [3245 4027]
3323 -- [1243  714]
3324 -- [2741 2994]
3329 -- [ 125 1347]
3330 -- [3863 2320]
3336 -- [3381 4054]
3344 -- [4220 3393]
3345 -- [4391 1900]
3349 -- [1735 1516]
3354 -- [1327 1275]
3355 -- [4510 1884]
3356 -- [1407 1339]
3359 -- [1522  217]
3369 -- [1725 1399]
3371 -- [1156  419]
3372 -- [2744 3426]
3374 -- [937 735]
3382 -- [2629 2464]
3390 -- [1769  960]
3394 -- [3038 3831]
3399 -- [2738 3916]
3407 -- [2461 4075]
3408 -- [3684 2635]
3410 -- [772 421]
3415 -- [1318  121]
3419 -- [3200 3975]
3422 -- [1909 2243]
3423 -- [2705 4282]
3427 -- [2399 4204]
3429 -- [ 395 1429]
3433 -- [ 253 1399]
3440 -- [1105   29]
3441 -- [1209 1418]
3443 -- [ 881 1199]
3453 -- [326 205]
3454 -- [1115 1220]
3459 -- [1943 2828]
3460 -- [1961 2382]
3461 -- [1336  302]
3463 -- [261 387]
3471 -- [4165 3893]
3476 -- [1190 1065]
3477 -- [4573 3527]
3478 -- [3747 2434]
3480 -- [3070 2097]
3491 -- [3696 2425]
3493 -- [1065 1552]
3495 -- [1492 1717]
3496 -- [4277 3891]
3503 -- [1526 1730]
3508 -- [1597    1]
3511 -- [4192 2846]
3515 -- [3108 1846]
3516 -- [1035 1351]
3518 -- [4350 2295]
3520 -- [607 727]
3528 -- [4441 4042]
3532 -- [ 258 1175]
3533 -- [4155 3079]
3534 -- [4221 2048]
3535 -- [3503 2529]
3537 -- [2879 3227]
3542 -- [1736 1364]
3547 -- [  26 1319]
3549 -- [3481 4438]
3555 -- [ 129 1637]
3562 -- [3352 1962]
3564 -- [584 690]
3571 -- [ 360 1103]
3573 -- [ 649 1325]
3578 -- [3837 4198]
-cl sat and violated: 1881 | 1440  | total #cl: 3321 | -violated weight: 1440
2 -- [2560   31]
4 -- [1442 3773]
6 -- [ 653 3967]
13 -- [1586 4124]
14 -- [1831 1643]
18 -- [ 648 3626]
20 -- [1039 4478]
25 -- [ 774 2893]
27 -- [4511 1380]
31 -- [ 328 2343]
33 -- [3483  108]
34 -- [1502 2199]
36 -- [3544   95]
43 -- [ 268 4486]
46 -- [ 903 2909]
47 -- [2674  734]
49 -- [4077  495]
50 -- [2875 1356]
52 -- [1342 2572]
56 -- [2207  734]
60 -- [4460  335]
61 -- [2291  653]
64 -- [1660 2878]
66 -- [1956 1615]
67 -- [ 906 1877]
68 -- [3492 1735]
69 -- [ 897 3821]
72 -- [1861  823]
75 -- [2110 1545]
76 -- [3675  116]
78 -- [2655  984]
79 -- [3485 1751]
81 -- [ 849 1819]
84 -- [3604 1640]
85 -- [4170  534]
86 -- [2370  298]
89 -- [3871  650]
90 -- [  16 4060]
93 -- [  82 3724]
96 -- [2833   41]
98 -- [4329 1606]
99 -- [ 315 4347]
100 -- [4021 1365]
103 -- [ 566 4593]
106 -- [3751 1621]
108 -- [ 730 2097]
115 -- [3058 1187]
118 -- [ 923 1984]
121 -- [3898  345]
122 -- [2581 1635]
123 -- [2643  114]
125 -- [1548 3562]
132 -- [ 426 2221]
133 -- [4466 1456]
134 -- [2998 1336]
137 -- [3173  550]
141 -- [1057 3226]
149 -- [3237   82]
151 -- [1745 3352]
153 -- [2353 1396]
155 -- [4399   13]
156 -- [3519 1371]
157 -- [3162 1637]
158 -- [1138 2361]
160 -- [4443  701]
161 -- [ 800 3649]
163 -- [2359 1252]
164 -- [ 560 1863]
168 -- [4182  502]
169 -- [ 348 2478]
171 -- [3146  501]
172 -- [  23 4344]
173 -- [3463  590]
175 -- [3335  434]
176 -- [1632 3821]
177 -- [ 293 3281]
182 -- [ 287 2806]
184 -- [  16 2084]
185 -- [3355  500]
187 -- [1661 2570]
188 -- [2047  713]
192 -- [1402 3602]
193 -- [ 324 4597]
195 -- [2563 1768]
199 -- [ 913 2655]
200 -- [ 372 1987]
201 -- [3268  284]
206 -- [ 688 1988]
207 -- [4270 1353]
209 -- [1198 3451]
210 -- [2327   95]
211 -- [  93 4494]
213 -- [2707  748]
214 -- [1055 2359]
218 -- [4518  906]
221 -- [1287 2613]
223 -- [1487 2409]
226 -- [2823 1586]
230 -- [1447 2817]
232 -- [1654 3593]
236 -- [3028  714]
238 -- [1586 3543]
241 -- [3541   40]
242 -- [2951 1416]
246 -- [4212  515]
247 -- [1632 3188]
248 -- [3148 1725]
253 -- [ 407 2897]
254 -- [1774 1885]
257 -- [1317 3156]
259 -- [3725 1019]
266 -- [2481 1355]
268 -- [3755  104]
272 -- [1937 1299]
273 -- [2081  854]
281 -- [3095  249]
282 -- [ 538 3240]
285 -- [4101  404]
287 -- [ 754 2044]
288 -- [ 560 2605]
292 -- [1113 2838]
294 -- [2412 1233]
300 -- [3761  794]
301 -- [2868  501]
302 -- [ 232 3991]
305 -- [1120 2846]
306 -- [ 936 3735]
310 -- [ 495 2748]
319 -- [3438  263]
324 -- [ 234 3705]
326 -- [ 316 3847]
328 -- [4244 1585]
333 -- [3541 1543]
338 -- [ 942 3626]
342 -- [2735  395]
346 -- [ 462 1889]
355 -- [4027  161]
357 -- [ 391 3618]
360 -- [1460 3593]
361 -- [1439 2723]
362 -- [3124  115]
365 -- [1444 4298]
366 -- [2848 1781]
370 -- [1526 1869]
374 -- [1221 3097]
376 -- [4302   52]
379 -- [4289 1640]
380 -- [1616 2873]
381 -- [ 561 4061]
382 -- [ 569 4030]
384 -- [ 849 3292]
385 -- [ 303 2355]
386 -- [4459 1136]
390 -- [ 407 3887]
394 -- [4296 1593]
396 -- [4482 1002]
397 -- [2748  949]
403 -- [1759 3345]
405 -- [2871 1044]
406 -- [  63 3850]
407 -- [4528  754]
408 -- [ 758 3932]
409 -- [4042  193]
410 -- [4025  437]
414 -- [ 976 4251]
415 -- [4182  340]
416 -- [3018 1789]
418 -- [2046 1457]
419 -- [1543 4261]
420 -- [2936  263]
422 -- [ 709 2553]
423 -- [1457 3305]
424 -- [1450 1957]
426 -- [1820  794]
429 -- [ 586 1863]
433 -- [3893  160]
434 -- [2089 1324]
437 -- [ 901 4287]
439 -- [4309 1729]
440 -- [1686 4325]
443 -- [2850 1223]
445 -- [1004 3830]
446 -- [4117  440]
448 -- [1533 4177]
449 -- [1739 3842]
450 -- [ 875 2091]
451 -- [1889  335]
452 -- [2047 1442]
454 -- [1457 2002]
455 -- [2612  740]
456 -- [ 884 4216]
457 -- [1282 3721]
462 -- [ 750 2142]
463 -- [3473  792]
466 -- [ 948 2676]
468 -- [2288  859]
470 -- [3370 1231]
471 -- [3984  348]
475 -- [ 134 3035]
477 -- [4403 1292]
480 -- [ 967 3396]
481 -- [4454  265]
482 -- [3144 1685]
484 -- [3900 1615]
486 -- [ 308 3322]
488 -- [2020  891]
493 -- [2400 1355]
494 -- [ 773 2965]
496 -- [3568  404]
497 -- [3759  482]
500 -- [3351   63]
506 -- [ 747 3523]
507 -- [ 186 1859]
508 -- [2563  285]
509 -- [4473  268]
510 -- [2009 1252]
511 -- [1154 2980]
513 -- [2561 1680]
515 -- [ 959 3755]
517 -- [3100  400]
519 -- [2318 1593]
520 -- [ 404 2216]
521 -- [ 767 2766]
522 -- [3681 1141]
524 -- [1487 3204]
531 -- [ 184 3811]
532 -- [ 819 2758]
533 -- [1296 4419]
538 -- [1722 2515]
540 -- [ 517 3922]
541 -- [2218  343]
542 -- [1759 2380]
550 -- [ 105 1962]
555 -- [1454 2731]
557 -- [2600 1239]
560 -- [3096  945]
563 -- [1231 4409]
564 -- [ 648 4237]
566 -- [1342 2138]
568 -- [ 777 2008]
570 -- [3121  515]
573 -- [2724 1668]
574 -- [4382 1585]
575 -- [1774 2719]
576 -- [3531  703]
577 -- [2132 1175]
578 -- [4483  737]
581 -- [ 212 4037]
583 -- [1522 2227]
584 -- [2461  997]
585 -- [3479  824]
587 -- [2539 1673]
589 -- [3541  825]
591 -- [1598 3162]
594 -- [ 359 3546]
595 -- [2563   82]
596 -- [2810   36]
598 -- [ 247 4375]
605 -- [2724 1617]
606 -- [ 108 2299]
607 -- [4463 1387]
610 -- [1640 4380]
612 -- [1957 1780]
614 -- [ 977 2560]
616 -- [1274 3434]
617 -- [3607 1774]
626 -- [4141  918]
628 -- [1995  789]
629 -- [ 250 3562]
630 -- [ 124 2990]
636 -- [ 673 4317]
637 -- [   7 4094]
639 -- [3901 1107]
644 -- [2395 1690]
646 -- [2660 1237]
647 -- [3977 1355]
649 -- [3131   42]
650 -- [ 176 3733]
652 -- [ 674 1938]
656 -- [  26 4099]
658 -- [3973  822]
661 -- [1111 3769]
662 -- [2850  883]
664 -- [3094   97]
667 -- [2060  784]
668 -- [1864  571]
673 -- [ 617 4475]
675 -- [2608  444]
676 -- [2252 1585]
680 -- [3559  230]
681 -- [2021 1198]
682 -- [4039  716]
683 -- [2144   23]
684 -- [2064 1695]
685 -- [2950 1233]
687 -- [2813 1465]
694 -- [1950 1496]
698 -- [1660 2450]
704 -- [1746 2969]
705 -- [ 167 4227]
715 -- [ 173 4180]
717 -- [ 310 2195]
719 -- [1838 1485]
721 -- [1337 2784]
723 -- [3248  713]
724 -- [1222 3819]
727 -- [2718  741]
728 -- [3720 1525]
731 -- [ 346 2313]
735 -- [ 889 3591]
736 -- [ 212 2332]
737 -- [1987  360]
739 -- [ 882 3240]
744 -- [ 250 3274]
749 -- [2974  406]
750 -- [ 547 4432]
754 -- [3592 1173]
755 -- [ 730 2661]
758 -- [2472  674]
759 -- [1527 3608]
761 -- [ 734 2905]
763 -- [1771 2845]
764 -- [4242 1729]
765 -- [2308  866]
766 -- [3060 1504]
769 -- [3947 1183]
773 -- [1111 4364]
775 -- [2843 1635]
776 -- [3155 1187]
777 -- [4345 1341]
779 -- [2052    9]
780 -- [4447 1468]
786 -- [1078 2059]
788 -- [3537 1504]
789 -- [3135  773]
791 -- [4137 1364]
792 -- [3439   75]
793 -- [ 924 4107]
796 -- [1255 2446]
797 -- [ 378 3268]
798 -- [ 894 3511]
802 -- [1135 3526]
814 -- [ 703 4185]
815 -- [2382  835]
819 -- [ 451 1985]
821 -- [2468 1407]
822 -- [ 136 1953]
824 -- [ 184 3335]
826 -- [1549 2802]
827 -- [2318  616]
828 -- [2617  599]
832 -- [3874  248]
833 -- [4186  545]
834 -- [ 739 2539]
835 -- [3140 1636]
837 -- [4145  789]
840 -- [3795 1399]
841 -- [4588 1504]
842 -- [4468  306]
845 -- [3731  843]
847 -- [3288 1562]
848 -- [ 912 4294]
850 -- [4099 1299]
852 -- [1120 3593]
855 -- [ 261 2484]
856 -- [3648 1179]
858 -- [1617 1971]
860 -- [3562  123]
862 -- [4074  991]
863 -- [2857  470]
868 -- [3814 1249]
869 -- [ 878 3816]
870 -- [3924 1222]
871 -- [3576  946]
873 -- [3412  958]
876 -- [4091  943]
878 -- [3377 1407]
879 -- [  34 2026]
884 -- [ 532 4104]
885 -- [2928  508]
886 -- [ 794 3427]
887 -- [3460 1027]
889 -- [1267 4163]
890 -- [1052 3856]
891 -- [1581 2084]
893 -- [1220 4563]
894 -- [3015  855]
895 -- [3104  937]
896 -- [2321  395]
898 -- [ 440 2256]
900 -- [1418 3347]
901 -- [ 935 4565]
902 -- [2134  688]
904 -- [1531 1898]
905 -- [ 904 1837]
908 -- [1658 1893]
909 -- [2717 1116]
910 -- [1762 4235]
913 -- [4103 1530]
914 -- [2091  705]
922 -- [3344  666]
923 -- [3601  147]
924 -- [1024 2521]
927 -- [2378  144]
931 -- [1251 2361]
932 -- [4404 1396]
933 -- [ 521 2748]
935 -- [2846  308]
936 -- [4432 1277]
937 -- [1179 4034]
938 -- [4172  250]
939 -- [ 907 3375]
940 -- [1063 4405]
942 -- [2597  841]
943 -- [2873  481]
946 -- [1755 3738]
950 -- [1000 2666]
956 -- [4215  187]
957 -- [3207  284]
960 -- [4056  662]
963 -- [ 329 2420]
964 -- [3186  186]
966 -- [3853 1006]
972 -- [3711  605]
973 -- [ 407 3515]
977 -- [1444 4454]
978 -- [1917  359]
981 -- [ 404 2792]
988 -- [4060  730]
989 -- [3953 1759]
990 -- [4497 1126]
994 -- [3455  840]
995 -- [2585 1502]
996 -- [1179 3166]
999 -- [3035  285]
1000 -- [2585 1711]
1002 -- [2369  185]
1003 -- [ 885 3020]
1005 -- [3806 1525]
1008 -- [3631   23]
1009 -- [3173 1199]
1010 -- [1660 3352]
1012 -- [1660 3687]
1013 -- [1933 1705]
1021 -- [3690  901]
1024 -- [2482 1020]
1026 -- [ 663 3325]
1027 -- [2795 1733]
1028 -- [2816 1630]
1029 -- [3749 1614]
1032 -- [1800 2189]
1034 -- [4410  402]
1035 -- [ 999 3753]
1036 -- [ 518 4134]
1037 -- [1556 2184]
1041 -- [3708  247]
1042 -- [ 922 4344]
1045 -- [1663 4419]
1047 -- [1735 2805]
1050 -- [1376 4132]
1052 -- [ 308 2009]
1054 -- [3113  534]
1055 -- [3221 1377]
1057 -- [2378  446]
1059 -- [ 463 4310]
1061 -- [2878 1052]
1064 -- [1185 2932]
1068 -- [3550  110]
1069 -- [2682 1593]
1070 -- [4499 1521]
1071 -- [ 448 1846]
1073 -- [3916  977]
1074 -- [  42 3835]
1077 -- [  42 2967]
1079 -- [2662  138]
1080 -- [4370 1185]
1081 -- [ 482 2665]
1082 -- [ 599 2796]
1083 -- [1005 1917]
1085 -- [1021 4192]
1086 -- [1654 3501]
1087 -- [ 347 4184]
1090 -- [1843 1145]
1094 -- [ 681 3237]
1097 -- [1548 3755]
1110 -- [2757 1487]
1111 -- [3075  616]
1112 -- [2322 1091]
1114 -- [3431  794]
1116 -- [ 727 1984]
1122 -- [2749 1024]
1124 -- [2780   31]
1126 -- [4157  483]
1127 -- [1932 1289]
1132 -- [ 742 3347]
1133 -- [1928  784]
1138 -- [ 384 2508]
1139 -- [1356 3026]
1141 -- [ 774 1934]
1143 -- [2169 1421]
1146 -- [1477 4391]
1150 -- [ 190 2203]
1152 -- [ 661 4471]
1154 -- [2172  358]
1157 -- [ 438 3512]
1158 -- [1251 1905]
1161 -- [ 147 3620]
1163 -- [1558 1825]
1165 -- [  17 4562]
1168 -- [1582 2825]
1169 -- [1645 2311]
1172 -- [2506  907]
1176 -- [ 571 2248]
1179 -- [3853  234]
1180 -- [2879  744]
1182 -- [3601  889]
1183 -- [ 579 3716]
1184 -- [4502  771]
1185 -- [ 962 2187]
1188 -- [ 666 3142]
1198 -- [2197  173]
1200 -- [ 263 2181]
1202 -- [3210  235]
1203 -- [ 694 2147]
1204 -- [3666 1418]
1207 -- [ 957 1922]
1208 -- [2446 1272]
1211 -- [3917  121]
1214 -- [ 877 3422]
1217 -- [3694  185]
1220 -- [ 399 2980]
1221 -- [3052 1176]
1226 -- [ 173 2753]
1228 -- [3349 1641]
1230 -- [3754  497]
1231 -- [1305 3554]
1233 -- [1906  139]
1238 -- [ 850 3520]
1239 -- [4562    7]
1240 -- [3403  171]
1241 -- [3298  121]
1243 -- [1946  604]
1245 -- [ 876 1908]
1251 -- [1726 3803]
1258 -- [2645 1729]
1259 -- [1102 2061]
1261 -- [3811  108]
1262 -- [1700 4051]
1264 -- [ 135 3091]
1267 -- [1676 4439]
1268 -- [4189 1445]
1269 -- [1176 2420]
1270 -- [2338  492]
1273 -- [3419  163]
1274 -- [2334  909]
1278 -- [2772 1570]
1283 -- [ 548 2483]
1287 -- [2986 1490]
1288 -- [4095  235]
1298 -- [4468  575]
1300 -- [4048 1599]
1302 -- [2806 1176]
1305 -- [3388  145]
1306 -- [3375  464]
1309 -- [2845   38]
1310 -- [ 848 4208]
1313 -- [1336 2432]
1314 -- [ 147 2727]
1315 -- [4456 1027]
1316 -- [2878 1082]
1319 -- [4439 1760]
1327 -- [3411 1534]
1328 -- [3805 1546]
1329 -- [ 755 2391]
1330 -- [2349  976]
1331 -- [4338 1806]
1333 -- [1269 3417]
1336 -- [ 116 1938]
1339 -- [4202 1491]
1341 -- [2861  702]
1348 -- [1485 1894]
1350 -- [ 884 3799]
1353 -- [1286 4207]
1355 -- [3662 1633]
1356 -- [1599 2258]
1366 -- [3343 1002]
1369 -- [ 622 4030]
1373 -- [2716  262]
1378 -- [ 960 2518]
1379 -- [1677 2472]
1380 -- [3185  882]
1381 -- [2051  312]
1382 -- [4074 1357]
1383 -- [1649 3319]
1387 -- [4033 1356]
1392 -- [3669  256]
1393 -- [2432 1362]
1394 -- [ 672 2945]
1398 -- [ 173 3283]
1399 -- [3166  176]
1400 -- [ 325 3725]
1403 -- [2710  199]
1404 -- [1685 4570]
1407 -- [4307 1064]
1408 -- [2048 1279]
1409 -- [   9 2088]
1411 -- [4390 1038]
1415 -- [2435  485]
1416 -- [ 434 2943]
1419 -- [2505  264]
1426 -- [ 740 4060]
1427 -- [  97 3824]
1429 -- [3246  451]
1431 -- [4417  402]
1434 -- [3000  249]
1436 -- [4306  316]
1437 -- [ 485 3856]
1439 -- [ 714 2803]
1441 -- [4029  958]
1447 -- [2428  345]
1449 -- [ 810 2151]
1450 -- [1059 4111]
1451 -- [ 255 2870]
1456 -- [ 482 1837]
1458 -- [1199 4315]
1459 -- [ 301 2896]
1460 -- [3573  616]
1463 -- [3932  896]
1465 -- [3422  160]
1466 -- [ 942 3633]
1467 -- [1697 4039]
1468 -- [  95 4406]
1469 -- [1607 4408]
1470 -- [1654 2691]
1471 -- [3438  674]
1473 -- [3964 1065]
1474 -- [2430 1487]
1476 -- [1686 2175]
1481 -- [3807  168]
1482 -- [4206 1594]
1484 -- [4049   79]
1486 -- [4593  113]
1487 -- [ 347 2986]
1488 -- [1933 1630]
1489 -- [  32 4533]
1490 -- [ 176 1853]
1491 -- [3539 1370]
1492 -- [1790 2490]
1494 -- [1324 1904]
1496 -- [ 533 1892]
1497 -- [1921   94]
1498 -- [4504 1792]
1501 -- [ 428 1946]
1504 -- [ 455 3683]
1506 -- [4219 1421]
1507 -- [1657 4505]
1513 -- [3367   16]
1517 -- [2821  566]
1518 -- [1145 2229]
1519 -- [1812 3738]
1522 -- [2582 1052]
1524 -- [ 425 4518]
1525 -- [1411 2126]
1527 -- [2468  350]
1530 -- [2938  666]
1533 -- [1710 3456]
1534 -- [1413 2883]
1536 -- [ 701 3479]
1542 -- [3150  381]
1545 -- [1301 3856]
1548 -- [2169 1752]
1549 -- [ 841 3530]
1551 -- [ 303 2928]
1552 -- [3622 1351]
1553 -- [ 120 2661]
1554 -- [2217  701]
1557 -- [ 287 3305]
1559 -- [3622  831]
1560 -- [1374 4511]
1562 -- [  10 3583]
1571 -- [1868 1664]
1572 -- [ 947 4354]
1579 -- [ 133 3518]
1581 -- [  82 3648]
1583 -- [ 792 2107]
1585 -- [1746 2407]
1588 -- [ 237 2260]
1590 -- [3970 1637]
1594 -- [ 324 3238]
1595 -- [3079 1185]
1598 -- [ 115 4444]
1599 -- [1586 2933]
1600 -- [4390  893]
1604 -- [1409 3850]
1606 -- [4307  965]
1608 -- [ 650 4249]
1609 -- [1998 1017]
1613 -- [4102 1757]
1615 -- [2880 1537]
1616 -- [2991 1205]
1617 -- [3204 1160]
1622 -- [ 606 4250]
1625 -- [2978 1621]
1629 -- [2178  627]
1630 -- [1837 1002]
1632 -- [ 294 2633]
1633 -- [4510 1473]
1637 -- [ 713 3573]
1642 -- [1735 2685]
1647 -- [ 478 3781]
1649 -- [ 884 2110]
1652 -- [3031  156]
1658 -- [ 661 2252]
1661 -- [3267 1020]
1663 -- [1114 2884]
1664 -- [ 857 4547]
1665 -- [4524  450]
1668 -- [ 973 3245]
1669 -- [1537 1940]
1671 -- [3047  619]
1675 -- [  60 3151]
1676 -- [1274 3632]
1678 -- [1269 3002]
1679 -- [1510 2639]
1681 -- [1593 2988]
1684 -- [1517 3853]
1685 -- [   0 3156]
1686 -- [4278 1552]
1690 -- [1896  123]
1693 -- [ 127 3805]
1694 -- [3815   89]
1695 -- [3513  759]
1696 -- [2620  240]
1697 -- [2253 1496]
1698 -- [1245 3269]
1702 -- [  95 2639]
1709 -- [1231 2339]
1712 -- [1733 4543]
1714 -- [4010  440]
1715 -- [1951 1432]
1716 -- [ 644 1914]
1717 -- [1828  520]
1719 -- [1120 2405]
1720 -- [  18 2791]
1721 -- [1203 2715]
1723 -- [1956 1090]
1724 -- [1361 3063]
1725 -- [ 438 2792]
1726 -- [3936   42]
1728 -- [  17 2949]
1729 -- [3804  764]
1730 -- [3732 1102]
1731 -- [4171 1496]
1732 -- [ 946 2317]
1736 -- [ 824 2741]
1737 -- [  41 3725]
1738 -- [ 756 2576]
1739 -- [ 714 3129]
1741 -- [1060 3986]
1746 -- [1569 2665]
1747 -- [4458 1607]
1749 -- [ 388 4492]
1753 -- [2066 1751]
1756 -- [1864  789]
1759 -- [4135    5]
1761 -- [ 621 3671]
1763 -- [3604 1235]
1765 -- [3837  559]
1767 -- [1761 3424]
1768 -- [2375 1522]
1771 -- [4131  741]
1774 -- [3293 1399]
1775 -- [4395  335]
1776 -- [2931 1016]
1777 -- [1589 4087]
1778 -- [2774  719]
1782 -- [1525 3990]
1785 -- [2207  120]
1786 -- [4400 1585]
1788 -- [1910  521]
1791 -- [ 541 3712]
1794 -- [2158 1267]
1802 -- [4485 1442]
1803 -- [3591 1017]
1804 -- [2686 1347]
1805 -- [2971   31]
1807 -- [2468 1332]
1808 -- [ 538 3481]
1809 -- [1685 2575]
1812 -- [3673  648]
1814 -- [2678 1231]
1815 -- [3879  263]
1817 -- [2068  324]
1819 -- [1282 4485]
1821 -- [ 796 4156]
1823 -- [1331 3252]
1824 -- [ 907 2563]
1825 -- [2251  719]
1827 -- [3799 1510]
1833 -- [2331  541]
1837 -- [3170 1582]
1838 -- [2800  935]
1840 -- [3532 1637]
1841 -- [ 782 4214]
1842 -- [1520 3232]
1855 -- [4292  993]
1859 -- [3605  923]
1863 -- [4181 1413]
1864 -- [4477 1617]
1868 -- [1460 2709]
1869 -- [2701   89]
1871 -- [1389 2717]
1872 -- [ 957 2661]
1873 -- [1645 3849]
1878 -- [3999  457]
1882 -- [  58 3389]
1883 -- [2443  859]
1890 -- [ 815 2491]
1893 -- [4299  270]
1895 -- [ 597 4244]
1905 -- [4539   62]
1906 -- [1403 4280]
1907 -- [1979  415]
1908 -- [2017  336]
1911 -- [4224  504]
1912 -- [1137 2945]
1914 -- [1207 3207]
1916 -- [3036 1773]
1917 -- [2925 1005]
1919 -- [2996  859]
1926 -- [2706 1197]
1927 -- [1080 3589]
1929 -- [4353  581]
1930 -- [2227  831]
1933 -- [1044 4300]
1937 -- [2859 1220]
1938 -- [3957  730]
1943 -- [1921 1540]
1945 -- [2484  877]
1948 -- [3255 1273]
1949 -- [3222  842]
1953 -- [2532 1138]
1956 -- [1149 3571]
1957 -- [ 328 4104]
1958 -- [  29 4462]
1959 -- [2977   95]
1960 -- [3841 1597]
1961 -- [1504 3917]
1962 -- [3308 1108]
1963 -- [ 321 3128]
1966 -- [3196  113]
1967 -- [2641   88]
1968 -- [ 819 3053]
1969 -- [4496  897]
1970 -- [3114  415]
1975 -- [ 381 2946]
1976 -- [ 550 2856]
1977 -- [3206 1312]
1982 -- [1985 1051]
1986 -- [ 692 3511]
1987 -- [  85 3934]
1989 -- [ 650 3645]
1993 -- [ 810 3670]
1996 -- [2214 1484]
1997 -- [2116 1537]
2002 -- [ 701 2504]
2004 -- [2461 1428]
2007 -- [1871 1049]
2009 -- [4471  903]
2010 -- [2018  785]
2013 -- [3395  245]
2014 -- [ 774 4352]
2015 -- [2402  599]
2017 -- [3955 1057]
2020 -- [2440  285]
2021 -- [ 984 2896]
2023 -- [3395  500]
2027 -- [ 310 2380]
2028 -- [4001 1800]
2030 -- [1943  113]
2032 -- [ 440 2253]
2034 -- [1208 1909]
2035 -- [ 138 2145]
2039 -- [1251 2080]
2040 -- [ 160 2453]
2045 -- [4443  520]
2046 -- [1051 3130]
2048 -- [3705  395]
2051 -- [2518  747]
2053 -- [4137  662]
2055 -- [1786 3356]
2057 -- [4571 1364]
2063 -- [4397  623]
2064 -- [1177 4286]
2065 -- [1686 4533]
2067 -- [1914  202]
2069 -- [3489  759]
2072 -- [4136 1249]
2074 -- [1584 3357]
2075 -- [ 549 3468]
2077 -- [  86 4576]
2078 -- [ 882 2584]
2080 -- [1686 3520]
2081 -- [1312 2951]
2082 -- [1635 2710]
2087 -- [1198 2442]
2089 -- [ 110 2253]
2090 -- [  88 2570]
2092 -- [ 148 1854]
2093 -- [ 760 4050]
2094 -- [ 948 2394]
2097 -- [1867  153]
2098 -- [1355 2317]
2100 -- [1048 2616]
2101 -- [2278  442]
2102 -- [1745 2745]
2104 -- [2941  469]
2106 -- [1586 3893]
2108 -- [4156  340]
2109 -- [3549 1478]
2110 -- [3867 1714]
2111 -- [4044 1120]
2119 -- [1685 4223]
2123 -- [1562 2723]
2129 -- [4119 1072]
2130 -- [1062 2817]
2131 -- [2245  964]
2133 -- [4360 1233]
2138 -- [1658 2201]
2139 -- [4360 1666]
2141 -- [ 240 3538]
2145 -- [ 199 3499]
2148 -- [2448 1649]
2149 -- [1722 2701]
2150 -- [2920 1045]
2152 -- [2216 1572]
2153 -- [2307  935]
2155 -- [2719   64]
2156 -- [2551 1000]
2159 -- [3821 1416]
2160 -- [3542  437]
2161 -- [3726 1496]
2163 -- [4574  351]
2164 -- [ 406 3565]
2165 -- [ 711 3200]
2169 -- [ 806 2423]
2170 -- [ 189 3025]
2171 -- [ 767 3180]
2172 -- [2740 1581]
2174 -- [ 141 3902]
2175 -- [1682 4198]
2178 -- [ 248 3116]
2182 -- [2877 1581]
2183 -- [2526   16]
2184 -- [4598 1668]
2186 -- [1733 4130]
2187 -- [4355 1729]
2190 -- [1774 3470]
2193 -- [ 476 4189]
2197 -- [4530  501]
2198 -- [4121  714]
2202 -- [   8 2618]
2203 -- [ 759 3666]
2208 -- [3842 1658]
2209 -- [2823  815]
2212 -- [2548 1729]
2213 -- [4233  106]
2214 -- [ 653 3660]
2216 -- [ 535 2900]
2217 -- [4282  332]
2222 -- [2826 1185]
2226 -- [ 562 4464]
2227 -- [2777 1092]
2230 -- [1879 1668]
2231 -- [1186 4550]
2236 -- [ 917 2531]
2242 -- [ 370 3167]
2245 -- [1097 4272]
2248 -- [ 301 4077]
2250 -- [3642  400]
2252 -- [1092 2568]
2256 -- [3325  465]
2261 -- [3471 1363]
2264 -- [1017 2821]
2266 -- [4258   43]
2269 -- [1111 4404]
2273 -- [3483  282]
2277 -- [4547  324]
2281 -- [ 230 2352]
2283 -- [3916  944]
2284 -- [4419  402]
2286 -- [ 384 4089]
2292 -- [ 135 3842]
2293 -- [3875 1661]
2294 -- [3053 1521]
2298 -- [2202  703]
2301 -- [3898  841]
2305 -- [3166 1511]
2306 -- [3621  120]
2307 -- [  64 1859]
2308 -- [2073 1643]
2309 -- [ 868 3173]
2310 -- [2918  132]
2311 -- [ 899 2121]
2313 -- [3351 1511]
2318 -- [   9 3773]
2319 -- [ 773 3259]
2320 -- [2821  453]
2321 -- [ 767 3485]
2322 -- [ 936 1938]
2323 -- [ 481 3143]
2324 -- [1337 4049]
2326 -- [1735 4228]
2327 -- [2118 1005]
2328 -- [1832  280]
2332 -- [3276  356]
2335 -- [2683 1376]
2338 -- [2038 1635]
2342 -- [ 166 2439]
2343 -- [2600 1059]
2347 -- [3558  806]
2348 -- [4354 1050]
2349 -- [ 937 2949]
2350 -- [ 730 2363]
2355 -- [1269 3360]
2356 -- [3161 1752]
2358 -- [3527 1479]
2360 -- [ 860 1964]
2365 -- [  31 2007]
2366 -- [1902  864]
2368 -- [1282 3764]
2369 -- [3188  946]
2374 -- [ 500 2123]
2376 -- [   5 2095]
2378 -- [3541 1627]
2379 -- [ 117 4044]
2380 -- [1936  515]
2382 -- [2034 1064]
2385 -- [  19 3159]
2386 -- [ 953 2513]
2388 -- [1179 4005]
2389 -- [3770 1349]
2390 -- [2802  782]
2393 -- [ 281 2369]
2394 -- [ 549 4400]
2395 -- [1799 2741]
2398 -- [1111 3211]
2400 -- [ 110 3199]
2402 -- [2685  909]
2409 -- [ 485 2844]
2411 -- [3851  475]
2415 -- [1491 3755]
2419 -- [1851  348]
2421 -- [4595 1421]
2423 -- [4544 1007]
2424 -- [3479  674]
2426 -- [ 565 2133]
2427 -- [4021 1663]
2428 -- [4568  421]
2434 -- [2926 1222]
2436 -- [ 126 1853]
2437 -- [2406  317]
2438 -- [2615  287]
2441 -- [ 789 3318]
2442 -- [2447 1749]
2443 -- [3662 1156]
2446 -- [ 962 2960]
2448 -- [2742  482]
2450 -- [2930  100]
2452 -- [ 904 3607]
2454 -- [ 442 4197]
2455 -- [1921  788]
2456 -- [2390  497]
2460 -- [ 120 4297]
2462 -- [ 143 2507]
2469 -- [1855 1347]
2471 -- [2398  885]
2473 -- [2730 1517]
2474 -- [ 171 3450]
2477 -- [1201 3554]
2478 -- [4129  228]
2480 -- [3258   32]
2481 -- [ 633 2483]
2482 -- [3612 1735]
2488 -- [2484 1399]
2490 -- [3766 1677]
2494 -- [2239   33]
2496 -- [2535 1145]
2497 -- [1636 3171]
2502 -- [ 282 3814]
2506 -- [3363  463]
2508 -- [3213    5]
2513 -- [1507 3617]
2520 -- [ 109 3262]
2522 -- [1599 3173]
2527 -- [3681  856]
2532 -- [3487 1244]
2533 -- [3002  138]
2541 -- [3615  831]
2544 -- [3251  248]
2547 -- [2224 1211]
2548 -- [2752 1541]
2550 -- [2516 1065]
2551 -- [1933  703]
2552 -- [1852  906]
2553 -- [2162 1631]
2554 -- [3450  123]
2556 -- [2079 1265]
2558 -- [ 759 3607]
2559 -- [ 603 2421]
2560 -- [2359 1545]
2561 -- [2027  281]
2562 -- [2561  901]
2564 -- [  89 3515]
2565 -- [3155  938]
2566 -- [ 802 2917]
2570 -- [2232   34]
2573 -- [4109   67]
2577 -- [1590 2792]
2580 -- [1714 1912]
2582 -- [3991  730]
2583 -- [2107  653]
2584 -- [3895 1713]
2589 -- [ 965 3743]
2593 -- [3468 1506]
2594 -- [3366 1773]
2596 -- [2171 1752]
2601 -- [3829 1019]
2603 -- [1722 4184]
2604 -- [1436 3329]
2605 -- [ 840 3765]
2606 -- [2005   14]
2609 -- [2595  968]
2610 -- [4243  642]
2614 -- [ 343 3302]
2615 -- [2756 1389]
2616 -- [1282 2448]
2620 -- [  65 2444]
2621 -- [3817  904]
2622 -- [ 455 2072]
2629 -- [1358 4497]
2631 -- [1064 3112]
2632 -- [ 191 3070]
2638 -- [ 411 2717]
2643 -- [3236 1645]
2644 -- [4208 1501]
2645 -- [2498  774]
2649 -- [3604 1203]
2650 -- [4258  567]
2652 -- [ 126 2488]
2653 -- [4335  511]
2654 -- [ 475 2097]
2655 -- [ 138 2919]
2658 -- [3399  949]
2660 -- [1273 2291]
2663 -- [ 120 1911]
2666 -- [4147  759]
2667 -- [1402 1819]
2669 -- [4433 1462]
2671 -- [2502  938]
2677 -- [2535 1771]
2678 -- [1658 4026]
2680 -- [1746 1952]
2684 -- [3799  597]
2690 -- [4301  866]
2692 -- [3407   20]
2696 -- [ 203 4068]
2698 -- [1582 3809]
2701 -- [3933  311]
2702 -- [2239 1661]
2703 -- [3358 1177]
2705 -- [1442 2554]
2706 -- [3777  371]
2710 -- [1657 3219]
2711 -- [1282 2582]
2713 -- [ 401 3178]
2715 -- [2628 1370]
2720 -- [  85 2255]
2727 -- [4100  358]
2729 -- [4214  181]
2735 -- [1535 4229]
2738 -- [1735 2516]
2740 -- [1558 1950]
2741 -- [4255  945]
2742 -- [4518 1526]
2746 -- [1386 4455]
2747 -- [ 608 4162]
2748 -- [3515 1138]
2750 -- [3652  278]
2752 -- [4248 1597]
2753 -- [ 362 2081]
2754 -- [ 828 2529]
2758 -- [ 335 3340]
2760 -- [  44 3428]
2761 -- [4040  286]
2763 -- [2044 1663]
2767 -- [1606 2487]
2771 -- [1675 2969]
2772 -- [1364 3101]
2774 -- [ 212 3067]
2775 -- [2436  923]
2777 -- [ 728 2595]
2778 -- [3018  924]
2779 -- [1799 2131]
2780 -- [4529 1371]
2783 -- [1042 3860]
2785 -- [1442 3359]
2788 -- [ 777 2065]
2794 -- [1593 2263]
2798 -- [1414 3977]
2800 -- [1562 4544]
2801 -- [ 807 2090]
2803 -- [1187 3946]
2807 -- [3600 1122]
2809 -- [ 767 4072]
2810 -- [4090 1111]
2811 -- [2097  899]
2813 -- [1869   55]
2814 -- [1024 2639]
2818 -- [2301 1782]
2819 -- [1134 2483]
2823 -- [4072 1407]
2825 -- [2199 1207]
2828 -- [1717 2514]
2830 -- [4247 1562]
2832 -- [1460 3456]
2834 -- [1564 2423]
2835 -- [1138 2565]
2841 -- [1300 3642]
2842 -- [3320  479]
2846 -- [3901  500]
2848 -- [1922  444]
2849 -- [1957 1166]
2854 -- [3347  606]
2855 -- [3297  728]
2858 -- [1098 2789]
2859 -- [4265  964]
2860 -- [2148  123]
2861 -- [2461  374]
2862 -- [2153  907]
2863 -- [2189  329]
2864 -- [ 942 2140]
2865 -- [1641 3119]
2869 -- [3001  438]
2871 -- [3443 1239]
2872 -- [1198 1895]
2873 -- [1602 4189]
2874 -- [ 404 3794]
2875 -- [4462   84]
2876 -- [ 358 4479]
2877 -- [  88 2423]
2878 -- [  69 2246]
2881 -- [3504  402]
2883 -- [2552 1141]
2884 -- [4515  119]
2885 -- [ 860 3296]
2886 -- [ 597 4241]
2888 -- [1511 3283]
2890 -- [   8 4395]
2891 -- [ 163 3869]
2892 -- [3215  606]
2893 -- [ 646 4047]
2894 -- [2922 1412]
2895 -- [2465  730]
2897 -- [ 698 2343]
2900 -- [1004 3381]
2901 -- [  52 3281]
2903 -- [1817 1433]
2906 -- [2356  199]
2908 -- [1323 2770]
2916 -- [ 469 2752]
2921 -- [2585  495]
2923 -- [  65 3454]
2933 -- [ 344 3930]
2936 -- [ 551 2485]
2937 -- [ 305 2030]
2941 -- [2306 1290]
2942 -- [2958  143]
2943 -- [ 370 1991]
2945 -- [ 482 4302]
2951 -- [1292 2883]
2954 -- [1661 1948]
2956 -- [1675 3818]
2961 -- [2059 1513]
2964 -- [ 833 4128]
2968 -- [1643 2091]
2972 -- [4549 1403]
2974 -- [1449 3184]
2976 -- [3248 1364]
2978 -- [2477 1002]
2980 -- [2752 1049]
2981 -- [2804 1616]
2989 -- [3964 1355]
2990 -- [2853  360]
2991 -- [  44 2062]
2992 -- [ 457 3519]
2993 -- [4532  138]
2995 -- [2172  691]
3000 -- [1515 3932]
3002 -- [3834 1687]
3003 -- [2904  976]
3006 -- [ 294 3929]
3008 -- [2369 1282]
3009 -- [3265 1759]
3010 -- [1686 3364]
3012 -- [1020 4477]
3015 -- [ 206 3597]
3019 -- [1586 4011]
3020 -- [ 903 2075]
3023 -- [1589 2404]
3024 -- [1840 1016]
3030 -- [1301 3143]
3031 -- [3705  229]
3032 -- [ 736 3625]
3033 -- [4071 1507]
3035 -- [4262 1769]
3037 -- [2934 1640]
3038 -- [3376 1521]
3040 -- [1017 3602]
3042 -- [3018 1768]
3043 -- [3949  236]
3045 -- [2785 1668]
3052 -- [1424 4493]
3053 -- [4155 1596]
3054 -- [3662  113]
3055 -- [2637 1566]
3057 -- [ 922 4374]
3058 -- [ 831 3355]
3059 -- [3052  907]
3061 -- [2726 1694]
3067 -- [4372  946]
3068 -- [1831  754]
3072 -- [3149  824]
3077 -- [4137    5]
3079 -- [1735 2866]
3080 -- [2228  719]
3082 -- [ 876 3010]
3083 -- [ 113 3521]
3087 -- [3299  100]
3088 -- [ 486 3629]
3093 -- [2084 1442]
3096 -- [3602  740]
3099 -- [1403 1919]
3102 -- [1351 3860]
3103 -- [ 250 2250]
3104 -- [3082 1801]
3105 -- [1186 3736]
3107 -- [1116 1911]
3111 -- [  23 3414]
3112 -- [4236 1767]
3115 -- [ 408 4457]
3116 -- [4317  748]
3120 -- [ 922 4423]
3121 -- [ 959 4135]
3123 -- [4418  977]
3124 -- [3872  115]
3125 -- [2479   23]
3131 -- [ 131 2834]
3133 -- [2462  856]
3134 -- [3241 1176]
3136 -- [ 698 2711]
3137 -- [ 325 2793]
3139 -- [1680 4542]
3140 -- [ 994 2621]
3141 -- [2833  748]
3144 -- [ 323 2514]
3147 -- [ 984 3885]
3148 -- [2461  367]
3149 -- [2112  819]
3150 -- [4143 1797]
3152 -- [1899 1122]
3157 -- [4199  674]
3158 -- [ 968 2890]
3159 -- [2113  463]
3160 -- [ 627 3360]
3163 -- [4214 1391]
3164 -- [1587 3384]
3165 -- [2291  824]
3172 -- [1546 2738]
3173 -- [ 145 4050]
3174 -- [2385  242]
3175 -- [ 109 4501]
3177 -- [ 244 4501]
3178 -- [4083  199]
3180 -- [1841  139]
3188 -- [ 802 2980]
3189 -- [2398  850]
3192 -- [ 792 3092]
3199 -- [ 168 1933]
3200 -- [3247  635]
3204 -- [3138  497]
3209 -- [3154  690]
3211 -- [3003 1517]
3220 -- [2970 1201]
3221 -- [4149 1537]
3226 -- [3401    8]
3227 -- [3660  229]
3228 -- [ 993 2066]
3230 -- [3035  249]
3231 -- [1386 2506]
3232 -- [ 240 2754]
3233 -- [1245 3869]
3237 -- [1599 4196]
3239 -- [2856  312]
3241 -- [1710 2360]
3244 -- [2164  948]
3245 -- [ 469 1966]
3246 -- [2153 1355]
3249 -- [3085  160]
3251 -- [2836   86]
3253 -- [3225  476]
3254 -- [1695 3123]
3255 -- [1221 4226]
3257 -- [ 831 3378]
3258 -- [ 481 2942]
3265 -- [1852   41]
3266 -- [2174  730]
3267 -- [1087 2419]
3270 -- [ 192 3739]
3272 -- [   9 2414]
3276 -- [ 824 3652]
3277 -- [ 999 3217]
3278 -- [ 918 2727]
3281 -- [ 436 3131]
3288 -- [ 257 4265]
3290 -- [1186 4429]
3295 -- [1877 1424]
3296 -- [3075  860]
3298 -- [4003  329]
3299 -- [3766  597]
3300 -- [ 139 3826]
3301 -- [1774 4330]
3304 -- [2930  959]
3307 -- [1392 2856]
3308 -- [ 924 3366]
3312 -- [2560 1174]
3314 -- [1765 4306]
3317 -- [ 500 1874]
3318 -- [4286 1511]
3319 -- [1352 3958]
7 -time: 0.02065 -dim: (11172, 2)
8 -time: 0.00014 -dim: (7, 57)
9 -time: 3.90465 -dim: (1835400, 3)
10 -time: 5.49955 -dim: (1730141, 3)
11_12 -time: 0.19106 -dim: [110424, 2]
13 -time: 0.07617 -dim: (36808, 4)
14_15 -time: 0.03318 -dim: [798, 2]
16 -time: 0.00001 -dim: (0, 2)
17_18 -time: 0.35978 -dim: [73616, 3]
19 -time: 0.00009 -dim: (1, 1)
20 -time: 0.22412 -dim: (0, 4601)
21 -time: 0.00077 -dim: (1, 4601)
22 -time: 0.00007 -dim: (3321, 3)
23 -time: 0.00003 -dim: (3321, 3)
24 -time: 0.00004 -dim: (0, 5)
25 -time: 0.00007 -dim: (3580, 3)
26 -time: 0.00005 -dim: (3580, 3)
smtPr 22-26 -time: 0.02133 -dim: nan
slvr_header -time: 1.40712 -dim: nan
*solver* -time: 900.10203 -dim: nan
res_read -time: 0.07967 -dim: nan
-- SUM CL TIME: 10.33176          |  SUM other TIME: 901.58882          |  SUM TIME: 911.92058
