num branch_node: 7
num leaf_node: 8
num feature: 57
tree_depth: 3
num label: 2
nDC: 2432

***variables
a: 1 - 399 -> 399
s: 400 - 32606 -> 32207
z: 32607 - 69414 -> 36808
g: 69415 - 69430 -> 16
x: 69431 - 78632 -> 9202
ml: 78633 - 79867 -> 1235
cl: 79868 - 80932 -> 1065

variables***
[debug] --> CL ML ratio 5
the cl header --> p wcnf 80932 3805268 6561

timeout 900s ~/SAT_Project/loandra-master/loandra_static -pmreslin-cglim=30 -weight-strategy=1 -print-model -verbosity=1 ./solutions/spam_0.1_mc0.5_s2352_r5/phase_1_clauses_final >./solutions/spam_0.1_mc0.5_s2352_r5/phase_1_loandra_res

Start to read loandra res
*loandra status: SATISFIABLE
-ml sat and violated: 891 | 344  | total #ml: 1235 | -violated weight: 344
1 -- [2919 3655]
2 -- [2328 2205]
8 -- [3278 1942]
16 -- [2348 4117]
20 -- [2478 2041]
26 -- [2605 3876]
37 -- [3401 3932]
39 -- [4336 2693]
40 -- [3301 4353]
41 -- [4312 3456]
42 -- [1786 1125]
46 -- [3057 4194]
52 -- [3731 4222]
53 -- [3785 3696]
54 -- [3241 2582]
61 -- [144 881]
62 -- [4121 3505]
65 -- [4372 3299]
66 -- [ 379 1463]
70 -- [4166 2495]
71 -- [4242 3175]
72 -- [3064 3685]
76 -- [4198 3814]
83 -- [1938 2938]
84 -- [3334 3996]
85 -- [3922 2595]
89 -- [3454 3928]
91 -- [251 270]
95 -- [3798 2479]
97 -- [4047 3616]
99 -- [2851 2165]
102 -- [4535 2902]
104 -- [3164 4271]
105 -- [3361 4384]
108 -- [2874 3097]
109 -- [1230  305]
124 -- [138 199]
129 -- [4472 2941]
132 -- [2685 4483]
134 -- [ 490 1020]
136 -- [4097 4430]
137 -- [3855 1846]
138 -- [3220 2144]
142 -- [2137 4562]
144 -- [3761 2780]
157 -- [  57 1229]
158 -- [4399 3046]
162 -- [ 549 1040]
165 -- [2016 4514]
166 -- [3432 3933]
170 -- [271 792]
174 -- [4472 3464]
179 -- [3142 2447]
181 -- [3584 4308]
184 -- [  67 1748]
189 -- [3642 2326]
190 -- [505 346]
192 -- [ 371 1558]
198 -- [2799 4046]
199 -- [3916 2594]
201 -- [  57 1025]
202 -- [742 193]
203 -- [2278 1853]
204 -- [2381 2554]
207 -- [ 152 1226]
213 -- [294 742]
222 -- [3720 4117]
226 -- [4568 4009]
231 -- [1754  711]
233 -- [403  26]
234 -- [4299 4053]
235 -- [3141 4189]
237 -- [4388 4025]
238 -- [2661 1888]
244 -- [4288 2631]
246 -- [3430 4519]
249 -- [4467 4038]
250 -- [4033 4150]
254 -- [1985 3657]
257 -- [3307 4426]
258 -- [4383 2469]
264 -- [4182 3899]
265 -- [2681 2345]
268 -- [4326 2039]
269 -- [2735 2386]
275 -- [2838 2416]
278 -- [2965 2110]
280 -- [4268 3982]
282 -- [3368 4112]
283 -- [2783 3596]
284 -- [2680 2838]
285 -- [4416 3034]
287 -- [2834 3748]
290 -- [ 133 1094]
291 -- [4347 4099]
297 -- [3730 3741]
301 -- [2827 4435]
303 -- [552 269]
307 -- [4338 4079]
309 -- [1227 1292]
312 -- [2188 3158]
313 -- [3737 4308]
314 -- [2442 1954]
316 -- [3997 4560]
332 -- [2823 3875]
333 -- [1555 1727]
335 -- [4139 2843]
337 -- [4445 2323]
343 -- [4339 3565]
346 -- [3731 3541]
348 -- [2504 1902]
351 -- [1048 1387]
354 -- [4565 2725]
356 -- [3188 4446]
367 -- [1967 4465]
374 -- [3187 4245]
379 -- [268 658]
380 -- [1194 1622]
387 -- [3842 2452]
391 -- [3071 4164]
398 -- [2280 3805]
404 -- [2194 4461]
406 -- [3293 4061]
407 -- [3272 4257]
408 -- [4195 2532]
411 -- [ 110 1608]
419 -- [3792 3491]
420 -- [1542  855]
421 -- [3703 1877]
424 -- [3345 3375]
433 -- [1138 1563]
435 -- [2804 3738]
439 -- [1803 1721]
441 -- [3544 2362]
443 -- [4166 3280]
445 -- [1175 1307]
450 -- [ 423 1543]
451 -- [2323 2141]
453 -- [2370 3864]
456 -- [2995 3665]
471 -- [4121 2495]
491 -- [1641 1481]
493 -- [4118 2403]
499 -- [4399 3100]
500 -- [ 943 1781]
503 -- [3733 1927]
507 -- [402 459]
510 -- [3428 2963]
513 -- [1745 1685]
517 -- [2461 1898]
518 -- [4443 3778]
521 -- [403 525]
523 -- [3350 2320]
525 -- [852 543]
531 -- [2826 2959]
537 -- [2342 4011]
539 -- [2588 4575]
541 -- [403 620]
548 -- [1986 1934]
552 -- [829 358]
553 -- [2390 2498]
554 -- [4012 3696]
555 -- [3439 2368]
556 -- [4441 3540]
557 -- [3943 2912]
559 -- [ 489 1049]
562 -- [1954 2567]
568 -- [1642 1753]
572 -- [2772 2508]
573 -- [4553 3273]
580 -- [2840 4232]
582 -- [4312 2105]
592 -- [2892 4203]
593 -- [1951 3156]
595 -- [2540 2209]
597 -- [2910 4161]
602 -- [4260 2876]
604 -- [3289 4076]
607 -- [3280 3905]
610 -- [2764 2809]
613 -- [1900 3241]
614 -- [3662 4416]
617 -- [3918 2096]
620 -- [3329 3233]
623 -- [3775 2701]
627 -- [4261 2260]
628 -- [ 719 1545]
630 -- [4522 2146]
632 -- [2643 4239]
638 -- [2701 3834]
645 -- [693 152]
650 -- [3703 3797]
653 -- [2163 2588]
664 -- [4527 2088]
666 -- [1058  441]
676 -- [2112 3267]
681 -- [2043 2150]
684 -- [2639 2182]
685 -- [699 271]
689 -- [3352 2237]
695 -- [2029 2920]
697 -- [2631 4442]
703 -- [2323 3897]
704 -- [2133 3897]
705 -- [3499 3821]
709 -- [4507 4166]
711 -- [1599 1110]
715 -- [4183 2709]
717 -- [3765 3829]
724 -- [4265 2797]
734 -- [1173 1433]
735 -- [4336 1952]
737 -- [4405 3233]
743 -- [4464 3741]
746 -- [4241 1846]
748 -- [4337 3483]
749 -- [880 110]
753 -- [2353 2809]
755 -- [4394 3125]
756 -- [4374 4158]
775 -- [3441 2830]
782 -- [1969 3510]
785 -- [3782 4030]
788 -- [2837 4334]
790 -- [4513 3134]
792 -- [1091  687]
797 -- [4134 2284]
799 -- [3780 4432]
801 -- [2332 4445]
806 -- [3376 4384]
807 -- [4358 3026]
811 -- [2134 4102]
827 -- [4297 2853]
833 -- [2770 4004]
834 -- [1415 1512]
835 -- [2188 2010]
838 -- [2540 1923]
840 -- [2617 3719]
842 -- [4590 2424]
844 -- [3823 4579]
850 -- [3738 4346]
851 -- [2032 3160]
852 -- [4465 3569]
856 -- [3273 2606]
859 -- [2459 1981]
864 -- [3109 3875]
869 -- [4459 2718]
885 -- [3480 1834]
887 -- [3273 2343]
891 -- [ 626 1234]
897 -- [4171 3746]
898 -- [4087 4243]
902 -- [3519 3160]
907 -- [2168 4356]
914 -- [1998 4139]
916 -- [2474 4312]
922 -- [4527 1854]
931 -- [4169 4286]
933 -- [184 628]
935 -- [4075 2823]
941 -- [3918 3853]
942 -- [1167  326]
952 -- [4420 3320]
963 -- [1314  711]
964 -- [4458 3972]
966 -- [2912 3688]
967 -- [3484 4201]
970 -- [2540 2932]
972 -- [2837 3173]
973 -- [3959 4399]
977 -- [2018 4305]
982 -- [4155 1850]
988 -- [4133 2392]
990 -- [4415 3009]
1002 -- [3229 4338]
1003 -- [4112 3694]
1008 -- [2473 3233]
1010 -- [102 396]
1012 -- [4187 2096]
1013 -- [287 595]
1014 -- [4421 3652]
1016 -- [4177 3976]
1017 -- [2580 4056]
1020 -- [3362 2237]
1025 -- [1643 1463]
1027 -- [1936 2851]
1028 -- [2954 4392]
1029 -- [3616 4579]
1030 -- [4156 2790]
1032 -- [1192  556]
1035 -- [4186 2114]
1036 -- [1305 1716]
1037 -- [2175 4357]
1052 -- [3368 4326]
1057 -- [ 325 1673]
1065 -- [3317 2855]
1066 -- [ 35 716]
1067 -- [431 677]
1077 -- [4145 2388]
1079 -- [4554 4177]
1083 -- [3440 3252]
1086 -- [3392 4134]
1088 -- [2378 4435]
1093 -- [2136 4533]
1096 -- [625 810]
1103 -- [2300 4339]
1106 -- [3634 3719]
1110 -- [4384 3409]
1112 -- [2382 2033]
1113 -- [1858 4311]
1118 -- [2411 3714]
1123 -- [4199 2801]
1125 -- [2336 3119]
1126 -- [4104 2917]
1128 -- [4155 4369]
1133 -- [3227 4233]
1134 -- [ 357 1289]
1135 -- [2884 4332]
1138 -- [3897 2865]
1141 -- [4299 4095]
1143 -- [2511 2611]
1144 -- [3461 3622]
1151 -- [3178 3733]
1154 -- [2388 2931]
1155 -- [3501 2464]
1158 -- [2868 1869]
1159 -- [1859 2746]
1160 -- [2794 4266]
1161 -- [2367 3308]
1175 -- [2841 1813]
1181 -- [2557 4297]
1185 -- [2232 2120]
1187 -- [4236 4383]
1193 -- [2743 4415]
1194 -- [4528 2866]
1201 -- [ 53 478]
1202 -- [1586  936]
1203 -- [4190 4401]
1207 -- [3214 4048]
1208 -- [1382  959]
1209 -- [2936 2468]
1212 -- [1383   23]
1221 -- [4178 3143]
1228 -- [3946 3422]
-cl sat and violated: 807 | 258  | total #cl: 1065 | -violated weight: 1290
14 -- [2211 1803]
17 -- [3738  700]
21 -- [2661  850]
37 -- [1239 4398]
43 -- [1086 4270]
44 -- [1050 2643]
52 -- [1236 4493]
65 -- [3996 1592]
80 -- [4510 1201]
89 -- [ 708 3155]
96 -- [1712 4341]
106 -- [3309 1311]
107 -- [3510  912]
108 -- [1231 3443]
112 -- [4108 1745]
116 -- [2036  679]
123 -- [ 748 1950]
125 -- [3733   86]
128 -- [4190  324]
139 -- [ 419 2419]
140 -- [3906 1548]
142 -- [2643 1544]
153 -- [ 592 3225]
159 -- [ 652 4209]
168 -- [3938  504]
171 -- [1513 2987]
173 -- [4411  386]
176 -- [ 948 2381]
178 -- [ 399 2387]
180 -- [1462 1819]
190 -- [4535 1612]
193 -- [ 713 2841]
200 -- [ 644 4565]
205 -- [3441  376]
208 -- [1280 4186]
209 -- [2419 1443]
210 -- [1887 1700]
212 -- [2773  287]
213 -- [ 804 4527]
218 -- [ 801 4275]
220 -- [2703  378]
224 -- [4579  580]
228 -- [1440 4430]
235 -- [1672 4495]
237 -- [ 376 2931]
241 -- [3481  722]
244 -- [3184  187]
246 -- [2028 1109]
248 -- [ 631 1838]
255 -- [2734  381]
258 -- [4486 1730]
259 -- [4426 1485]
265 -- [1332 2063]
268 -- [2181 1561]
271 -- [ 337 1967]
275 -- [1015 3200]
277 -- [2751 1726]
282 -- [3892  216]
284 -- [ 647 4161]
286 -- [4410 1553]
289 -- [ 990 2844]
292 -- [ 459 4192]
296 -- [ 401 2580]
297 -- [ 839 4372]
300 -- [4180   87]
307 -- [4415  122]
310 -- [2189   43]
312 -- [3031  360]
313 -- [1086 2326]
323 -- [3499  773]
326 -- [3317 1603]
331 -- [ 980 2328]
333 -- [4343 1460]
338 -- [ 519 3949]
343 -- [1206 2831]
347 -- [ 964 4338]
350 -- [ 926 3018]
351 -- [2809 1772]
355 -- [1136 4323]
360 -- [4244  427]
364 -- [3847 1241]
373 -- [4004  807]
374 -- [1999  250]
377 -- [1646 2071]
379 -- [3691  815]
384 -- [ 664 4139]
387 -- [4583  263]
390 -- [ 586 3549]
393 -- [1323 2595]
397 -- [2166 1185]
398 -- [4323 1409]
400 -- [ 666 2490]
404 -- [3220 1269]
410 -- [1774 3628]
414 -- [4167  571]
418 -- [ 923 3005]
424 -- [1325 3201]
429 -- [4434  151]
430 -- [3805 1614]
434 -- [ 462 1813]
435 -- [ 242 2459]
437 -- [ 478 4550]
438 -- [ 198 3061]
439 -- [ 773 3061]
440 -- [1883  176]
446 -- [1942 1096]
447 -- [1552 2823]
448 -- [2364  287]
452 -- [4011  841]
454 -- [ 380 4446]
462 -- [1433 4292]
466 -- [1934  314]
470 -- [1471 3799]
478 -- [4341  709]
486 -- [3496 1762]
494 -- [1351 4511]
495 -- [3201  674]
496 -- [2550  491]
497 -- [1518 3731]
504 -- [ 423 2781]
506 -- [1931 1759]
515 -- [4218 1775]
516 -- [1127 4532]
517 -- [3016  545]
523 -- [1586 3989]
529 -- [4297 1479]
532 -- [1585 3938]
536 -- [ 656 2301]
541 -- [2496  423]
543 -- [4431  909]
545 -- [  17 3116]
557 -- [ 310 4223]
564 -- [ 585 2595]
568 -- [2845  381]
576 -- [1902 1780]
585 -- [3574  484]
593 -- [ 982 3449]
598 -- [ 945 3440]
599 -- [1745 3746]
602 -- [2217 1110]
609 -- [ 569 2615]
611 -- [ 326 3152]
613 -- [3894  580]
620 -- [3713 1174]
623 -- [1902 1560]
641 -- [3113  497]
643 -- [2122 1645]
644 -- [2557  453]
646 -- [3004  333]
648 -- [2783  171]
653 -- [3320 1671]
656 -- [1106 4454]
657 -- [2301  314]
664 -- [4260 1383]
667 -- [4550  661]
668 -- [1357 2259]
680 -- [2026 1524]
681 -- [3345 1334]
697 -- [3472 1473]
699 -- [ 841 3391]
704 -- [2390  196]
705 -- [4047 1435]
706 -- [1542 2826]
710 -- [ 614 4133]
715 -- [ 334 2563]
720 -- [1109 3245]
721 -- [  23 2614]
724 -- [2803 1350]
727 -- [4183  546]
730 -- [4461 1504]
732 -- [2175 1483]
740 -- [ 552 4126]
744 -- [3558  672]
757 -- [1493 4047]
758 -- [1803 4027]
761 -- [1789 4483]
763 -- [ 779 3955]
767 -- [1430 4265]
770 -- [ 627 4245]
771 -- [ 441 3579]
778 -- [3416  994]
781 -- [4438 1270]
787 -- [1237 4269]
788 -- [ 964 3269]
793 -- [1560 3241]
794 -- [1379 4409]
798 -- [2738  438]
802 -- [1538 4271]
804 -- [ 864 3949]
807 -- [ 441 3244]
814 -- [2245  798]
817 -- [4162  818]
819 -- [1478 1828]
837 -- [3984 1234]
846 -- [ 461 4165]
849 -- [ 286 1977]
858 -- [4312  571]
859 -- [4579  707]
872 -- [4047 1013]
873 -- [3761  235]
874 -- [ 471 3132]
875 -- [1600 4437]
877 -- [1206 3066]
878 -- [ 249 3235]
887 -- [2642  325]
890 -- [  11 4439]
893 -- [3061 1106]
899 -- [ 803 1942]
902 -- [4363  458]
904 -- [1578 2074]
905 -- [2328  612]
908 -- [ 296 3765]
911 -- [4397 1759]
914 -- [ 800 2783]
918 -- [ 234 3996]
919 -- [1094 2603]
922 -- [1388 2947]
924 -- [1942   66]
933 -- [ 638 2461]
940 -- [3064 1316]
944 -- [3893  399]
945 -- [1973  621]
946 -- [4002  138]
953 -- [ 140 4145]
957 -- [ 999 4347]
959 -- [1077 4583]
960 -- [3118  268]
964 -- [4557  533]
969 -- [ 148 3064]
971 -- [ 466 2362]
972 -- [2676  643]
973 -- [1421 2837]
975 -- [1933  858]
976 -- [1408 2259]
982 -- [1986  345]
983 -- [1695 3787]
991 -- [2802  918]
992 -- [1435 4357]
998 -- [4269   93]
1001 -- [ 453 2472]
1002 -- [4213  252]
1009 -- [2580  706]
1011 -- [1432 2837]
1013 -- [1865  481]
1017 -- [ 894 1847]
1020 -- [1041 3068]
1021 -- [3309 1322]
1029 -- [3485 1111]
1032 -- [4259 1149]
1033 -- [1417 2575]
1034 -- [ 378 3402]
1037 -- [1562 2757]
1040 -- [2137  228]
1043 -- [  33 2551]
1044 -- [4321 1028]
1046 -- [1404 4201]
1049 -- [3345 1465]
1060 -- [ 545 3213]
7 -time: 0.02233 -dim: (11172, 2)
8 -time: 0.00014 -dim: (7, 57)
9 -time: 4.10384 -dim: (1835400, 3)
10 -time: 5.89685 -dim: (1730141, 3)
11_12 -time: 0.20088 -dim: [110424, 2]
13 -time: 0.07899 -dim: (36808, 4)
14_15 -time: 0.03423 -dim: [798, 2]
16 -time: 0.00002 -dim: (0, 2)
17_18 -time: 0.38836 -dim: [73616, 3]
19 -time: 0.00011 -dim: (1, 1)
20 -time: 0.24060 -dim: (0, 4601)
21 -time: 0.00089 -dim: (1, 4601)
22 -time: 0.00005 -dim: (1065, 3)
23 -time: 0.00002 -dim: (1065, 3)
24 -time: 0.00003 -dim: (0, 5)
25 -time: 0.00004 -dim: (1235, 3)
26 -time: 0.00003 -dim: (1235, 3)
smtPr 22-26 -time: 0.00754 -dim: nan
slvr_header -time: 1.41297 -dim: nan
*solver* -time: 900.05444 -dim: nan
res_read -time: 0.03686 -dim: nan
-- SUM CL TIME: 10.97495          |  SUM other TIME: 901.50427          |  SUM TIME: 912.47922
