num branch_node: 7
num leaf_node: 8
num feature: 57
tree_depth: 3
num label: 2
nDC: 2432

***variables
a: 1 - 399 -> 399
s: 400 - 32606 -> 32207
z: 32607 - 69414 -> 36808
g: 69415 - 69430 -> 16
x: 69431 - 78632 -> 9202
ml: 78633 - 83506 -> 4874
cl: 83507 - 87834 -> 4328

variables***
[debug] --> CL ML ratio 1
the cl header --> p wcnf 87834 3825974 9203

timeout 900s ~/SAT_Project/loandra-master/loandra_static -pmreslin-cglim=30 -weight-strategy=1 -print-model -verbosity=1 ./solutions/spam_0.1_mc2.0_s2352_r1/phase_1_clauses_final >./solutions/spam_0.1_mc2.0_s2352_r1/phase_1_loandra_res

Start to read loandra res
*loandra status: SATISFIABLE
-ml sat and violated: 4372 | 502  | total #ml: 4874 | -violated weight: 502
15 -- [1508 1032]
23 -- [154 247]
27 -- [1683 1778]
59 -- [842 867]
61 -- [144 881]
66 -- [ 379 1463]
73 -- [1535 1138]
93 -- [1719 1153]
101 -- [433 592]
113 -- [ 750 1594]
116 -- [635   6]
120 -- [1798  628]
138 -- [3220 2144]
139 -- [ 929 1714]
149 -- [1405  189]
156 -- [3108 2135]
157 -- [  57 1229]
169 -- [ 607 1405]
177 -- [1760  233]
188 -- [1754 1258]
190 -- [505 346]
192 -- [ 371 1558]
201 -- [  57 1025]
216 -- [3402 2184]
231 -- [1754  711]
244 -- [4288 2631]
247 -- [4082 2663]
268 -- [4326 2039]
273 -- [723 646]
288 -- [ 703 1656]
292 -- [2040 3939]
293 -- [ 569 1611]
296 -- [ 444 1293]
297 -- [3730 3741]
305 -- [1299 1224]
308 -- [1578 1307]
324 -- [1692  871]
330 -- [1640 1578]
354 -- [4565 2725]
362 -- [ 352 1560]
364 -- [2581 3108]
366 -- [2978 2649]
381 -- [ 852 1421]
395 -- [2144 2304]
406 -- [3293 4061]
408 -- [4195 2532]
410 -- [ 987 1497]
412 -- [3108 3191]
454 -- [1428  331]
482 -- [1623  178]
485 -- [ 68 227]
498 -- [4463 3986]
500 -- [ 943 1781]
509 -- [4363 2661]
530 -- [ 607 1802]
551 -- [665 511]
552 -- [829 358]
557 -- [3943 2912]
558 -- [3698 4405]
559 -- [ 489 1049]
571 -- [1610 1502]
577 -- [ 851 1670]
608 -- [4163 3358]
628 -- [ 719 1545]
634 -- [1488 1005]
654 -- [ 245 1752]
691 -- [714 200]
714 -- [1056  519]
729 -- [930 703]
743 -- [4464 3741]
757 -- [3983 4026]
770 -- [ 703 1290]
771 -- [4489 2027]
778 -- [1372  714]
803 -- [ 597 1220]
817 -- [899 338]
820 -- [1354 1761]
868 -- [2971 2818]
900 -- [1523  605]
924 -- [1245  550]
929 -- [628 860]
933 -- [184 628]
934 -- [ 987 1060]
963 -- [1314  711]
968 -- [1412 1376]
975 -- [ 861 1655]
988 -- [4133 2392]
1010 -- [102 396]
1018 -- [4351 2572]
1041 -- [3929 4210]
1052 -- [3368 4326]
1056 -- [485 905]
1058 -- [295 208]
1062 -- [1092  605]
1068 -- [3698 3863]
1070 -- [548  28]
1088 -- [2378 4435]
1095 -- [1508  732]
1096 -- [625 810]
1099 -- [1612   74]
1102 -- [  87 1723]
1124 -- [4010 4175]
1140 -- [1502 1341]
1147 -- [1228  291]
1160 -- [2794 4266]
1179 -- [ 285 1147]
1204 -- [1218  913]
1208 -- [1382  959]
1239 -- [789 829]
1283 -- [187 207]
1284 -- [456 635]
1286 -- [4352 4171]
1292 -- [2755 3071]
1305 -- [ 446 1452]
1313 -- [ 20 226]
1314 -- [ 672 1806]
1343 -- [3892 2972]
1347 -- [199 826]
1354 -- [168 672]
1363 -- [3835 3108]
1380 -- [ 317 1446]
1384 -- [3419 4288]
1396 -- [2572 1946]
1397 -- [1767 1379]
1410 -- [1653 1761]
1415 -- [1676  618]
1436 -- [3029 2755]
1441 -- [2219 2985]
1450 -- [ 215 1453]
1455 -- [1376  562]
1459 -- [ 591 1414]
1470 -- [1489  100]
1471 -- [3612 4325]
1495 -- [1525  111]
1500 -- [ 539 1194]
1502 -- [2299 2495]
1507 -- [1180  385]
1540 -- [2572 3846]
1553 -- [1669  720]
1561 -- [294 301]
1573 -- [3828 2144]
1578 -- [1885 4133]
1588 -- [2527 3105]
1596 -- [665 980]
1597 -- [3698 3714]
1598 -- [1811 1624]
1608 -- [1245  106]
1618 -- [2555 2378]
1633 -- [ 349 1101]
1655 -- [4390 4519]
1683 -- [984 709]
1687 -- [ 899 1151]
1706 -- [3062 4195]
1709 -- [476  88]
1710 -- [1047  877]
1729 -- [1140  349]
1742 -- [ 744 1506]
1758 -- [ 686 1211]
1780 -- [1761  766]
1796 -- [3484 2378]
1814 -- [1113  105]
1820 -- [ 704 1407]
1822 -- [4598 3963]
1841 -- [2238 2184]
1848 -- [1351 1389]
1850 -- [1228 1369]
1853 -- [1195 1113]
1857 -- [1052  665]
1863 -- [1604  514]
1898 -- [2623 4082]
1901 -- [  34 1655]
1907 -- [ 124 1506]
1926 -- [ 867 1410]
1948 -- [819 430]
1950 -- [ 228 1676]
1969 -- [1491 1788]
1990 -- [1314  659]
1992 -- [4210 3907]
1996 -- [ 961 1810]
2026 -- [ 924 1376]
2031 -- [714 319]
2036 -- [2467 4061]
2044 -- [1225 1692]
2045 -- [1929 3730]
2047 -- [1760 1772]
2049 -- [1482  841]
2050 -- [4082 3119]
2060 -- [1692  313]
2062 -- [ 381 1562]
2084 -- [1452  987]
2088 -- [659 444]
2113 -- [ 565 1114]
2123 -- [1650  665]
2134 -- [789 966]
2136 -- [1016  178]
2138 -- [ 191 1150]
2143 -- [1807 1279]
2165 -- [470 869]
2172 -- [3320 4210]
2183 -- [ 862 1114]
2188 -- [4216 4209]
2190 -- [1088 1302]
2192 -- [767 313]
2197 -- [ 564 1758]
2210 -- [1806 1027]
2228 -- [813 867]
2230 -- [ 285 1671]
2234 -- [1620 1362]
2240 -- [ 357 1767]
2241 -- [ 405 1298]
2244 -- [349   7]
2247 -- [1535  587]
2253 -- [1798  635]
2268 -- [352 432]
2282 -- [ 796 1769]
2290 -- [2144 3228]
2300 -- [3698 3999]
2303 -- [1224 1239]
2314 -- [1145  236]
2317 -- [1398 1047]
2318 -- [4214 4486]
2323 -- [ 12 844]
2329 -- [ 434 1293]
2334 -- [ 371 1189]
2380 -- [ 875 1493]
2384 -- [2518 4288]
2386 -- [4352 2649]
2392 -- [1940 4393]
2400 -- [855 841]
2403 -- [1613 1442]
2405 -- [2249 2434]
2410 -- [2376 3358]
2443 -- [ 708 1301]
2452 -- [ 966 1803]
2467 -- [1539 1530]
2468 -- [602 208]
2479 -- [4175 3751]
2483 -- [4175 2410]
2485 -- [ 825 1013]
2508 -- [1731  964]
2518 -- [355 231]
2519 -- [3461 2299]
2522 -- [2850 2222]
2529 -- [  14 1666]
2536 -- [3867 1943]
2549 -- [3894 2543]
2565 -- [369  43]
2586 -- [ 788 1164]
2589 -- [2603 2486]
2591 -- [1295  959]
2602 -- [ 76 429]
2606 -- [3910 4175]
2610 -- [509 968]
2612 -- [ 195 1100]
2617 -- [ 404 1619]
2620 -- [4214 4054]
2644 -- [ 379 1335]
2658 -- [1572 1040]
2679 -- [4041 3395]
2691 -- [1537  804]
2693 -- [337 260]
2700 -- [974 514]
2705 -- [ 984 1713]
2717 -- [960 929]
2722 -- [1303 1249]
2727 -- [2382 4427]
2734 -- [4577 4427]
2740 -- [223 369]
2749 -- [2238 1851]
2750 -- [3807 3556]
2763 -- [1338  599]
2787 -- [ 57 771]
2791 -- [1104 1413]
2798 -- [1738  354]
2804 -- [1298 1308]
2806 -- [ 63 901]
2809 -- [1693 1765]
2816 -- [2378 3604]
2818 -- [2707 2603]
2823 -- [597 493]
2824 -- [ 974 1045]
2825 -- [1056 1747]
2857 -- [4466 4210]
2871 -- [1104 1135]
2874 -- [ 108 1088]
2875 -- [ 965 1107]
2886 -- [4463 4356]
2904 -- [3963 2415]
2906 -- [ 301 1046]
2909 -- [4390 2300]
2916 -- [ 467 1309]
2919 -- [958 975]
2942 -- [3627 4464]
2944 -- [1451 1604]
2947 -- [ 63 712]
2962 -- [1049 1505]
2968 -- [1567 1285]
2971 -- [4325 3533]
2972 -- [4558 2201]
2975 -- [1606  355]
3001 -- [1786  564]
3006 -- [ 899 1402]
3013 -- [2293 4393]
3015 -- [1173  708]
3023 -- [577 941]
3027 -- [1142   64]
3030 -- [3391 2144]
3056 -- [4026 3242]
3069 -- [3584 4082]
3071 -- [3120 4390]
3073 -- [1224   94]
3078 -- [1224 1382]
3096 -- [ 343 1743]
3097 -- [ 886 1228]
3112 -- [2985 3814]
3117 -- [ 307 1398]
3119 -- [3632 4288]
3130 -- [710 155]
3133 -- [ 88 944]
3135 -- [2572 3937]
3139 -- [1057 1338]
3141 -- [1338  569]
3179 -- [2199 4175]
3184 -- [ 851 1704]
3191 -- [3762 4583]
3201 -- [4190 2499]
3202 -- [ 572 1113]
3213 -- [4279 2259]
3220 -- [926  14]
3229 -- [511 720]
3260 -- [1651 1234]
3265 -- [207 985]
3289 -- [4109 4133]
3292 -- [684 378]
3308 -- [1751  215]
3311 -- [2201 2076]
3319 -- [ 500 1127]
3338 -- [3545 4082]
3347 -- [1801 1719]
3358 -- [ 557 1386]
3363 -- [337 228]
3366 -- [639 692]
3378 -- [4175 3646]
3389 -- [3963 1909]
3406 -- [1537 1432]
3415 -- [ 112 1113]
3418 -- [1468  331]
3419 -- [3018 3845]
3422 -- [1502 1457]
3437 -- [ 597 1443]
3445 -- [4146 2249]
3453 -- [  38 1126]
3454 -- [680 703]
3460 -- [1027  408]
3479 -- [1015  333]
3511 -- [929 823]
3513 -- [520 891]
3516 -- [3146 4133]
3523 -- [1743  164]
3524 -- [3358 1975]
3528 -- [1520  177]
3542 -- [2858 3402]
3547 -- [4325 4294]
3556 -- [ 179 1619]
3567 -- [3295 3041]
3569 -- [ 696 1279]
3614 -- [ 285 1300]
3616 -- [ 740 1470]
3632 -- [  57 1261]
3637 -- [867 552]
3642 -- [ 433 1707]
3644 -- [3421 2517]
3648 -- [1088 1287]
3649 -- [667 869]
3655 -- [ 289 1056]
3660 -- [4446 3105]
3662 -- [1569  867]
3675 -- [3317 2259]
3680 -- [1530   35]
3685 -- [4137 3027]
3686 -- [695 850]
3692 -- [2375 2750]
3699 -- [ 815 1730]
3719 -- [1506  592]
3720 -- [3009 3027]
3722 -- [1715   45]
3748 -- [1534 1444]
3768 -- [3757 1907]
3787 -- [444 218]
3792 -- [ 306 1793]
3813 -- [ 641 1071]
3817 -- [706 984]
3826 -- [178 871]
3828 -- [4384 3108]
3863 -- [1313  256]
3865 -- [726 792]
3866 -- [ 732 1765]
3886 -- [ 100 1750]
3897 -- [1044  155]
3904 -- [233 637]
3908 -- [ 19 817]
3911 -- [379 368]
3918 -- [4363 2913]
3921 -- [ 369 1233]
3924 -- [106  39]
3926 -- [4326 2300]
3927 -- [ 99 788]
3928 -- [956 850]
3931 -- [230 658]
3947 -- [2279 2457]
3948 -- [1506 1225]
3952 -- [ 10 218]
3964 -- [1121 1056]
3968 -- [1307 1491]
3977 -- [1608 1679]
4043 -- [1491 1563]
4052 -- [3768 2378]
4075 -- [ 78 943]
4086 -- [1907 4049]
4088 -- [1603  373]
4090 -- [984 327]
4110 -- [1280 1239]
4113 -- [ 933 1262]
4126 -- [4214 3409]
4128 -- [2021 2499]
4134 -- [2249 3471]
4143 -- [1692   21]
4151 -- [667 585]
4153 -- [1578 1128]
4154 -- [1578  532]
4155 -- [1047  337]
4158 -- [   6 1676]
4163 -- [589 975]
4168 -- [ 180 1005]
4174 -- [144 592]
4188 -- [4532 3972]
4221 -- [618 355]
4230 -- [1671  713]
4231 -- [1005  509]
4232 -- [1524 1484]
4259 -- [1423 1508]
4267 -- [1165 1113]
4272 -- [2196 3978]
4283 -- [1505  264]
4289 -- [1127 1186]
4292 -- [   0 1115]
4311 -- [  97 1763]
4312 -- [1828 4553]
4327 -- [4325 2033]
4337 -- [  76 1122]
4343 -- [788 724]
4347 -- [1676 1615]
4373 -- [ 843 1743]
4375 -- [ 396 1268]
4387 -- [1164 1481]
4388 -- [4393 4065]
4390 -- [4198 3027]
4393 -- [3397 4175]
4398 -- [ 239 1497]
4406 -- [285  97]
4414 -- [1520  895]
4438 -- [3041 3379]
4442 -- [3611 4167]
4451 -- [1743  310]
4462 -- [4449 3730]
4469 -- [643 427]
4473 -- [2846 2327]
4485 -- [3402 3036]
4495 -- [2696 2572]
4512 -- [708 927]
4516 -- [581 697]
4530 -- [1716  349]
4531 -- [4363 3604]
4536 -- [ 379 1234]
4568 -- [3656 2850]
4585 -- [1233  199]
4594 -- [1738 1314]
4600 -- [2448 4041]
4606 -- [786 522]
4608 -- [1497 1789]
4620 -- [4445 2850]
4629 -- [488 810]
4638 -- [2249 4369]
4641 -- [1164  294]
4644 -- [1443   39]
4654 -- [1285 1440]
4671 -- [2776 4061]
4690 -- [1888 3108]
4700 -- [1473 1228]
4704 -- [866 943]
4714 -- [ 83 253]
4732 -- [1571 1719]
4743 -- [964 784]
4790 -- [2388 3730]
4823 -- [721 194]
4826 -- [ 506 1309]
4829 -- [1236  690]
4840 -- [1657 1560]
4846 -- [566 752]
4858 -- [909 430]
4871 -- [1127   84]
4873 -- [1104 1808]
-cl sat and violated: 699 | 3629  | total #cl: 4328 | -violated weight: 3629
0 -- [3023  377]
1 -- [ 257 3911]
2 -- [1687 3645]
4 -- [ 676 4005]
5 -- [2991  819]
7 -- [4236 1498]
9 -- [2161 1323]
10 -- [2601  459]
12 -- [3254  544]
13 -- [ 783 2451]
14 -- [2211 1803]
15 -- [2674 1498]
16 -- [3518 1363]
17 -- [3738  700]
18 -- [1314 2569]
20 -- [2904  558]
23 -- [1964  739]
24 -- [4451  327]
25 -- [3663  593]
26 -- [2805 1319]
27 -- [ 200 3991]
29 -- [ 808 3138]
30 -- [1780 3057]
31 -- [1885  828]
32 -- [3238 1399]
33 -- [4047 1753]
34 -- [3144 1215]
35 -- [1084 4591]
36 -- [1344 3597]
37 -- [1239 4398]
38 -- [ 388 4306]
39 -- [1776 2825]
40 -- [4450  501]
41 -- [1181 4549]
42 -- [ 582 4051]
43 -- [1086 4270]
44 -- [1050 2643]
45 -- [ 351 2571]
47 -- [3631 1201]
51 -- [2102 1079]
52 -- [1236 4493]
53 -- [2103  853]
55 -- [3675  859]
56 -- [1587 2689]
58 -- [3570  278]
59 -- [3784  260]
60 -- [ 791 3196]
61 -- [3459 1531]
62 -- [2646 1648]
63 -- [1193 3853]
64 -- [4523  787]
66 -- [3967  353]
67 -- [3849 1048]
69 -- [2859  289]
70 -- [ 878 3235]
71 -- [2147  588]
72 -- [ 329 2166]
73 -- [1617 4457]
75 -- [2444  239]
76 -- [3458 1418]
77 -- [1903  529]
78 -- [3360  168]
79 -- [1718 1951]
80 -- [4510 1201]
81 -- [4170 1424]
82 -- [2962 1808]
83 -- [2049 1039]
84 -- [ 212 2559]
85 -- [2249 1508]
86 -- [1266 2805]
88 -- [1086 3717]
90 -- [ 210 2474]
92 -- [4223 1443]
93 -- [1711 4374]
94 -- [1036 1989]
95 -- [  72 3598]
96 -- [1712 4341]
98 -- [2703 1645]
99 -- [2748 1231]
100 -- [ 126 3143]
101 -- [ 892 3060]
102 -- [ 348 3899]
103 -- [4540 1623]
104 -- [3592 1080]
105 -- [4279  376]
106 -- [3309 1311]
107 -- [3510  912]
108 -- [1231 3443]
109 -- [3135 1436]
110 -- [2083 1161]
111 -- [1976  774]
112 -- [4108 1745]
113 -- [2931 1790]
114 -- [ 139 3134]
115 -- [3514  794]
116 -- [2036  679]
117 -- [ 263 3535]
118 -- [2016 1646]
119 -- [4056 1709]
120 -- [1866  919]
121 -- [ 354 4450]
122 -- [ 530 2495]
123 -- [ 748 1950]
125 -- [3733   86]
126 -- [1458 3245]
127 -- [2692  529]
128 -- [4190  324]
131 -- [2889  599]
132 -- [4281  853]
133 -- [2649  950]
134 -- [1855  492]
135 -- [1507 2051]
136 -- [2658  778]
137 -- [ 529 3168]
138 -- [3189 1342]
139 -- [ 419 2419]
140 -- [3906 1548]
141 -- [ 530 3247]
142 -- [2643 1544]
143 -- [ 884 2072]
144 -- [4023  799]
146 -- [1553 3192]
147 -- [1489 3660]
148 -- [ 313 2561]
149 -- [2194 1711]
150 -- [3477  890]
151 -- [3468 1788]
152 -- [ 389 2902]
153 -- [ 592 3225]
154 -- [1207 2739]
155 -- [2260   37]
156 -- [4576 1517]
157 -- [1688 3961]
158 -- [1727 2967]
161 -- [1000 2085]
162 -- [1348 3248]
164 -- [1885 1035]
165 -- [ 443 2415]
167 -- [2018  206]
168 -- [3938  504]
169 -- [ 696 1944]
170 -- [2888 1213]
171 -- [1513 2987]
172 -- [1197 2994]
173 -- [4411  386]
174 -- [2939  971]
176 -- [ 948 2381]
177 -- [2785 1050]
178 -- [ 399 2387]
179 -- [2974 1096]
180 -- [1462 1819]
181 -- [2612  754]
183 -- [ 384 2260]
184 -- [ 366 3887]
185 -- [ 368 1933]
187 -- [ 408 3523]
188 -- [3885  203]
189 -- [2651  500]
191 -- [ 777 3143]
192 -- [1539 2703]
194 -- [2847 1669]
195 -- [2634 1675]
197 -- [ 550 2975]
198 -- [1789 2205]
200 -- [ 644 4565]
201 -- [3164   69]
202 -- [1115 2313]
203 -- [4306  557]
204 -- [4012 1780]
205 -- [3441  376]
206 -- [ 868 3292]
207 -- [2224 1017]
209 -- [2419 1443]
210 -- [1887 1700]
211 -- [1925  675]
212 -- [2773  287]
213 -- [ 804 4527]
214 -- [1605 2655]
215 -- [1090 3626]
216 -- [ 147 3976]
217 -- [1686 4420]
218 -- [ 801 4275]
219 -- [4104   73]
221 -- [1462 2159]
222 -- [ 386 3433]
223 -- [3624 1074]
224 -- [4579  580]
225 -- [4093  802]
227 -- [1723 3319]
228 -- [1440 4430]
229 -- [ 282 2315]
230 -- [ 189 3043]
231 -- [ 484 1970]
232 -- [1951 1782]
236 -- [1485 3015]
237 -- [ 376 2931]
239 -- [ 675 2374]
240 -- [3023 1076]
241 -- [3481  722]
242 -- [1458 2702]
243 -- [3106 1098]
244 -- [3184  187]
245 -- [3052  391]
246 -- [2028 1109]
248 -- [ 631 1838]
249 -- [ 448 3163]
250 -- [ 778 3217]
251 -- [   6 3311]
252 -- [2363 1788]
253 -- [2062 1161]
254 -- [ 269 3148]
255 -- [2734  381]
256 -- [3932   86]
257 -- [4451 1037]
258 -- [4486 1730]
259 -- [4426 1485]
260 -- [4534 1076]
261 -- [1773 3597]
262 -- [4421  268]
263 -- [1792 3921]
264 -- [1688 3536]
265 -- [1332 2063]
266 -- [2533 1048]
267 -- [1944  557]
268 -- [2181 1561]
270 -- [1589 3420]
272 -- [2236  881]
273 -- [2654 1360]
274 -- [1504 2284]
276 -- [3417  519]
277 -- [2751 1726]
278 -- [4070 1255]
279 -- [2671 1206]
280 -- [3052  408]
281 -- [1983  898]
282 -- [3892  216]
284 -- [ 647 4161]
285 -- [1935  363]
286 -- [4410 1553]
287 -- [ 852 2109]
288 -- [ 302 2975]
289 -- [ 990 2844]
291 -- [2487 1708]
292 -- [ 459 4192]
293 -- [ 570 3592]
294 -- [1225 2532]
296 -- [ 401 2580]
297 -- [ 839 4372]
298 -- [2888  499]
299 -- [ 733 3975]
301 -- [3597  860]
302 -- [ 923 3409]
303 -- [  68 3013]
304 -- [3650 1131]
305 -- [3588  509]
306 -- [4285  266]
307 -- [4415  122]
308 -- [1155 2760]
309 -- [ 737 3413]
310 -- [2189   43]
311 -- [1086 2840]
313 -- [1086 2326]
314 -- [3784  229]
315 -- [2236 1304]
316 -- [4127 1257]
317 -- [1713 3968]
318 -- [1635 2756]
319 -- [3136  893]
321 -- [2683  750]
322 -- [ 180 3526]
323 -- [3499  773]
324 -- [4361 1256]
326 -- [3317 1603]
327 -- [3202 1419]
328 -- [ 475 3732]
329 -- [2395 1296]
330 -- [2661  728]
331 -- [ 980 2328]
332 -- [3972  557]
333 -- [4343 1460]
334 -- [3138  547]
338 -- [ 519 3949]
340 -- [4141  963]
341 -- [2082  417]
342 -- [4512 1648]
343 -- [1206 2831]
344 -- [1250 4378]
345 -- [ 589 3326]
346 -- [2935  172]
348 -- [1649 4596]
349 -- [ 676 3387]
351 -- [2809 1772]
352 -- [2211 1582]
353 -- [ 130 3664]
354 -- [3715 1037]
355 -- [1136 4323]
357 -- [1514 3133]
359 -- [ 332 4589]
360 -- [4244  427]
361 -- [3433   31]
362 -- [4199 1230]
363 -- [2672  201]
364 -- [3847 1241]
365 -- [3164 1746]
366 -- [ 194 3076]
367 -- [1361 4548]
368 -- [ 881 4027]
369 -- [3149   91]
370 -- [1326 2417]
371 -- [1276 3431]
372 -- [2512 1484]
373 -- [4004  807]
374 -- [1999  250]
375 -- [ 704 1880]
377 -- [1646 2071]
378 -- [3526  161]
380 -- [2226  288]
381 -- [ 668 1855]
382 -- [3442  669]
383 -- [ 128 3857]
384 -- [ 664 4139]
385 -- [  86 3817]
386 -- [1168 3363]
388 -- [  86 4538]
389 -- [3615  916]
390 -- [ 586 3549]
391 -- [ 159 4371]
392 -- [1025 3888]
393 -- [1323 2595]
394 -- [2291 1773]
395 -- [2824 1032]
396 -- [  41 3829]
397 -- [2166 1185]
398 -- [4323 1409]
399 -- [4462 1286]
400 -- [ 666 2490]
401 -- [2790   47]
402 -- [3583 1711]
403 -- [ 733 3134]
404 -- [3220 1269]
405 -- [1717 2441]
406 -- [1800 2463]
407 -- [3588 1689]
408 -- [2143  109]
410 -- [1774 3628]
411 -- [3469 1432]
412 -- [1044 3909]
413 -- [1905 1656]
416 -- [2892 1168]
417 -- [3488  595]
418 -- [ 923 3005]
419 -- [4420  483]
422 -- [ 255 2041]
423 -- [3788 1504]
424 -- [1325 3201]
425 -- [3439   71]
426 -- [4206 1327]
427 -- [ 640 3023]
428 -- [1183 4040]
429 -- [4434  151]
430 -- [3805 1614]
433 -- [ 579 3775]
434 -- [ 462 1813]
435 -- [ 242 2459]
436 -- [ 770 4471]
437 -- [ 478 4550]
438 -- [ 198 3061]
439 -- [ 773 3061]
440 -- [1883  176]
441 -- [3618  202]
442 -- [3272  408]
443 -- [ 854 2939]
444 -- [4114  313]
446 -- [1942 1096]
447 -- [1552 2823]
448 -- [2364  287]
449 -- [1472 3995]
450 -- [ 525 3403]
451 -- [4417  203]
453 -- [3445  175]
454 -- [ 380 4446]
455 -- [4005 1373]
457 -- [3240 1296]
458 -- [4205  985]
459 -- [1373 3389]
460 -- [3768  220]
461 -- [1661 3476]
462 -- [1433 4292]
463 -- [ 514 3043]
464 -- [   2 2677]
465 -- [2364 1003]
466 -- [1934  314]
467 -- [3393  824]
468 -- [ 295 3890]
469 -- [2061 1323]
470 -- [1471 3799]
471 -- [2214  332]
472 -- [3984 1186]
474 -- [2111  780]
475 -- [ 407 4286]
476 -- [4594  417]
477 -- [2763 1640]
478 -- [4341  709]
479 -- [3036  231]
480 -- [3876  649]
481 -- [2516   66]
482 -- [1785 2532]
483 -- [3822 1276]
484 -- [2156  546]
486 -- [3496 1762]
487 -- [1787 3261]
488 -- [3757  159]
489 -- [ 824 2281]
491 -- [  42 3032]
493 -- [1310 2174]
494 -- [1351 4511]
495 -- [3201  674]
496 -- [2550  491]
497 -- [1518 3731]
498 -- [3234  619]
499 -- [3118  648]
500 -- [4496  535]
501 -- [1185 3687]
503 -- [3405 1123]
504 -- [ 423 2781]
505 -- [1318 3055]
506 -- [1931 1759]
508 -- [1665 4132]
510 -- [1372 2804]
511 -- [1517 2991]
512 -- [2611 1108]
515 -- [4218 1775]
516 -- [1127 4532]
517 -- [3016  545]
519 -- [1181 4007]
520 -- [3419  511]
522 -- [2170  736]
523 -- [1586 3989]
524 -- [2833  487]
527 -- [3883  444]
529 -- [4297 1479]
530 -- [3355 1809]
531 -- [3844 1156]
532 -- [1585 3938]
533 -- [2110 1433]
535 -- [3177  209]
536 -- [ 656 2301]
537 -- [2765 1628]
538 -- [1820  418]
539 -- [3535  617]
540 -- [1810 3626]
541 -- [2496  423]
542 -- [4212 1346]
543 -- [4431  909]
544 -- [ 259 4422]
545 -- [  17 3116]
546 -- [ 270 2548]
547 -- [ 374 3829]
548 -- [  81 3435]
549 -- [3162  778]
550 -- [ 266 4001]
551 -- [4478 1574]
552 -- [ 926 2636]
553 -- [3383   60]
554 -- [ 308 3429]
555 -- [4208 1205]
556 -- [1806 3543]
557 -- [ 310 4223]
558 -- [ 293 1945]
560 -- [3716  269]
561 -- [4477  229]
563 -- [2035  769]
564 -- [ 585 2595]
565 -- [ 790 2805]
566 -- [1188 4220]
567 -- [ 363 3355]
568 -- [2845  381]
569 -- [3787   45]
570 -- [ 587 2941]
571 -- [2597   45]
573 -- [3070 1639]
574 -- [ 414 2421]
575 -- [1806 3929]
576 -- [1902 1780]
577 -- [1422 2173]
578 -- [2589 1723]
580 -- [ 749 2538]
581 -- [ 172 1871]
582 -- [ 785 3930]
583 -- [ 976 3789]
584 -- [2371  778]
585 -- [3574  484]
586 -- [3260  928]
587 -- [2815  818]
588 -- [1352 3129]
589 -- [1843  796]
590 -- [2507 1567]
591 -- [ 327 2887]
592 -- [ 286 1976]
593 -- [ 982 3449]
594 -- [   5 3216]
595 -- [2555  934]
597 -- [1266 2906]
598 -- [ 945 3440]
599 -- [1745 3746]
600 -- [4125  395]
601 -- [ 567 2921]
602 -- [2217 1110]
604 -- [1852 1414]
605 -- [1208 3989]
608 -- [ 225 4107]
609 -- [ 569 2615]
610 -- [2990 1493]
611 -- [ 326 3152]
612 -- [1359 3956]
613 -- [3894  580]
614 -- [  46 3164]
616 -- [1080 2891]
617 -- [3994  536]
618 -- [ 152 4004]
619 -- [4185 1609]
620 -- [3713 1174]
621 -- [ 119 3426]
624 -- [3142 1322]
625 -- [3019 1035]
626 -- [3745 1122]
627 -- [2322 1375]
628 -- [ 839 1988]
629 -- [ 554 4290]
630 -- [2213  570]
631 -- [2815 1675]
632 -- [3337  802]
633 -- [1966  559]
634 -- [ 797 2372]
635 -- [4128  967]
636 -- [3028  817]
637 -- [ 192 2480]
638 -- [2417 1348]
639 -- [1582 3024]
641 -- [3113  497]
642 -- [3836 1696]
643 -- [2122 1645]
645 -- [3932 1096]
646 -- [3004  333]
647 -- [ 696 4009]
648 -- [2783  171]
649 -- [ 678 4514]
650 -- [4137  129]
651 -- [1396 2655]
652 -- [1925  748]
653 -- [3320 1671]
654 -- [ 826 2673]
655 -- [1757 3872]
656 -- [1106 4454]
657 -- [2301  314]
660 -- [3295 1547]
661 -- [ 778 1991]
662 -- [1974 1377]
663 -- [2491  677]
664 -- [4260 1383]
665 -- [ 485 4140]
666 -- [2768   86]
667 -- [4550  661]
669 -- [4055  464]
670 -- [ 658 1818]
671 -- [2491  568]
672 -- [2788  585]
675 -- [1262 2426]
676 -- [1972 1663]
678 -- [3704  751]
679 -- [1705 4547]
681 -- [3345 1334]
682 -- [2083   72]
683 -- [ 454 2081]
684 -- [4057  216]
685 -- [2752 1204]
686 -- [ 762 4079]
687 -- [1323 4562]
688 -- [3827  420]
691 -- [3245  335]
692 -- [2782  804]
693 -- [1422 3561]
694 -- [1616 2840]
695 -- [ 576 2420]
696 -- [1373 2118]
697 -- [3472 1473]
698 -- [1033 2236]
700 -- [ 857 2833]
701 -- [1486 3967]
702 -- [3863  681]
703 -- [1587 2079]
704 -- [2390  196]
705 -- [4047 1435]
706 -- [1542 2826]
708 -- [2522 1167]
709 -- [3571   51]
711 -- [1481 2881]
712 -- [2691 1458]
713 -- [2784 1232]
714 -- [ 242 4356]
715 -- [ 334 2563]
716 -- [2857 1076]
717 -- [ 358 4515]
718 -- [2142 1652]
719 -- [ 699 3290]
720 -- [1109 3245]
721 -- [  23 2614]
722 -- [2012 1162]
723 -- [ 755 2102]
724 -- [2803 1350]
725 -- [1606 2547]
726 -- [ 618 3031]
727 -- [4183  546]
728 -- [3203 1001]
729 -- [ 529 2156]
730 -- [4461 1504]
731 -- [1590 3449]
732 -- [2175 1483]
733 -- [3056 1749]
734 -- [1517 3840]
735 -- [ 171 4191]
736 -- [ 587 2309]
737 -- [ 812 2527]
738 -- [4120  122]
740 -- [ 552 4126]
741 -- [  15 2765]
742 -- [1436 3707]
743 -- [2235  727]
745 -- [ 305 3925]
746 -- [3173 1302]
747 -- [ 455 2703]
748 -- [ 608 3615]
749 -- [1747 2025]
750 -- [ 911 2633]
752 -- [ 459 3990]
753 -- [1076 2865]
754 -- [2741  435]
755 -- [4122 1268]
756 -- [ 508 2423]
757 -- [1493 4047]
758 -- [1803 4027]
759 -- [ 278 3832]
761 -- [1789 4483]
762 -- [ 766 1968]
763 -- [ 779 3955]
765 -- [ 823 4306]
766 -- [ 107 3979]
767 -- [1430 4265]
768 -- [4236  153]
769 -- [1154 2667]
770 -- [ 627 4245]
771 -- [ 441 3579]
772 -- [1325 3908]
773 -- [ 526 3238]
774 -- [3611 1424]
775 -- [3927 1720]
776 -- [ 299 3794]
777 -- [ 583 3715]
779 -- [1422 4094]
781 -- [4438 1270]
782 -- [3083  448]
783 -- [2942 1729]
784 -- [2693  122]
785 -- [2944 1515]
786 -- [2076  474]
787 -- [1237 4269]
789 -- [1171 2009]
790 -- [2888  374]
791 -- [3107  363]
792 -- [1582 3158]
794 -- [1379 4409]
795 -- [ 395 3754]
796 -- [1768 2637]
797 -- [ 987 1820]
798 -- [2738  438]
799 -- [1248 3557]
800 -- [4524  203]
801 -- [3126 1658]
802 -- [1538 4271]
803 -- [4111 1634]
804 -- [ 864 3949]
805 -- [2171 1203]
806 -- [2592  848]
807 -- [ 441 3244]
808 -- [ 164 2049]
810 -- [2077 1272]
811 -- [3408 1281]
813 -- [3796  343]
814 -- [2245  798]
815 -- [1432 2631]
816 -- [ 614 2878]
817 -- [4162  818]
818 -- [4027 1351]
820 -- [ 500 4407]
821 -- [ 225 2886]
822 -- [3919 1393]
823 -- [3236  503]
827 -- [4212  622]
828 -- [ 413 3428]
829 -- [4152 1494]
830 -- [ 429 4055]
831 -- [3920 1408]
832 -- [  25 2910]
833 -- [1714 3028]
834 -- [2180  576]
835 -- [2835 1357]
837 -- [3984 1234]
838 -- [ 926 1857]
840 -- [3833   41]
841 -- [  28 1867]
842 -- [2764  168]
843 -- [1708 2542]
844 -- [ 569 2273]
845 -- [ 602 3502]
846 -- [ 461 4165]
847 -- [4280  570]
849 -- [ 286 1977]
851 -- [ 288 2544]
852 -- [3032 1038]
853 -- [ 650 3710]
854 -- [1411 2416]
855 -- [1123 1932]
856 -- [3748  109]
858 -- [4312  571]
859 -- [4579  707]
860 -- [ 700 1940]
861 -- [3388  906]
862 -- [1257 3463]
863 -- [1545 2395]
865 -- [1051 3306]
866 -- [1533 3303]
867 -- [ 232 3554]
868 -- [  60 2284]
869 -- [ 171 3009]
870 -- [1205 2787]
873 -- [3761  235]
874 -- [ 471 3132]
875 -- [1600 4437]
876 -- [2190  914]
877 -- [1206 3066]
879 -- [ 986 2438]
880 -- [4234  214]
882 -- [ 269 4239]
883 -- [1085 4474]
884 -- [ 860 3618]
885 -- [2307 1399]
886 -- [4240 1716]
887 -- [2642  325]
888 -- [2500  533]
889 -- [1333 3332]
890 -- [  11 4439]
891 -- [3699  269]
892 -- [2942  159]
893 -- [3061 1106]
896 -- [  58 3956]
897 -- [ 985 2510]
898 -- [1010 3420]
899 -- [ 803 1942]
900 -- [1557 2669]
901 -- [1686 3425]
903 -- [2049 1565]
905 -- [2328  612]
906 -- [ 782 4240]
907 -- [ 121 3430]
908 -- [ 296 3765]
909 -- [2773  214]
910 -- [1568 2131]
911 -- [4397 1759]
912 -- [ 484 3863]
913 -- [1223 1910]
914 -- [ 800 2783]
915 -- [ 544 1824]
918 -- [ 234 3996]
921 -- [3260 1250]
922 -- [1388 2947]
923 -- [ 440 2302]
924 -- [1942   66]
925 -- [ 435 3282]
926 -- [4236 1043]
927 -- [3982  336]
928 -- [ 993 2951]
929 -- [4470 1182]
931 -- [ 132 3554]
932 -- [1276 3832]
933 -- [ 638 2461]
934 -- [  81 2926]
935 -- [3801  707]
936 -- [2195  575]
937 -- [ 115 3960]
938 -- [1526 2634]
939 -- [ 701 3360]
940 -- [3064 1316]
942 -- [ 906 3213]
943 -- [3074 1550]
944 -- [3893  399]
945 -- [1973  621]
947 -- [1310 3664]
948 -- [ 136 3043]
950 -- [1037 2421]
951 -- [  98 3911]
952 -- [ 486 2496]
953 -- [ 140 4145]
954 -- [3657 1302]
955 -- [2536  567]
956 -- [3849 1080]
957 -- [ 999 4347]
958 -- [ 997 3512]
960 -- [3118  268]
961 -- [ 576 3408]
962 -- [2102  336]
963 -- [2190  426]
964 -- [4557  533]
965 -- [1023 3956]
966 -- [1770 4018]
968 -- [2342 1243]
969 -- [ 148 3064]
970 -- [4163  569]
971 -- [ 466 2362]
972 -- [2676  643]
974 -- [2309  636]
975 -- [1933  858]
977 -- [1177 2680]
978 -- [ 188 2722]
979 -- [2562    1]
981 -- [4562 1559]
982 -- [1986  345]
983 -- [1695 3787]
984 -- [4379 1035]
987 -- [3886  998]
988 -- [3413  231]
989 -- [1213 1953]
990 -- [4143 1453]
991 -- [2802  918]
992 -- [1435 4357]
993 -- [1352 4327]
995 -- [1311 2984]
997 -- [ 930 3647]
998 -- [4269   93]
999 -- [ 174 2713]
1000 -- [2876  542]
1002 -- [4213  252]
1003 -- [ 892 4548]
1004 -- [ 335 3827]
1005 -- [ 352 3133]
1006 -- [2276  909]
1007 -- [3029  557]
1008 -- [1460 2805]
1009 -- [2580  706]
1010 -- [ 782 2041]
1011 -- [1432 2837]
1014 -- [ 210 3623]
1015 -- [1460 3099]
1016 -- [2868  328]
1017 -- [ 894 1847]
1018 -- [ 450 2368]
1019 -- [1030 3665]
1020 -- [1041 3068]
1021 -- [3309 1322]
1022 -- [  78 1929]
1024 -- [1315 2868]
1025 -- [2551  935]
1026 -- [ 412 3682]
1027 -- [2718  515]
1028 -- [1048 4254]
1029 -- [3485 1111]
1030 -- [1735 2561]
1031 -- [1492 2290]
1032 -- [4259 1149]
1033 -- [1417 2575]
1034 -- [ 378 3402]
1035 -- [1840  704]
1036 -- [4499  189]
1038 -- [ 868 4241]
1039 -- [2156  247]
1040 -- [2137  228]
1041 -- [ 134 2275]
1042 -- [4370 1381]
1043 -- [  33 2551]
1044 -- [4321 1028]
1045 -- [3276  567]
1046 -- [1404 4201]
1047 -- [ 731 1834]
1048 -- [2687  312]
1049 -- [3345 1465]
1050 -- [ 683 3664]
1051 -- [  81 3303]
1052 -- [1042 3862]
1053 -- [2102 1354]
1055 -- [4588 1708]
1056 -- [3518   54]
1057 -- [1631 2625]
1058 -- [ 276 4576]
1059 -- [1321 1920]
1060 -- [ 545 3213]
1061 -- [  25 3634]
1062 -- [  81 3445]
1063 -- [2076  760]
1064 -- [ 300 3779]
1066 -- [1623 3876]
1067 -- [3631 1488]
1070 -- [1218 4424]
1072 -- [ 889 2263]
1073 -- [4553  918]
1074 -- [3202  792]
1075 -- [1695 3538]
1076 -- [2215  992]
1077 -- [1493 3197]
1078 -- [ 401 4242]
1079 -- [1569 2491]
1080 -- [ 166 3024]
1081 -- [2089  955]
1083 -- [ 744 3404]
1084 -- [4467  519]
1085 -- [1636 4092]
1086 -- [4348 1723]
1087 -- [1045 3239]
1088 -- [ 183 1951]
1089 -- [3214  125]
1090 -- [1294 2067]
1092 -- [4329  770]
1093 -- [3140 1671]
1094 -- [ 594 4474]
1095 -- [3629 1184]
1096 -- [1550 3904]
1097 -- [4183 1198]
1098 -- [ 827 4169]
1099 -- [2434   94]
1100 -- [ 802 2816]
1101 -- [ 498 2490]
1102 -- [2575 1779]
1103 -- [ 852 3879]
1104 -- [1322 4183]
1105 -- [ 464 4476]
1108 -- [3876  338]
1109 -- [3515  734]
1111 -- [   3 2667]
1112 -- [1498 4126]
1113 -- [ 675 3177]
1114 -- [1168 3035]
1115 -- [3461 1789]
1116 -- [3850  148]
1117 -- [2853 1570]
1118 -- [3875 1461]
1119 -- [ 464 2817]
1120 -- [3421 1792]
1121 -- [ 912 1962]
1123 -- [ 835 2447]
1124 -- [ 179 2162]
1125 -- [ 506 3951]
1126 -- [1799 2130]
1127 -- [1082 1852]
1128 -- [4597  452]
1129 -- [2198  352]
1130 -- [3662 1478]
1132 -- [ 381 4555]
1133 -- [1236 3067]
1135 -- [3644  640]
1137 -- [3620 1783]
1139 -- [2885 1712]
1140 -- [4435 1734]
1141 -- [3598  223]
1142 -- [ 575 3450]
1144 -- [3578 1301]
1147 -- [1615 3889]
1148 -- [1861 1693]
1149 -- [ 674 2907]
1150 -- [1156 3777]
1151 -- [2304  572]
1152 -- [2943   15]
1154 -- [2965 1804]
1155 -- [ 765 2498]
1157 -- [ 842 3976]
1158 -- [  21 4472]
1159 -- [ 615 3997]
1160 -- [ 758 4250]
1161 -- [1336 2807]
1162 -- [2679   20]
1163 -- [3674 1233]
1164 -- [2397  382]
1165 -- [2582  541]
1166 -- [2644  172]
1167 -- [2891 1727]
1168 -- [3183 1132]
1169 -- [1059 2395]
1170 -- [ 988 3123]
1171 -- [2873  147]
1173 -- [2254 1271]
1176 -- [3026 1443]
1177 -- [1229 3710]
1178 -- [ 793 4134]
1179 -- [3385 1426]
1180 -- [ 542 2287]
1181 -- [2644 1450]
1182 -- [3587 1349]
1183 -- [2298 1615]
1186 -- [ 335 3042]
1187 -- [2810  774]
1188 -- [  38 3601]
1189 -- [2345 1065]
1190 -- [4070  443]
1191 -- [1053 3951]
1192 -- [1801 3769]
1193 -- [1291 2769]
1195 -- [1796 1985]
1199 -- [1602 2900]
1201 -- [2883  177]
1202 -- [1412 3744]
1203 -- [ 655 4184]
1204 -- [ 320 2864]
1205 -- [ 450 2714]
1208 -- [1771 3845]
1209 -- [ 839 3471]
1210 -- [ 540 3923]
1212 -- [ 510 3456]
1213 -- [2179   79]
1214 -- [3460  686]
1215 -- [ 745 2900]
1216 -- [1973 1253]
1217 -- [2830  128]
1218 -- [  15 2687]
1219 -- [3061 1736]
1220 -- [1296 2069]
1222 -- [4454  484]
1224 -- [4053  224]
1225 -- [2017    4]
1226 -- [1411 2502]
1228 -- [ 820 2216]
1229 -- [ 952 2579]
1230 -- [ 609 2059]
1231 -- [1368 2797]
1232 -- [1863 1274]
1233 -- [1766 2404]
1236 -- [ 490 2586]
1237 -- [1668 3429]
1238 -- [1693 1874]
1239 -- [4256  655]
1241 -- [2219  700]
1242 -- [3783 1186]
1243 -- [4527 1050]
1245 -- [ 156 3993]
1247 -- [4140 1628]
1250 -- [3777  683]
1251 -- [4157   71]
1252 -- [ 391 3074]
1253 -- [1839  225]
1255 -- [2168  177]
1256 -- [ 874 4176]
1258 -- [3230  788]
1259 -- [2421 1448]
1260 -- [1319 3393]
1261 -- [1490 2728]
1262 -- [2296  383]
1263 -- [2795  831]
1264 -- [ 353 4253]
1265 -- [ 273 4335]
1266 -- [ 641 2725]
1267 -- [4400 1739]
1269 -- [2270 1565]
1270 -- [3587 1809]
1272 -- [1016 3843]
1274 -- [ 794 4375]
1275 -- [3407  985]
1276 -- [ 743 3275]
1277 -- [ 884 2655]
1278 -- [3239  236]
1279 -- [  50 3067]
1280 -- [2305  462]
1281 -- [1111 2104]
1282 -- [ 265 3789]
1283 -- [1138 3272]
1284 -- [3972 1597]
1285 -- [2868  640]
1286 -- [1982  978]
1288 -- [  28 3066]
1289 -- [ 685 2137]
1290 -- [  67 3618]
1291 -- [ 830 4412]
1292 -- [1665 3881]
1293 -- [1681 4523]
1294 -- [1544 2613]
1295 -- [ 520 4051]
1296 -- [4098 1789]
1297 -- [ 839 2422]
1298 -- [3678 1429]
1299 -- [1002 4453]
1300 -- [3801  384]
1301 -- [4530  121]
1302 -- [ 166 2622]
1303 -- [3780  803]
1305 -- [1992  680]
1306 -- [ 354 1889]
1307 -- [3969 1490]
1308 -- [3601  313]
1309 -- [1044 2745]
1310 -- [ 150 2141]
1311 -- [ 324 4248]
1312 -- [2868 1650]
1313 -- [3064 1375]
1316 -- [ 751 3642]
1317 -- [1839  467]
1318 -- [ 295 2132]
1319 -- [2298  195]
1320 -- [ 414 3337]
1321 -- [1382 3621]
1322 -- [2474  351]
1323 -- [ 907 2868]
1324 -- [1161 3652]
1325 -- [2550 1028]
1326 -- [4571 1215]
1327 -- [3074  352]
1328 -- [3133 1781]
1329 -- [3992 1650]
1330 -- [ 844 4327]
1331 -- [1878  394]
1332 -- [ 449 3679]
1333 -- [ 284 3692]
1334 -- [3778  102]
1336 -- [2735  853]
1337 -- [ 958 3393]
1338 -- [ 745 3129]
1339 -- [ 834 2099]
1340 -- [2639  903]
1342 -- [ 751 2706]
1343 -- [2574 1194]
1344 -- [1273 2506]
1345 -- [4117 1439]
1346 -- [3038  921]
1347 -- [2149  609]
1348 -- [1371 2068]
1349 -- [ 620 4398]
1350 -- [ 859 2216]
1351 -- [ 135 3523]
1352 -- [3603  666]
1353 -- [ 195 3578]
1354 -- [3067  824]
1355 -- [3158 1249]
1356 -- [2608  336]
1357 -- [2030 1201]
1358 -- [3841 1198]
1359 -- [ 274 2398]
1360 -- [ 778 2100]
1361 -- [ 194 2838]
1362 -- [4594  139]
1363 -- [4372  625]
1364 -- [1553 3622]
1365 -- [1694 3445]
1366 -- [3749  289]
1367 -- [2541 1262]
1368 -- [1039 4091]
1369 -- [ 429 2569]
1370 -- [2064 1646]
1371 -- [1908  244]
1372 -- [2052  472]
1374 -- [2199 1371]
1375 -- [3244 1302]
1376 -- [3918  436]
1377 -- [3815  529]
1378 -- [1479 2214]
1379 -- [3714  120]
1380 -- [4221 1012]
1382 -- [ 885 2088]
1383 -- [  20 2525]
1384 -- [3460  421]
1385 -- [3628 1033]
1387 -- [2437  415]
1388 -- [ 733 2416]
1389 -- [2829  222]
1390 -- [ 320 3576]
1391 -- [4447  463]
1392 -- [2780  676]
1393 -- [1855  642]
1394 -- [3905 1373]
1395 -- [ 279 3794]
1396 -- [4036 1685]
1399 -- [1032 2642]
1400 -- [3171  839]
1401 -- [1287 2964]
1402 -- [1071 2542]
1403 -- [3225  156]
1404 -- [2031  131]
1405 -- [1559 2150]
1406 -- [3145  686]
1407 -- [2813 1731]
1408 -- [1916 1371]
1409 -- [ 444 2288]
1410 -- [3369 1489]
1411 -- [1479 4531]
1412 -- [1038 2443]
1413 -- [2597  777]
1414 -- [4303  305]
1416 -- [1351 2928]
1417 -- [1046 1921]
1418 -- [ 147 2060]
1419 -- [1352 4528]
1420 -- [2379  972]
1421 -- [1865  858]
1422 -- [3000 1112]
1423 -- [4445  648]
1424 -- [3849  560]
1425 -- [ 814 4039]
1426 -- [1746 3887]
1428 -- [1668 4136]
1429 -- [3908  982]
1430 -- [2812  704]
1431 -- [3587  950]
1432 -- [1669 3742]
1434 -- [4105  233]
1435 -- [2918   65]
1436 -- [1223 2157]
1437 -- [4046 1435]
1438 -- [ 521 3529]
1439 -- [2507 1711]
1440 -- [1095 2992]
1441 -- [ 513 4046]
1443 -- [3714  136]
1445 -- [3306 1804]
1446 -- [1753 2332]
1447 -- [1617 3574]
1448 -- [  80 3919]
1449 -- [2111  599]
1450 -- [2731  129]
1451 -- [2478 1319]
1452 -- [ 793 2433]
1453 -- [2686 1201]
1454 -- [2772 1372]
1455 -- [1317 2861]
1456 -- [3742  359]
1457 -- [ 494 2078]
1459 -- [4317  449]
1460 -- [1242 2477]
1461 -- [3816 1663]
1463 -- [1089 4263]
1464 -- [1626 3744]
1465 -- [1070 2459]
1466 -- [4399  450]
1467 -- [2213 1584]
1468 -- [4347 1774]
1469 -- [1553 2322]
1470 -- [3749  492]
1471 -- [2171  669]
1472 -- [  18 2308]
1473 -- [ 460 4408]
1474 -- [2976 1429]
1475 -- [1869  228]
1476 -- [1951  705]
1477 -- [3595  516]
1478 -- [ 467 3944]
1480 -- [2580  300]
1481 -- [1331 3505]
1482 -- [3908 1749]
1484 -- [3908  618]
1485 -- [ 601 2257]
1486 -- [  21 1982]
1487 -- [3219 1623]
1488 -- [ 587 2033]
1489 -- [ 595 4483]
1490 -- [1466 1864]
1492 -- [4597 1091]
1493 -- [ 543 2804]
1494 -- [3143  739]
1495 -- [1917  145]
1496 -- [1084 2614]
1497 -- [4552  397]
1498 -- [1747 1854]
1499 -- [4024 1492]
1500 -- [3172 1708]
1501 -- [2574  843]
1502 -- [3539 1305]
1503 -- [3326 1598]
1504 -- [4558 1220]
1505 -- [1492 4564]
1506 -- [ 415 4324]
1507 -- [1466 2952]
1508 -- [1577 2904]
1509 -- [4024   92]
1510 -- [  78 2843]
1511 -- [3286  515]
1512 -- [1499 3234]
1513 -- [1593 2779]
1514 -- [1603 4590]
1515 -- [ 854 3798]
1516 -- [1979 1523]
1517 -- [ 645 3921]
1518 -- [1503 2042]
1519 -- [1397 2321]
1520 -- [ 262 2228]
1521 -- [2544  864]
1522 -- [ 588 3557]
1524 -- [3097 1623]
1525 -- [2661   90]
1526 -- [ 318 4428]
1527 -- [2062 1264]
1528 -- [1189 3546]
1529 -- [4347 1116]
1530 -- [ 694 2743]
1531 -- [1409 3706]
1532 -- [1383 2152]
1533 -- [2812   17]
1534 -- [1133 3388]
1535 -- [1244 2049]
1536 -- [3935   61]
1538 -- [ 530 4512]
1539 -- [1375 3716]
1540 -- [ 969 4107]
1541 -- [1143 3453]
1543 -- [4117  733]
1544 -- [4538  813]
1545 -- [1493 3737]
1548 -- [3212 1798]
1549 -- [3925 1186]
1550 -- [2205 1373]
1551 -- [ 417 4450]
1552 -- [2050  583]
1554 -- [ 627 2608]
1557 -- [3809    6]
1558 -- [ 353 4012]
1561 -- [2191  166]
1563 -- [2511 1678]
1564 -- [3263 1334]
1565 -- [3061 1723]
1566 -- [2809  403]
1567 -- [2389 1032]
1568 -- [1201 3712]
1569 -- [2188  983]
1570 -- [1571 4542]
1571 -- [4125 1171]
1572 -- [1557 3607]
1573 -- [2318  596]
1575 -- [ 158 3918]
1576 -- [2107  809]
1577 -- [ 685 4299]
1578 -- [2116 1029]
1579 -- [ 590 3977]
1580 -- [1270 1833]
1581 -- [1237 4016]
1583 -- [ 945 2105]
1585 -- [1804 3211]
1586 -- [1153 2033]
1587 -- [1366 1891]
1589 -- [4186 1762]
1590 -- [4432  112]
1591 -- [2438  770]
1593 -- [ 604 2912]
1594 -- [3126  999]
1595 -- [2621 1446]
1596 -- [1381 4128]
1597 -- [2641  876]
1598 -- [ 466 2213]
1599 -- [2720  890]
1601 -- [1639 4148]
1602 -- [1047 1989]
1604 -- [2062  517]
1605 -- [ 124 4435]
1606 -- [1321 2817]
1607 -- [1854  402]
1609 -- [ 890 3483]
1610 -- [2900  947]
1611 -- [3660  471]
1612 -- [ 162 3182]
1613 -- [4420 1105]
1614 -- [2637 1053]
1615 -- [2168  618]
1616 -- [ 504 2174]
1617 -- [1297 2984]
1618 -- [ 214 4147]
1619 -- [1178 2263]
1620 -- [1627 1941]
1621 -- [ 884 4190]
1622 -- [2232  461]
1624 -- [4489   86]
1625 -- [ 693 2919]
1627 -- [3817 1788]
1628 -- [1809 4064]
1630 -- [ 504 4340]
1632 -- [3419 1737]
1633 -- [3955 1103]
1634 -- [2153  639]
1635 -- [3895 1794]
1636 -- [ 495 2177]
1637 -- [3400 1024]
1638 -- [2132 1283]
1639 -- [1222 3488]
1640 -- [ 319 2633]
1641 -- [1681 3500]
1642 -- [3952    9]
1643 -- [4337 1171]
1645 -- [1579 2319]
1646 -- [2943 1150]
1647 -- [4021  599]
1648 -- [  73 3686]
1649 -- [2164  997]
1650 -- [ 646 1905]
1651 -- [ 836 1825]
1652 -- [3581 1736]
1653 -- [ 332 3624]
1654 -- [2463  753]
1655 -- [3126 1342]
1656 -- [4241  532]
1657 -- [ 758 2594]
1659 -- [1178 3812]
1661 -- [2822  770]
1662 -- [2568  221]
1663 -- [4335 1324]
1665 -- [1373 2412]
1666 -- [4436 1460]
1668 -- [4323 1409]
1671 -- [1330 3388]
1672 -- [2828  795]
1674 -- [ 812 2391]
1675 -- [3586 1740]
1676 -- [ 699 3830]
1677 -- [2854 1140]
1678 -- [ 594 3722]
1679 -- [2244 1640]
1680 -- [4600 1758]
1681 -- [3264 1282]
1682 -- [   5 2993]
1683 -- [1012 3648]
1684 -- [2567  300]
1685 -- [ 151 3151]
1687 -- [4233 1509]
1688 -- [1516 2910]
1689 -- [1078 2923]
1690 -- [2548  575]
1691 -- [ 173 2707]
1692 -- [2452  747]
1693 -- [1863 1328]
1694 -- [ 766 2099]
1695 -- [1515 2260]
1696 -- [3385 1216]
1697 -- [ 745 3965]
1698 -- [4344 1459]
1699 -- [2132 1806]
1700 -- [3722  160]
1701 -- [1016 4313]
1703 -- [1932  424]
1704 -- [1057 2251]
1705 -- [3026 1704]
1706 -- [ 827 4248]
1708 -- [1205 4194]
1709 -- [ 432 2144]
1710 -- [2296 1268]
1711 -- [ 540 4556]
1712 -- [3685  326]
1713 -- [2511   41]
1714 -- [ 202 2099]
1715 -- [1959  235]
1716 -- [3113 1678]
1717 -- [1543 4486]
1718 -- [ 454 3563]
1719 -- [1668 2954]
1720 -- [4499 1135]
1721 -- [ 134 2203]
1722 -- [  93 3199]
1723 -- [1849  621]
1724 -- [2057  180]
1725 -- [2490 1540]
1726 -- [  28 3053]
1727 -- [ 145 3860]
1728 -- [3339 1496]
1729 -- [3070  220]
1731 -- [3264  630]
1732 -- [4435 1788]
1733 -- [ 536 2893]
1736 -- [   7 4158]
1737 -- [3096  502]
1738 -- [2448  971]
1739 -- [2287  368]
1740 -- [ 502 2412]
1741 -- [ 288 3236]
1744 -- [1658 3489]
1745 -- [ 629 2357]
1746 -- [1226 2120]
1747 -- [ 699 2056]
1748 -- [1154 3511]
1749 -- [ 500 3163]
1750 -- [1471 2559]
1751 -- [4495  499]
1752 -- [ 519 2420]
1753 -- [3942  700]
1754 -- [4518  624]
1755 -- [ 115 3342]
1757 -- [1024 3676]
1758 -- [ 466 3208]
1759 -- [1235 3767]
1760 -- [2217  239]
1762 -- [ 811 4098]
1763 -- [ 493 2441]
1764 -- [2881 1468]
1766 -- [1847  561]
1767 -- [3618  770]
1768 -- [ 375 1822]
1771 -- [3336 1623]
1772 -- [1174 4518]
1773 -- [4405  759]
1775 -- [ 828 3509]
1776 -- [4572 1195]
1777 -- [3077 1598]
1778 -- [3086  194]
1779 -- [2272  508]
1780 -- [4108 1458]
1781 -- [1786 2468]
1784 -- [2984  765]
1785 -- [3993  946]
1786 -- [1333 2053]
1787 -- [3282 1486]
1788 -- [ 408 2220]
1790 -- [3612  441]
1791 -- [3269 1121]
1792 -- [ 267 3592]
1793 -- [1446 2488]
1794 -- [4091  125]
1795 -- [1559 3744]
1796 -- [ 946 4377]
1797 -- [1260 4338]
1798 -- [2452  367]
1799 -- [ 837 2697]
1800 -- [ 151 2713]
1801 -- [ 696 4143]
1802 -- [ 923 4465]
1804 -- [ 406 2772]
1805 -- [ 770 3653]
1806 -- [ 771 2416]
1807 -- [ 909 1833]
1808 -- [1035 3868]
1809 -- [2907  415]
1810 -- [ 614 3760]
1811 -- [1493 3022]
1812 -- [  24 3702]
1813 -- [1490 4513]
1815 -- [2191  952]
1817 -- [3932   54]
1818 -- [1950  839]
1819 -- [1610 2540]
1820 -- [2390 1495]
1821 -- [4578 1262]
1822 -- [1489 4364]
1823 -- [ 359 4411]
1825 -- [2253  295]
1826 -- [ 610 3444]
1827 -- [ 872 1818]
1828 -- [4464  713]
1830 -- [1768 3019]
1831 -- [4589 1610]
1833 -- [3722 1242]
1834 -- [1494 3316]
1835 -- [3539  219]
1836 -- [1248 2912]
1837 -- [2106   26]
1838 -- [3613 1241]
1839 -- [ 508 4367]
1841 -- [4135  577]
1842 -- [ 405 2819]
1843 -- [4518  831]
1844 -- [1682 2899]
1845 -- [3004  925]
1846 -- [3788  488]
1847 -- [1129 2946]
1848 -- [4446  845]
1849 -- [ 748 2307]
1851 -- [2081  157]
1852 -- [ 668 2732]
1854 -- [1724 3232]
1855 -- [ 529 2614]
1856 -- [3637 1226]
1857 -- [  36 3099]
1858 -- [3876 1533]
1860 -- [3925 1423]
1861 -- [ 455 4277]
1864 -- [1401 4382]
1866 -- [4556  922]
1867 -- [   1 3277]
1868 -- [1661 2239]
1869 -- [1292 4422]
1870 -- [ 657 1991]
1871 -- [1254 2819]
1872 -- [1209 3789]
1873 -- [1542 3707]
1874 -- [ 662 2010]
1876 -- [  72 3972]
1877 -- [ 792 3495]
1879 -- [ 998 2941]
1880 -- [ 375 2598]
1881 -- [1990 1484]
1882 -- [ 569 2604]
1884 -- [3997  979]
1885 -- [2431 1782]
1886 -- [ 354 3711]
1887 -- [2204  241]
1888 -- [ 805 2858]
1889 -- [1430 3039]
1890 -- [ 807 3976]
1891 -- [1103 2860]
1892 -- [2885 1558]
1893 -- [1439 2342]
1894 -- [2054 1087]
1895 -- [1848 1668]
1896 -- [2343 1717]
1897 -- [3765  613]
1898 -- [ 484 4406]
1899 -- [1053 2373]
1900 -- [ 760 2577]
1901 -- [3144 1240]
1902 -- [1678 3893]
1903 -- [2715  722]
1904 -- [4004 1363]
1905 -- [1669 2775]
1906 -- [2882 1042]
1907 -- [ 855 3946]
1910 -- [3344   88]
1912 -- [2784  253]
1913 -- [ 928 3399]
1915 -- [3250  398]
1917 -- [4236  626]
1918 -- [ 452 2534]
1919 -- [3573 1417]
1920 -- [1602 3100]
1921 -- [ 537 2063]
1922 -- [4166 1753]
1923 -- [2309  866]
1924 -- [2041 1473]
1925 -- [1877 1727]
1926 -- [3904  166]
1927 -- [1975  497]
1928 -- [3347 1238]
1929 -- [ 221 3676]
1930 -- [1639 2320]
1931 -- [ 654 3106]
1932 -- [ 874 4085]
1933 -- [ 305 4120]
1935 -- [2548  764]
1936 -- [ 514 1872]
1937 -- [1062 3909]
1938 -- [ 307 3260]
1939 -- [2502  145]
1940 -- [3968  574]
1941 -- [1170 2207]
1942 -- [ 267 3311]
1943 -- [3677 1350]
1944 -- [ 503 2914]
1945 -- [3622  296]
1946 -- [1493 2679]
1948 -- [3241  842]
1950 -- [4524  353]
1951 -- [1162 3648]
1952 -- [1737 3931]
1953 -- [3746 1403]
1954 -- [ 979 3769]
1959 -- [1531 2494]
1960 -- [2425 1226]
1961 -- [2285 1073]
1963 -- [1646 3604]
1964 -- [1291 2924]
1965 -- [3752   45]
1966 -- [2936 1041]
1967 -- [1865 1792]
1968 -- [ 111 3614]
1970 -- [2604  917]
1971 -- [1874  110]
1972 -- [ 394 3950]
1973 -- [3985 1458]
1974 -- [4260  404]
1975 -- [4505 1171]
1976 -- [4102  740]
1977 -- [3121 1387]
1978 -- [1887 1704]
1979 -- [2228  383]
1980 -- [3227 1716]
1981 -- [1387 3850]
1982 -- [2928  766]
1984 -- [4001  437]
1985 -- [3364 1141]
1986 -- [1034 2066]
1988 -- [  96 2804]
1989 -- [2292  198]
1990 -- [ 290 4528]
1991 -- [3330    5]
1992 -- [3537  989]
1993 -- [3762 1616]
1995 -- [1311 3187]
1996 -- [1133 2388]
1997 -- [ 750 3071]
1998 -- [ 525 2563]
1999 -- [  17 3203]
2000 -- [1878  198]
2001 -- [2544 1756]
2002 -- [3975  840]
2004 -- [2037  480]
2005 -- [4430  857]
2006 -- [4422 1093]
2007 -- [4091  633]
2008 -- [2777  148]
2009 -- [ 958 4176]
2010 -- [2186  490]
2011 -- [1182 3798]
2012 -- [2227  586]
2013 -- [ 676 2121]
2014 -- [ 791 4340]
2015 -- [3354  624]
2016 -- [2545 1314]
2017 -- [ 924 3591]
2019 -- [1665 2766]
2020 -- [4336 1751]
2021 -- [2647  334]
2022 -- [2012 1746]
2023 -- [2088  293]
2024 -- [ 924 3673]
2025 -- [1425 3579]
2026 -- [3628 1670]
2027 -- [ 251 4505]
2028 -- [3147 1336]
2029 -- [ 699 3552]
2030 -- [3423 1296]
2031 -- [1022 3739]
2032 -- [ 747 2910]
2033 -- [  35 2597]
2035 -- [2843 1009]
2036 -- [3968 1412]
2037 -- [1657 2601]
2040 -- [ 917 4230]
2041 -- [2045  712]
2042 -- [1444 3270]
2043 -- [3344 1507]
2044 -- [ 343 3109]
2046 -- [4016  678]
2047 -- [ 822 3161]
2048 -- [ 756 2729]
2049 -- [ 440 3215]
2050 -- [2064 1329]
2051 -- [1448 4460]
2052 -- [2306  757]
2053 -- [3503   37]
2055 -- [2263 1205]
2056 -- [3771 1798]
2057 -- [1172 4259]
2058 -- [  52 2567]
2059 -- [4242  175]
2060 -- [1905 1453]
2061 -- [1433 4475]
2062 -- [3520 1689]
2065 -- [1674 2010]
2066 -- [1212 4070]
2067 -- [  22 3303]
2068 -- [   6 2327]
2069 -- [4144 1740]
2070 -- [1141 3117]
2071 -- [1352 2804]
2072 -- [2494 1226]
2073 -- [1717 4306]
2074 -- [3332 1712]
2075 -- [  22 2416]
2076 -- [ 413 3208]
2077 -- [1006 3136]
2080 -- [2895  892]
2081 -- [1152 4130]
2082 -- [3915  465]
2083 -- [3170  901]
2084 -- [1706 3960]
2086 -- [3438  305]
2087 -- [1326 3326]
2088 -- [3705 1741]
2089 -- [4599  908]
2092 -- [3657  289]
2093 -- [4002  407]
2097 -- [ 606 2866]
2098 -- [ 777 3613]
2099 -- [2736  113]
2100 -- [1177 3916]
2101 -- [2949  814]
2102 -- [3050  759]
2103 -- [1919  142]
2104 -- [4344 1798]
2105 -- [ 416 2229]
2106 -- [2251 1438]
2107 -- [ 480 4162]
2108 -- [1035 3593]
2109 -- [4497  525]
2110 -- [3419  320]
2111 -- [ 310 2876]
2113 -- [ 693 1939]
2115 -- [3514  194]
2116 -- [1519 3222]
2117 -- [3719 1444]
2118 -- [4524  149]
2119 -- [ 500 2633]
2120 -- [ 651 4527]
2121 -- [1392 4077]
2122 -- [3133  528]
2123 -- [2826  444]
2124 -- [3263  193]
2125 -- [3304  948]
2126 -- [ 718 3307]
2127 -- [ 987 2674]
2128 -- [1150 3326]
2129 -- [4515  738]
2130 -- [4036 1691]
2131 -- [2111 1518]
2132 -- [ 804 3947]
2133 -- [3836  634]
2134 -- [1062 2667]
2135 -- [2476 1726]
2136 -- [  29 1942]
2137 -- [3526 1347]
2138 -- [4460   44]
2139 -- [1539 3100]
2140 -- [2338  580]
2141 -- [ 275 3746]
2142 -- [1430 4475]
2144 -- [1195 3062]
2145 -- [4569  287]
2146 -- [2882 1665]
2147 -- [3589 1693]
2148 -- [ 946 3194]
2149 -- [3723 1068]
2150 -- [1024 3504]
2151 -- [4582  606]
2152 -- [3749 1433]
2153 -- [2643  804]
2155 -- [ 104 2069]
2158 -- [ 151 3433]
2159 -- [2235  699]
2161 -- [2746  541]
2163 -- [1124 2160]
2164 -- [3791  518]
2165 -- [ 317 2378]
2166 -- [1416 3374]
2167 -- [2508 1665]
2168 -- [1652 2475]
2169 -- [3905  904]
2170 -- [ 809 2738]
2173 -- [3720 1172]
2174 -- [1875 1226]
2175 -- [3298 1658]
2176 -- [ 868 3946]
2177 -- [1408 4551]
2178 -- [ 436 4357]
2179 -- [ 274 4217]
2180 -- [ 693 2412]
2182 -- [ 111 3553]
2184 -- [ 305 1993]
2185 -- [1453 4270]
2186 -- [1295 2405]
2187 -- [2626 1603]
2190 -- [2817  623]
2191 -- [4070 1048]
2193 -- [3153 1323]
2194 -- [3164  958]
2195 -- [3469 1172]
2196 -- [1143 2835]
2197 -- [1665 2740]
2198 -- [1354 4280]
2199 -- [ 439 2112]
2200 -- [4498 1597]
2201 -- [  24 3591]
2202 -- [3158 1563]
2203 -- [ 283 2917]
2204 -- [1837 1184]
2205 -- [2136 1468]
2206 -- [3334  440]
2207 -- [1099 2522]
2208 -- [2213  212]
2209 -- [1206 4455]
2210 -- [ 604 3370]
2211 -- [1479 2097]
2212 -- [4172  325]
2213 -- [3754  571]
2214 -- [4493  684]
2215 -- [ 516 2907]
2216 -- [ 596 3896]
2217 -- [1269 1927]
2218 -- [4461  187]
2219 -- [3365 1053]
2220 -- [4458  492]
2221 -- [3139 1712]
2222 -- [ 631 2459]
2223 -- [ 729 1955]
2224 -- [3696 1339]
2227 -- [3500 1325]
2228 -- [2718   60]
2229 -- [3962 1273]
2230 -- [3231  977]
2231 -- [3570  561]
2232 -- [ 335 3618]
2233 -- [1072 4031]
2234 -- [ 538 2797]
2235 -- [3387  242]
2236 -- [ 956 1960]
2237 -- [1973 1255]
2238 -- [2958 1437]
2239 -- [4383 1593]
2240 -- [4257 1240]
2242 -- [1582 2877]
2243 -- [2235 1355]
2244 -- [3591  988]
2245 -- [ 357 2700]
2246 -- [3352 1272]
2247 -- [ 904 3077]
2248 -- [2964 1401]
2249 -- [ 428 4334]
2250 -- [4302  883]
2252 -- [1737 2792]
2253 -- [3909  728]
2256 -- [2586    3]
2258 -- [ 177 2509]
2260 -- [ 342 3778]
2262 -- [ 420 2717]
2263 -- [1111 3561]
2264 -- [3629  319]
2265 -- [3545  523]
2266 -- [4482  613]
2267 -- [3450  625]
2268 -- [ 886 3850]
2269 -- [1645 4341]
2270 -- [3297 1272]
2271 -- [ 988 2481]
2273 -- [ 881 3688]
2274 -- [2932 1323]
2276 -- [ 600 3643]
2277 -- [3026  930]
2278 -- [4109  993]
2279 -- [1351 4570]
2280 -- [ 686 3501]
2284 -- [2305  493]
2286 -- [1817 1191]
2287 -- [ 173 3342]
2288 -- [1136 4541]
2289 -- [1351 3269]
2290 -- [4136 1484]
2291 -- [ 437 3815]
2293 -- [1623 3342]
2295 -- [1436 2874]
2296 -- [2828 1698]
2297 -- [2631   75]
2298 -- [3694 1493]
2299 -- [3207  774]
2300 -- [1471 2745]
2301 -- [1170 3347]
2302 -- [ 982 2121]
2303 -- [ 632 2053]
2306 -- [2810   23]
2307 -- [1085 2076]
2308 -- [1372 3783]
2309 -- [2935 1664]
2310 -- [ 990 2817]
2311 -- [ 677 3308]
2312 -- [2052 1716]
2313 -- [3778  972]
2314 -- [3217  684]
2315 -- [1639 2020]
2316 -- [ 547 3429]
2318 -- [1112 2957]
2320 -- [2227 1430]
2321 -- [4485   66]
2322 -- [ 682 2882]
2323 -- [ 620 2312]
2324 -- [ 917 3465]
2325 -- [1538 2989]
2326 -- [1690 4549]
2327 -- [1567 3847]
2329 -- [3726  687]
2330 -- [1454 3878]
2331 -- [ 795 4366]
2332 -- [2527 1276]
2333 -- [ 459 4376]
2334 -- [3202  357]
2335 -- [ 801 2560]
2337 -- [ 588 3502]
2338 -- [3992  738]
2339 -- [1095 2184]
2340 -- [1720 2879]
2341 -- [2695  620]
2343 -- [3960 1054]
2344 -- [3455   33]
2345 -- [3777 1226]
2346 -- [1096 3420]
2347 -- [2197  846]
2348 -- [ 123 4462]
2349 -- [ 234 3159]
2350 -- [ 457 2854]
2351 -- [3870 1623]
2353 -- [2088  790]
2354 -- [2087 1149]
2355 -- [4209  793]
2356 -- [1251 4493]
2357 -- [1675 2006]
2359 -- [ 392 4163]
2360 -- [3337  560]
2361 -- [1628 4238]
2362 -- [  66 4283]
2363 -- [4090 1732]
2364 -- [ 282 2295]
2365 -- [3577  568]
2367 -- [1472 2585]
2368 -- [4435  608]
2369 -- [ 677 1969]
2370 -- [2471  842]
2372 -- [4534 1771]
2377 -- [3288  231]
2378 -- [4157  837]
2380 -- [2442  284]
2381 -- [ 421 4270]
2382 -- [2112 1067]
2383 -- [2467  930]
2384 -- [2710 1559]
2385 -- [3653  314]
2386 -- [2257 1580]
2388 -- [3345 1625]
2389 -- [ 255 3331]
2390 -- [1939  819]
2391 -- [2093  156]
2392 -- [3158  627]
2393 -- [1919 1798]
2394 -- [4443 1434]
2395 -- [ 749 2759]
2397 -- [3988 1501]
2398 -- [3118  601]
2399 -- [1900  654]
2400 -- [4527 1264]
2401 -- [ 229 3486]
2402 -- [2308  631]
2403 -- [2583 1041]
2404 -- [1893 1615]
2406 -- [2686 1577]
2408 -- [2173   98]
2409 -- [3810  314]
2410 -- [3783  787]
2412 -- [1983  655]
2413 -- [ 247 3153]
2414 -- [4321 1617]
2415 -- [ 141 3005]
2416 -- [3845  782]
2417 -- [ 309 4451]
2418 -- [2652  235]
2419 -- [ 124 2482]
2420 -- [2568  344]
2421 -- [ 428 1989]
2422 -- [1152 3223]
2423 -- [ 177 2362]
2424 -- [ 368 2396]
2426 -- [2876  498]
2427 -- [3779  246]
2428 -- [2320 1670]
2429 -- [3487 1099]
2430 -- [3682 1584]
2431 -- [3092  434]
2432 -- [3202 1570]
2433 -- [1821 1634]
2434 -- [4106  166]
2435 -- [  58 3890]
2436 -- [4139 1252]
2438 -- [4235  699]
2439 -- [2447 1342]
2440 -- [2595  986]
2442 -- [1302 2018]
2443 -- [ 389 3858]
2444 -- [ 343 2400]
2445 -- [2112  403]
2446 -- [3900 1740]
2448 -- [ 300 4556]
2449 -- [ 617 4225]
2450 -- [2010 1615]
2451 -- [4594 1616]
2453 -- [3076   79]
2454 -- [3065  901]
2455 -- [1003 2649]
2456 -- [2300 1433]
2457 -- [1293 4363]
2458 -- [4350  316]
2459 -- [2930  629]
2460 -- [1631 4439]
2461 -- [4172 1730]
2462 -- [1547 2391]
2463 -- [1724 3297]
2465 -- [1406 3414]
2466 -- [3487 1021]
2467 -- [ 424 2832]
2468 -- [ 130 4473]
2469 -- [ 999 4003]
2470 -- [ 244 3548]
2471 -- [ 798 3520]
2472 -- [ 147 2042]
2473 -- [2485 1658]
2474 -- [1809 4089]
2475 -- [2582 1042]
2476 -- [ 394 4531]
2477 -- [ 646 3302]
2478 -- [ 792 2835]
2479 -- [1875 1533]
2480 -- [1709 1824]
2481 -- [4311  146]
2482 -- [4164 1654]
2483 -- [ 796 2783]
2484 -- [ 280 2118]
2485 -- [1084 1955]
2486 -- [2461 1365]
2487 -- [1045 3007]
2488 -- [1556 4273]
2490 -- [4449 1781]
2491 -- [3779  845]
2492 -- [3227 1054]
2493 -- [3495 1700]
2494 -- [4131  952]
2495 -- [1944 1047]
2496 -- [2069  467]
2497 -- [2201 1188]
2498 -- [ 559 3123]
2499 -- [1044 2268]
2501 -- [ 694 3574]
2503 -- [1346 4006]
2504 -- [2179 1001]
2505 -- [2060  399]
2506 -- [ 783 4047]
2507 -- [ 727 3346]
2508 -- [ 508 2143]
2510 -- [1662 2804]
2512 -- [4280 1318]
2513 -- [1203 4278]
2516 -- [3983  769]
2517 -- [2998 1092]
2518 -- [ 327 3916]
2519 -- [1616 3946]
2520 -- [4307   51]
2522 -- [3911 1222]
2523 -- [3445  963]
2524 -- [4235  973]
2525 -- [ 925 1988]
2526 -- [ 624 1858]
2527 -- [2898 1505]
2528 -- [1790 3407]
2529 -- [3412  519]
2530 -- [ 586 3247]
2531 -- [2630  622]
2532 -- [ 871 4184]
2533 -- [ 460 3197]
2534 -- [3336 1301]
2536 -- [1798 3526]
2537 -- [ 661 2532]
2539 -- [1748 4111]
2540 -- [2163  307]
2541 -- [ 531 3160]
2542 -- [2326  550]
2543 -- [1271 3725]
2544 -- [2903 1011]
2545 -- [1153 3897]
2546 -- [3909 1690]
2547 -- [ 613 3529]
2548 -- [1021 3872]
2549 -- [  53 3829]
2550 -- [1570 2701]
2551 -- [ 604 2864]
2552 -- [1457 2858]
2553 -- [1703 2386]
2554 -- [2935 1007]
2556 -- [1922   70]
2558 -- [2564 1438]
2559 -- [4031 1495]
2561 -- [2963   17]
2562 -- [3483 1654]
2563 -- [1930  291]
2564 -- [2140  894]
2565 -- [2285  526]
2566 -- [ 592 2309]
2567 -- [3522  676]
2568 -- [2022   51]
2570 -- [3354 1238]
2572 -- [2147  584]
2573 -- [3719 1176]
2574 -- [2052  210]
2576 -- [3940  592]
2577 -- [  11 3652]
2578 -- [1606 4364]
2579 -- [2082  367]
2580 -- [3054 1325]
2581 -- [4157 1436]
2583 -- [ 873 3697]
2585 -- [ 932 3012]
2586 -- [  28 2375]
2587 -- [3093  156]
2588 -- [3346 1747]
2589 -- [ 845 1872]
2590 -- [ 599 3275]
2591 -- [3665  768]
2592 -- [1461 4143]
2593 -- [3520  779]
2594 -- [ 950 3274]
2595 -- [3714 1149]
2596 -- [3374  790]
2598 -- [1694 2938]
2599 -- [1485 4031]
2600 -- [3477 1500]
2601 -- [ 475 4287]
2603 -- [ 136 2095]
2605 -- [2319  820]
2606 -- [1467 2827]
2607 -- [ 336 3328]
2608 -- [2006 1396]
2609 -- [1540 3986]
2610 -- [ 421 2133]
2611 -- [ 292 2939]
2612 -- [ 611 4132]
2614 -- [ 735 2637]
2615 -- [3820 1356]
2616 -- [2404  524]
2617 -- [ 343 2429]
2619 -- [3969 1321]
2620 -- [4414  759]
2621 -- [2087 1313]
2622 -- [2301  225]
2623 -- [4405 1242]
2624 -- [1811 2368]
2625 -- [ 206 3089]
2626 -- [2284   79]
2627 -- [4375 1070]
2628 -- [ 716 3507]
2629 -- [2689  920]
2631 -- [2317   65]
2632 -- [4597 1101]
2633 -- [1496 2787]
2634 -- [3612   18]
2635 -- [ 270 3686]
2636 -- [1842   17]
2637 -- [1318 2048]
2638 -- [ 624 3677]
2639 -- [ 405 4144]
2640 -- [1394 3559]
2641 -- [4012 1657]
2642 -- [1435 3683]
2643 -- [1925  132]
2644 -- [1014 3924]
2645 -- [1418 3040]
2646 -- [2580  439]
2647 -- [2924 1577]
2648 -- [ 893 3699]
2650 -- [ 972 3936]
2652 -- [ 698 3921]
2654 -- [2482  280]
2655 -- [1517 3239]
2656 -- [ 516 2896]
2657 -- [3422 1223]
2658 -- [1203 2640]
2659 -- [3134 1664]
2660 -- [4252   82]
2661 -- [ 993 2129]
2662 -- [3968  327]
2663 -- [4387 1692]
2664 -- [ 853 2317]
2665 -- [2533 1319]
2666 -- [3670 1187]
2667 -- [1752 2943]
2668 -- [4295  269]
2669 -- [ 236 1840]
2670 -- [3103  234]
2671 -- [3401  699]
2672 -- [4171 1547]
2673 -- [1674 1960]
2674 -- [ 956 2386]
2675 -- [ 446 2887]
2676 -- [3590 1020]
2677 -- [1947 1500]
2679 -- [4276  314]
2680 -- [ 487 2960]
2682 -- [1288 2506]
2683 -- [2307 1276]
2684 -- [3398 1288]
2685 -- [3688  970]
2686 -- [ 999 3546]
2687 -- [1516 1814]
2688 -- [3296 1725]
2689 -- [4418 1323]
2690 -- [3282 1195]
2691 -- [ 973 3371]
2692 -- [2328   26]
2694 -- [3505  277]
2695 -- [2800 1037]
2696 -- [2262 1571]
2697 -- [4381  324]
2698 -- [2468  537]
2699 -- [1110 4433]
2700 -- [3793  648]
2701 -- [ 633 1852]
2702 -- [  24 2674]
2703 -- [4327  845]
2704 -- [4084 1110]
2705 -- [ 104 3170]
2706 -- [ 924 3516]
2707 -- [3508 1639]
2708 -- [1492 2502]
2709 -- [2812 1373]
2710 -- [2085  108]
2711 -- [1097 2100]
2713 -- [1270 4197]
2714 -- [ 709 2080]
2715 -- [3981 1605]
2717 -- [4122 1406]
2718 -- [ 560 2566]
2719 -- [ 721 2850]
2720 -- [1257 2189]
2721 -- [1052 2255]
2722 -- [ 347 3005]
2723 -- [3449  509]
2724 -- [1143 4312]
2726 -- [3139  575]
2727 -- [4458 1729]
2728 -- [ 177 3626]
2729 -- [1260 2147]
2731 -- [3607  646]
2732 -- [4139 1348]
2733 -- [ 482 4445]
2736 -- [ 521 3972]
2737 -- [2409   77]
2738 -- [ 946 4477]
2739 -- [2537  486]
2740 -- [1455 4124]
2741 -- [4314  556]
2742 -- [2130 1262]
2743 -- [4025  119]
2745 -- [ 786 4086]
2746 -- [2674  813]
2747 -- [ 978 2847]
2748 -- [ 938 3872]
2749 -- [ 253 2250]
2750 -- [3048 1703]
2751 -- [ 307 2818]
2752 -- [3338  257]
2753 -- [1899 1404]
2754 -- [4363  672]
2755 -- [2753  161]
2756 -- [ 260 2139]
2757 -- [1872  760]
2758 -- [4557  788]
2759 -- [1079 2502]
2760 -- [2817  496]
2761 -- [2733 1603]
2764 -- [2221 1677]
2765 -- [1150 2660]
2766 -- [ 383 2625]
2767 -- [ 932 3872]
2768 -- [ 531 2737]
2769 -- [1888  260]
2770 -- [ 172 2528]
2771 -- [2744 1216]
2772 -- [1820 1792]
2773 -- [ 600 2147]
2774 -- [3804  906]
2776 -- [4148  997]
2777 -- [3765 1154]
2778 -- [2920 1388]
2780 -- [ 352 3975]
2781 -- [1237 3973]
2783 -- [1871  437]
2784 -- [3648  111]
2785 -- [2160  269]
2786 -- [ 611 3073]
2787 -- [1846 1075]
2788 -- [3865 1148]
2789 -- [4592  588]
2790 -- [1493 2118]
2791 -- [4564 1517]
2793 -- [ 973 4330]
2795 -- [  53 3279]
2796 -- [4078 1152]
2798 -- [3368  741]
2799 -- [ 909 4479]
2800 -- [ 664 3241]
2801 -- [2500 1577]
2802 -- [2760  210]
2803 -- [ 449 2362]
2804 -- [ 610 2406]
2805 -- [ 366 2344]
2806 -- [ 881 3502]
2807 -- [ 457 2705]
2808 -- [1590 3449]
2809 -- [1570 1838]
2810 -- [1748 4197]
2812 -- [1132 2751]
2814 -- [3136  365]
2816 -- [1663 3403]
2817 -- [2726   46]
2818 -- [2327  845]
2820 -- [3474  499]
2821 -- [1484 3178]
2822 -- [ 295 2851]
2823 -- [1194 2214]
2824 -- [4236  778]
2825 -- [3026  738]
2827 -- [ 614 4119]
2828 -- [2145  663]
2829 -- [  29 2155]
2830 -- [3123 1790]
2831 -- [1686 3069]
2832 -- [2566  288]
2833 -- [ 945 3374]
2834 -- [3434  610]
2835 -- [2646  809]
2837 -- [ 465 2478]
2838 -- [1850 1041]
2839 -- [ 656 2128]
2840 -- [1468 3344]
2841 -- [1678 2250]
2842 -- [2993  148]
2844 -- [3854 1179]
2845 -- [2066 1150]
2847 -- [3627 1403]
2848 -- [3620 1022]
2850 -- [ 786 3521]
2851 -- [4266 1414]
2853 -- [ 212 1983]
2854 -- [3797  983]
2856 -- [4454  419]
2857 -- [ 794 2745]
2858 -- [3564  976]
2859 -- [3169  937]
2860 -- [  11 3276]
2862 -- [2496   32]
2863 -- [ 117 2218]
2864 -- [1268 3814]
2865 -- [1885  134]
2866 -- [3168  848]
2867 -- [4253 1505]
2868 -- [ 257 4177]
2869 -- [4501  906]
2870 -- [4080  595]
2871 -- [2371  103]
2872 -- [3998 1574]
2873 -- [2857 1019]
2874 -- [ 437 2806]
2876 -- [   6 4444]
2877 -- [2234  291]
2878 -- [2690 1496]
2880 -- [1556 2775]
2881 -- [2015  376]
2882 -- [2366 1345]
2883 -- [1283 3616]
2884 -- [3968  410]
2885 -- [3248 1310]
2886 -- [1139 2168]
2887 -- [ 616 3577]
2888 -- [3119  777]
2889 -- [3314 1182]
2890 -- [3293 1691]
2891 -- [3952  478]
2892 -- [2573 1501]
2894 -- [1496 3870]
2895 -- [2832  556]
2896 -- [2305  450]
2898 -- [1002 2219]
2899 -- [2189  704]
2900 -- [3030  377]
2901 -- [ 596 3017]
2902 -- [1109 2194]
2903 -- [1071 4081]
2904 -- [ 828 2138]
2905 -- [1388 1853]
2907 -- [1500 2293]
2908 -- [  58 4357]
2909 -- [3042 1499]
2910 -- [4219  914]
2911 -- [2061   47]
2912 -- [ 429 3452]
2913 -- [2706  291]
2914 -- [4261 1179]
2915 -- [2427  414]
2916 -- [3269  896]
2917 -- [2683 1063]
2918 -- [1108 4119]
2919 -- [2705 1511]
2920 -- [1968  512]
2921 -- [3497 1362]
2922 -- [ 693 3122]
2923 -- [1794 2170]
2925 -- [ 125 3418]
2926 -- [3441  581]
2931 -- [ 468 2520]
2932 -- [ 977 4031]
2933 -- [3100  788]
2934 -- [ 313 2590]
2935 -- [1112 3769]
2936 -- [4424 1337]
2937 -- [4370  173]
2938 -- [1643 3672]
2939 -- [1633 3918]
2940 -- [ 511 1869]
2941 -- [2805  897]
2943 -- [4200  382]
2944 -- [2313  634]
2945 -- [2866 1045]
2946 -- [2148 1640]
2947 -- [3043 1634]
2949 -- [1453 2036]
2950 -- [1016 2065]
2951 -- [1040 3210]
2952 -- [3573 1660]
2953 -- [1501 2742]
2954 -- [4077 1486]
2955 -- [2729   20]
2957 -- [3678 1457]
2958 -- [2773 1507]
2959 -- [ 649 4421]
2960 -- [  98 2345]
2961 -- [1638 4403]
2963 -- [1507 3250]
2964 -- [1690 3178]
2965 -- [ 865 4520]
2966 -- [4546 1419]
2967 -- [1239 2841]
2968 -- [2262 1112]
2969 -- [2129  716]
2970 -- [3693  540]
2973 -- [3707 1585]
2975 -- [1322 3594]
2976 -- [ 510 2383]
2977 -- [ 753 4412]
2978 -- [ 578 2154]
2979 -- [4145  370]
2980 -- [3901  743]
2982 -- [ 967 2865]
2984 -- [ 437 4411]
2985 -- [1640 3084]
2986 -- [4451  217]
2987 -- [3261 1312]
2988 -- [3614 1632]
2989 -- [2657 1354]
2990 -- [ 340 2262]
2991 -- [1098 4040]
2992 -- [2998 1772]
2993 -- [3501   34]
2994 -- [1072 2534]
2997 -- [2646  642]
2998 -- [ 306 4500]
2999 -- [ 562 4189]
3000 -- [1908  222]
3001 -- [3103 1058]
3002 -- [1734 3401]
3004 -- [3744  308]
3005 -- [1139 3055]
3006 -- [3237 1653]
3007 -- [ 360 3027]
3009 -- [ 414 3440]
3011 -- [ 725 3188]
3012 -- [3954  725]
3013 -- [2407  611]
3014 -- [1664 3464]
3015 -- [ 563 4196]
3016 -- [1447 2402]
3017 -- [3671 1593]
3018 -- [  40 2420]
3020 -- [ 781 2823]
3021 -- [1148 3998]
3022 -- [1747 1839]
3023 -- [3011  592]
3024 -- [2910 1047]
3027 -- [ 543 3469]
3028 -- [2510  267]
3029 -- [1863  489]
3030 -- [  11 3247]
3031 -- [ 983 3073]
3032 -- [1447 4155]
3033 -- [3810 1326]
3034 -- [ 389 4514]
3036 -- [1009 3505]
3037 -- [3333  778]
3038 -- [1569 2098]
3040 -- [1023 3511]
3041 -- [3954  309]
3042 -- [3123  590]
3043 -- [4414 1269]
3044 -- [ 571 3964]
3046 -- [2947 1450]
3047 -- [2950 1196]
3048 -- [ 158 4589]
3049 -- [2350  614]
3051 -- [2183 1287]
3053 -- [ 405 2398]
3054 -- [3273 1430]
3057 -- [3313  898]
3058 -- [  74 3510]
3059 -- [4411  762]
3060 -- [3062 1069]
3061 -- [1714 2312]
3062 -- [1665 3803]
3063 -- [ 589 2958]
3064 -- [2998 1154]
3065 -- [1482 3375]
3066 -- [  56 2635]
3068 -- [4478  210]
3069 -- [4376 1151]
3070 -- [2009 1756]
3071 -- [ 498 3864]
3072 -- [3211  578]
3073 -- [3721 1097]
3074 -- [ 370 3639]
3075 -- [2561 1591]
3076 -- [4053 1327]
3078 -- [4019  902]
3079 -- [ 474 2116]
3081 -- [2120  854]
3082 -- [2710 1779]
3083 -- [3832 1390]
3084 -- [ 120 1873]
3086 -- [3493 1645]
3087 -- [ 886 4392]
3088 -- [ 617 2399]
3089 -- [1333 4178]
3090 -- [1745 3670]
3091 -- [1167 4035]
3092 -- [ 114 3170]
3093 -- [  50 2924]
3094 -- [1014 4064]
3095 -- [3271 1334]
3096 -- [ 832 4022]
3097 -- [2303 1241]
3099 -- [ 219 2879]
3100 -- [2668 1488]
3101 -- [2946  794]
3102 -- [3768 1230]
3103 -- [3246 1565]
3104 -- [4106  532]
3105 -- [ 544 4344]
3106 -- [1430 2887]
3107 -- [4579 1125]
3108 -- [3818  224]
3110 -- [1428 2414]
3111 -- [4122 1696]
3112 -- [2087  569]
3113 -- [3496  638]
3114 -- [2891  741]
3115 -- [ 170 2550]
3116 -- [2047  617]
3117 -- [ 491 3551]
3118 -- [2548   69]
3119 -- [ 529 2731]
3121 -- [3410  428]
3122 -- [1558 3410]
3123 -- [3370  123]
3124 -- [3174 1567]
3125 -- [ 306 2395]
3126 -- [1472 3870]
3127 -- [ 237 3151]
3128 -- [1982  688]
3130 -- [ 280 4013]
3131 -- [1198 2949]
3132 -- [3962 1584]
3134 -- [2303   67]
3135 -- [  41 2571]
3136 -- [3825  306]
3137 -- [ 494 4334]
3138 -- [1461 1823]
3140 -- [1410 4515]
3141 -- [4355  756]
3143 -- [1022 2756]
3144 -- [1119 1878]
3146 -- [  51 3184]
3147 -- [ 153 2430]
3148 -- [4257 1147]
3149 -- [2987 1811]
3150 -- [4213 1393]
3151 -- [1233 4100]
3152 -- [3468 1478]
3153 -- [3653  823]
3154 -- [2328  619]
3155 -- [ 219 2733]
3156 -- [1889 1797]
3157 -- [1334 2182]
3159 -- [ 559 3383]
3160 -- [4205  845]
3161 -- [ 364 3345]
3162 -- [ 593 3960]
3163 -- [2739  183]
3165 -- [1603 2949]
3166 -- [3400  417]
3167 -- [2766 1232]
3168 -- [1444 3307]
3169 -- [3563  705]
3170 -- [3478   36]
3171 -- [ 162 4498]
3173 -- [1412 3310]
3174 -- [2000 1183]
3175 -- [ 422 4178]
3176 -- [ 744 4197]
3177 -- [3269  197]
3178 -- [ 557 4155]
3180 -- [3014  419]
3181 -- [ 739 2109]
3182 -- [2391 1381]
3183 -- [3995  255]
3184 -- [ 318 4529]
3185 -- [1161 4272]
3186 -- [1589 2668]
3187 -- [ 247 2316]
3188 -- [1858 1482]
3189 -- [ 786 2666]
3192 -- [1354 2601]
3193 -- [2295  276]
3194 -- [2198  748]
3195 -- [1549 4338]
3197 -- [3207  932]
3198 -- [1011 3085]
3199 -- [3783  344]
3200 -- [1333 3794]
3201 -- [3686 1705]
3202 -- [1941 1481]
3204 -- [1700 3187]
3205 -- [2130 1202]
3208 -- [1834 1579]
3210 -- [3858  398]
3211 -- [1023 3718]
3212 -- [2207  210]
3213 -- [2181 1498]
3214 -- [2062  706]
3215 -- [ 985 3150]
3216 -- [2880  402]
3218 -- [4459 1325]
3219 -- [3032  727]
3221 -- [1114 2697]
3223 -- [3787 1623]
3225 -- [3410  460]
3226 -- [ 426 2045]
3227 -- [ 876 3057]
3228 -- [  23 2842]
3229 -- [ 160 2143]
3230 -- [4011  283]
3231 -- [3468  848]
3233 -- [2408  461]
3234 -- [2223  856]
3235 -- [2598 1302]
3236 -- [1946 1184]
3237 -- [1495 2425]
3238 -- [3615   10]
3239 -- [3621 1798]
3240 -- [3572  896]
3241 -- [ 671 1909]
3242 -- [3861  698]
3243 -- [4170 1290]
3244 -- [4161  179]
3245 -- [2849  642]
3246 -- [1321 2649]
3247 -- [2426 1312]
3248 -- [3168  549]
3249 -- [1892 1626]
3250 -- [ 474 3812]
3251 -- [1723 3976]
3252 -- [2737  917]
3253 -- [1184 4376]
3255 -- [ 423 3349]
3256 -- [1447 3816]
3257 -- [2824  701]
3258 -- [3202  189]
3259 -- [ 229 2965]
3261 -- [2235 1665]
3262 -- [3808 1326]
3263 -- [ 636 3808]
3264 -- [1420 4020]
3265 -- [4586  365]
3266 -- [3376  948]
3267 -- [3507  859]
3268 -- [1975  183]
3271 -- [1302 4243]
3272 -- [4545 1229]
3274 -- [ 758 3386]
3275 -- [4330  644]
3276 -- [ 406 3637]
3277 -- [2033   58]
3278 -- [1781 2262]
3279 -- [3965 1695]
3280 -- [1353 3923]
3282 -- [1078 2342]
3283 -- [2185  945]
3284 -- [ 416 4311]
3285 -- [1266 4534]
3286 -- [3619 1627]
3287 -- [ 980 2948]
3288 -- [ 571 3751]
3289 -- [2531  200]
3291 -- [ 315 4132]
3293 -- [ 615 3969]
3295 -- [4280 1564]
3296 -- [3612  847]
3298 -- [ 119 3667]
3300 -- [ 472 2893]
3301 -- [2570  141]
3302 -- [4070 1735]
3303 -- [1648 4513]
3304 -- [ 228 3119]
3305 -- [1677 3918]
3307 -- [ 306 3641]
3309 -- [3080 1392]
3310 -- [2695   77]
3311 -- [3610  105]
3312 -- [ 879 2275]
3313 -- [1806 2703]
3314 -- [1316 3169]
3316 -- [1813 1215]
3318 -- [ 601 2045]
3319 -- [2467 1344]
3320 -- [2791  731]
3321 -- [ 718 2851]
3322 -- [4400 1603]
3323 -- [3957  159]
3324 -- [  37 1841]
3326 -- [4445 1363]
3327 -- [2620  577]
3328 -- [3499 1420]
3330 -- [2921  132]
3331 -- [4176  956]
3332 -- [1265 4503]
3333 -- [ 950 1892]
3334 -- [3381 1287]
3335 -- [4525  598]
3336 -- [ 472 4131]
3338 -- [2864 1370]
3340 -- [1883 1372]
3341 -- [2604 1668]
3342 -- [4164  972]
3343 -- [1412 1896]
3344 -- [1012 2004]
3345 -- [1742 3817]
3346 -- [4136  179]
3348 -- [1848 1359]
3349 -- [2024   33]
3350 -- [2070  960]
3351 -- [4047  253]
3353 -- [ 277 1961]
3354 -- [2941 1221]
3355 -- [ 495 2216]
3356 -- [ 504 1823]
3357 -- [4114 1039]
3360 -- [ 340 3539]
3361 -- [3149 1175]
3362 -- [3025 1247]
3363 -- [1312 2438]
3364 -- [3218  364]
3365 -- [1053 4144]
3366 -- [ 590 3421]
3367 -- [2183  258]
3369 -- [4360  766]
3370 -- [1906 1198]
3372 -- [ 660 4153]
3373 -- [1914  158]
3374 -- [2935 1152]
3378 -- [1753 2310]
3379 -- [3834 1141]
3381 -- [2756  459]
3382 -- [ 934 2324]
3383 -- [3585    5]
3384 -- [1745 4233]
3385 -- [1249 2368]
3386 -- [4277  420]
3387 -- [3802  229]
3388 -- [3835  518]
3389 -- [2885  572]
3390 -- [1693 4301]
3391 -- [1740 3767]
3392 -- [  10 3480]
3393 -- [ 434 4242]
3394 -- [  50 2062]
3395 -- [3191  576]
3396 -- [2922  863]
3397 -- [2005   46]
3398 -- [4419 1463]
3399 -- [4064  749]
3401 -- [ 495 4107]
3404 -- [2832 1768]
3405 -- [2272  824]
3406 -- [ 185 1916]
3407 -- [4281 1427]
3408 -- [3803 1098]
3409 -- [4521  872]
3410 -- [4223  228]
3411 -- [4264  651]
3412 -- [ 625 3332]
3413 -- [ 367 2466]
3414 -- [1135 3498]
3416 -- [ 871 2103]
3417 -- [3689 1344]
3420 -- [4579 1599]
3422 -- [1475 2979]
3423 -- [2197 1670]
3424 -- [4162 1454]
3425 -- [1000 3269]
3426 -- [4519 1558]
3427 -- [3353  856]
3429 -- [ 392 2709]
3431 -- [1288 3249]
3432 -- [2761   54]
3433 -- [1888  710]
3435 -- [4323  582]
3437 -- [1798 2339]
3439 -- [ 704 3356]
3440 -- [3446 1593]
3441 -- [2720 1257]
3442 -- [3672 1734]
3443 -- [ 609 2005]
3444 -- [3826 1059]
3445 -- [1319 3438]
3446 -- [3798 1138]
3447 -- [3851 1282]
3448 -- [4131 1281]
3449 -- [1093 2664]
3450 -- [ 642 3300]
3452 -- [1357 3872]
3453 -- [3477  446]
3454 -- [2751 1403]
3455 -- [ 313 2053]
3456 -- [1345 1834]
3457 -- [  18 3081]
3458 -- [1086 3914]
3459 -- [3571  263]
3460 -- [1509 2356]
3461 -- [3682  895]
3462 -- [ 753 3123]
3463 -- [3846  536]
3464 -- [1108 2439]
3465 -- [ 887 4243]
3468 -- [1243 2700]
3469 -- [1284 3192]
3470 -- [ 146 3392]
3471 -- [3189   54]
3472 -- [3584  683]
3473 -- [1323 4297]
3475 -- [3609  482]
3476 -- [4012  678]
3477 -- [ 764 3090]
3478 -- [2105  240]
3479 -- [1913  901]
3481 -- [  65 2848]
3482 -- [1614 3071]
3483 -- [2316 1097]
3485 -- [1372 2195]
3486 -- [2799 1156]
3487 -- [3313 1021]
3488 -- [2417 1102]
3490 -- [3326  521]
3491 -- [1073 2142]
3492 -- [3564  985]
3495 -- [3884 1800]
3496 -- [ 444 4311]
3497 -- [ 678 4469]
3498 -- [1784 3125]
3499 -- [2865  202]
3500 -- [ 442 2535]
3501 -- [1943  121]
3502 -- [4548 1328]
3503 -- [1445 3346]
3505 -- [ 578 4072]
3506 -- [2329 1197]
3507 -- [1189 1874]
3508 -- [  35 4430]
3509 -- [4567 1201]
3510 -- [  25 3103]
3511 -- [ 795 4458]
3512 -- [ 971 2906]
3513 -- [4539  771]
3514 -- [1154 3919]
3515 -- [4158  651]
3516 -- [1665 3428]
3517 -- [2465  357]
3518 -- [1809 3251]
3519 -- [ 893 2483]
3520 -- [4258   61]
3521 -- [ 344 1997]
3522 -- [1892  188]
3523 -- [2218 1786]
3524 -- [3721 1464]
3525 -- [ 616 2906]
3526 -- [1804 2004]
3527 -- [  94 3133]
3528 -- [ 246 4519]
3529 -- [3217  595]
3531 -- [3728 1675]
3532 -- [1823  214]
3533 -- [3837  788]
3534 -- [ 536 4105]
3536 -- [ 549 3992]
3537 -- [2521  804]
3539 -- [3008 1214]
3540 -- [3227  309]
3541 -- [ 188 4533]
3542 -- [4198 1249]
3543 -- [ 486 3452]
3544 -- [1490 2687]
3545 -- [1459 2657]
3546 -- [3768  749]
3547 -- [3386  140]
3548 -- [3255  828]
3549 -- [3992  748]
3550 -- [1864 1283]
3551 -- [1268 3755]
3552 -- [1602 3490]
3553 -- [3870 1768]
3554 -- [ 725 4109]
3556 -- [4579  452]
3557 -- [3336  449]
3558 -- [2842   53]
3559 -- [3252 1095]
3560 -- [1442 3580]
3561 -- [4165  852]
3562 -- [ 736 2930]
3563 -- [1241 3046]
3564 -- [2301 1435]
3565 -- [3909 1063]
3566 -- [1357 3114]
3567 -- [ 502 4587]
3569 -- [2184 1595]
3570 -- [4096 1735]
3571 -- [1590 3256]
3572 -- [2228 1668]
3573 -- [ 309 3836]
3574 -- [2662 1369]
3575 -- [ 939 2778]
3576 -- [1797 4052]
3578 -- [3815 1504]
3580 -- [2980  210]
3581 -- [2266   35]
3582 -- [1716 3980]
3584 -- [2524  170]
3585 -- [1629 3583]
3586 -- [1504 4329]
3587 -- [ 589 2214]
3588 -- [ 128 2693]
3589 -- [ 693 2503]
3590 -- [1449 3296]
3591 -- [3148  137]
3592 -- [1046 2048]
3594 -- [ 268 3647]
3595 -- [1821 1312]
3596 -- [1991  731]
3597 -- [  28 3150]
3600 -- [  96 4506]
3601 -- [2335  759]
3604 -- [3704  599]
3605 -- [1993  893]
3606 -- [2234  549]
3607 -- [1899  889]
3608 -- [3326  471]
3609 -- [2005 1354]
3611 -- [3372  557]
3612 -- [ 418 2797]
3613 -- [1297 2885]
3614 -- [1406 3228]
3615 -- [ 326 2745]
3617 -- [ 109 3081]
3618 -- [2803 1373]
3619 -- [4543 1131]
3620 -- [1514 3418]
3621 -- [ 775 3180]
3622 -- [1231 4327]
3623 -- [3926  187]
3624 -- [1902  294]
3625 -- [3443 1183]
3626 -- [1294 3609]
3627 -- [2052 1066]
3628 -- [3144  777]
3629 -- [2577  969]
3631 -- [3530 1784]
3632 -- [1748 3675]
3633 -- [1325 4309]
3634 -- [1395 3360]
3635 -- [1283 4161]
3636 -- [1703 2460]
3638 -- [ 775 4044]
3640 -- [1479 3868]
3641 -- [3906  552]
3642 -- [3231 1720]
3643 -- [2870  439]
3645 -- [3090  592]
3647 -- [1449 3873]
3648 -- [1243 2591]
3649 -- [1906  313]
3651 -- [ 834 2279]
3652 -- [3642 1512]
3653 -- [3829  734]
3654 -- [3562  919]
3655 -- [   2 3703]
3656 -- [ 187 3912]
3657 -- [2780 1191]
3658 -- [2827 1300]
3659 -- [ 364 4180]
3660 -- [1893 1582]
3661 -- [ 566 2193]
3662 -- [1202 3344]
3663 -- [2367  517]
3664 -- [  51 3911]
3665 -- [3975 1226]
3666 -- [4196  894]
3667 -- [4234  807]
3668 -- [1206 2883]
3669 -- [4455  718]
3670 -- [2310 1754]
3671 -- [ 831 2261]
3672 -- [4018 1698]
3673 -- [ 589 3432]
3674 -- [2073  143]
3676 -- [ 847 2404]
3677 -- [ 275 3290]
3680 -- [ 306 2696]
3681 -- [2582  145]
3682 -- [3831 1603]
3684 -- [ 617 3991]
3685 -- [ 414 3914]
3686 -- [ 512 2804]
3687 -- [3324  921]
3688 -- [ 543 2719]
3689 -- [1251 3430]
3691 -- [1499 2912]
3692 -- [2271 1150]
3693 -- [2582  504]
3695 -- [4252 1430]
3696 -- [ 217 2057]
3697 -- [3462 1021]
3698 -- [1720 3624]
3699 -- [2300  901]
3701 -- [2114  394]
3703 -- [ 920 3971]
3704 -- [ 133 3259]
3705 -- [1564 4296]
3706 -- [3023 1051]
3708 -- [1251 2532]
3709 -- [3230  986]
3711 -- [ 209 1834]
3712 -- [2844 1368]
3713 -- [3798 1197]
3714 -- [2718  858]
3715 -- [4478 1615]
3716 -- [ 818 4330]
3717 -- [3234 1210]
3718 -- [ 825 4479]
3719 -- [3137   24]
3720 -- [3111  305]
3722 -- [2461  368]
3723 -- [1995 1116]
3724 -- [3382  568]
3725 -- [1665 3456]
3726 -- [ 486 4374]
3727 -- [ 904 3634]
3728 -- [1553 2018]
3729 -- [2810  390]
3730 -- [1581 1977]
3732 -- [2684  675]
3733 -- [ 196 4282]
3734 -- [3187 1739]
3735 -- [1374 4292]
3736 -- [  88 4513]
3737 -- [4047 1674]
3738 -- [3163 1271]
3739 -- [ 367 1905]
3740 -- [3337  623]
3741 -- [ 696 2679]
3742 -- [ 407 4330]
3744 -- [2180  532]
3745 -- [2464  411]
3746 -- [2960 1210]
3747 -- [1274 3649]
3748 -- [1325 3793]
3749 -- [1426 2796]
3751 -- [3729 1500]
3752 -- [  60 2634]
3753 -- [2070  149]
3754 -- [1633 4230]
3755 -- [3617  644]
3756 -- [1170 4016]
3757 -- [1564 2069]
3760 -- [1590 3316]
3761 -- [3815  275]
3763 -- [3802 1600]
3764 -- [ 717 2698]
3766 -- [3562  193]
3767 -- [4260  709]
3768 -- [3178  286]
3769 -- [3128  352]
3770 -- [3259  890]
3771 -- [1871 1694]
3772 -- [ 292 3043]
3773 -- [1788 3788]
3774 -- [3324 1657]
3775 -- [4550  287]
3776 -- [2091 1555]
3777 -- [3289  354]
3778 -- [3401 1083]
3780 -- [2268 1260]
3781 -- [ 161 4010]
3782 -- [ 263 3516]
3784 -- [3924  923]
3785 -- [1917 1348]
3786 -- [3379  741]
3787 -- [1742 3213]
3788 -- [  17 3440]
3789 -- [2458  180]
3790 -- [3812 1496]
3791 -- [1723 3331]
3793 -- [1101 4150]
3794 -- [4068  880]
3796 -- [2805 1585]
3797 -- [2715  734]
3798 -- [1550 4389]
3799 -- [2486  332]
3801 -- [2870 1221]
3802 -- [  65 3788]
3804 -- [4094  484]
3805 -- [2588 1231]
3806 -- [1273 2489]
3807 -- [2367  969]
3808 -- [1792 2980]
3809 -- [4020 1577]
3810 -- [1507 4273]
3811 -- [1451 2503]
3812 -- [1315 3553]
3813 -- [1372 2625]
3814 -- [1345 2400]
3815 -- [1368 3628]
3818 -- [ 592 3374]
3820 -- [1197 2064]
3821 -- [ 602 3614]
3822 -- [ 393 3511]
3826 -- [2998 1364]
3827 -- [2633  471]
3828 -- [4408  774]
3830 -- [3388  773]
3831 -- [ 309 2433]
3832 -- [1750 4432]
3834 -- [3921  677]
3835 -- [2067  451]
3836 -- [1350 2293]
3837 -- [ 543 4489]
3839 -- [1750 2753]
3840 -- [3403 1281]
3841 -- [1848  743]
3843 -- [2424  955]
3844 -- [3961  166]
3845 -- [ 444 4260]
3846 -- [ 468 4020]
3847 -- [ 931 2847]
3848 -- [1756 4099]
3849 -- [  15 4272]
3850 -- [3494  990]
3851 -- [1553 3032]
3852 -- [ 613 2463]
3853 -- [2337  141]
3854 -- [ 542 1944]
3855 -- [1390 1921]
3856 -- [1480 3055]
3857 -- [4362 1467]
3858 -- [ 212 3426]
3859 -- [1024 3494]
3860 -- [4039 1151]
3861 -- [4223 1509]
3862 -- [3855  505]
3863 -- [2624  627]
3864 -- [2094   93]
3865 -- [3455 1044]
3866 -- [3265  609]
3867 -- [2207  459]
3868 -- [1413 3953]
3869 -- [2804 1636]
3871 -- [1577 2234]
3873 -- [ 252 4446]
3874 -- [4516  732]
3875 -- [1331 2667]
3876 -- [1350 2903]
3877 -- [ 314 2856]
3878 -- [4534  636]
3879 -- [2839  123]
3880 -- [   7 4342]
3881 -- [4264 1505]
3882 -- [  25 3688]
3883 -- [ 423 2524]
3884 -- [3377 1796]
3885 -- [2616   93]
3886 -- [1587 2468]
3887 -- [2934  180]
3888 -- [2749 1144]
3889 -- [3560  788]
3890 -- [1019 3664]
3892 -- [4046  146]
3893 -- [2475 1399]
3894 -- [1709 3792]
3895 -- [2343  970]
3896 -- [1410 2477]
3897 -- [2355  924]
3898 -- [3635  836]
3900 -- [2166  560]
3901 -- [ 188 3492]
3902 -- [2500  679]
3903 -- [ 575 2954]
3905 -- [1157 2134]
3908 -- [1281 3605]
3909 -- [3537 1541]
3910 -- [3441 1321]
3911 -- [ 370 3608]
3912 -- [2416  276]
3913 -- [ 103 3176]
3914 -- [2320  188]
3915 -- [2818  837]
3917 -- [ 695 2745]
3918 -- [ 231 3167]
3919 -- [2619 1168]
3920 -- [ 508 2766]
3921 -- [ 495 2595]
3923 -- [ 696 3107]
3924 -- [2913  119]
3925 -- [  54 1982]
3926 -- [ 446 3997]
3927 -- [ 229 3566]
3929 -- [2967  119]
3931 -- [ 563 4097]
3932 -- [2759  500]
3933 -- [2488  581]
3936 -- [3767 1002]
3937 -- [1266 3332]
3939 -- [ 526 3386]
3940 -- [1514 2790]
3941 -- [2038  931]
3942 -- [ 339 3529]
3943 -- [2140  225]
3944 -- [ 525 3131]
3945 -- [4163   21]
3946 -- [1734 3163]
3948 -- [4449  671]
3950 -- [3642 1395]
3951 -- [2060  407]
3952 -- [1794 1936]
3953 -- [3606   92]
3954 -- [2784  769]
3955 -- [ 439 4141]
3956 -- [  62 3192]
3958 -- [2161  555]
3959 -- [2902  376]
3960 -- [2298  570]
3961 -- [3157  440]
3962 -- [ 777 3541]
3963 -- [1393 2474]
3964 -- [1662 3764]
3965 -- [ 799 4257]
3966 -- [1294 2416]
3967 -- [ 840 3628]
3968 -- [ 577 3399]
3970 -- [3847  842]
3972 -- [  67 2130]
3973 -- [2038  848]
3974 -- [1442 3916]
3975 -- [2893 1239]
3976 -- [3472 1627]
3977 -- [ 906 3836]
3978 -- [ 286 2310]
3979 -- [1684 2012]
3980 -- [1063 2287]
3981 -- [1707 2805]
3982 -- [3461 1435]
3983 -- [ 339 4561]
3985 -- [1671 4010]
3986 -- [2581  901]
3987 -- [2334 1665]
3988 -- [1206 4508]
3989 -- [2014  569]
3990 -- [2329 1156]
3991 -- [ 825 4093]
3992 -- [   6 3533]
3994 -- [2356 1605]
3995 -- [4043  716]
3996 -- [1931 1082]
3997 -- [4522  830]
4000 -- [ 383 3987]
4001 -- [1317 1935]
4002 -- [1442 2555]
4003 -- [4413 1212]
4004 -- [1146 3339]
4005 -- [1001 4401]
4007 -- [2644  976]
4008 -- [4460  464]
4010 -- [2980 1189]
4011 -- [2103  108]
4012 -- [ 252 3612]
4013 -- [1824  835]
4014 -- [3768  803]
4015 -- [3720  424]
4016 -- [1471 3230]
4017 -- [ 792 1845]
4018 -- [2536  531]
4019 -- [3370 1353]
4020 -- [1784 3728]
4021 -- [1640 2162]
4022 -- [ 586 3543]
4024 -- [ 536 3782]
4025 -- [ 681 2679]
4026 -- [1116 2806]
4027 -- [1873  275]
4028 -- [ 417 3764]
4029 -- [ 540 2026]
4031 -- [1326 4410]
4032 -- [2829 1747]
4033 -- [2541 1062]
4034 -- [3011 1123]
4035 -- [ 169 4571]
4036 -- [ 741 2789]
4037 -- [ 687 4114]
4038 -- [3462 1435]
4039 -- [1770 2083]
4040 -- [2072   92]
4041 -- [4112 1243]
4042 -- [4564 1066]
4045 -- [1204 3370]
4046 -- [2463 1675]
4047 -- [4323  326]
4048 -- [1747 4488]
4049 -- [1382 2366]
4050 -- [1116 1819]
4051 -- [ 247 3771]
4052 -- [3047   86]
4054 -- [4197  108]
4055 -- [1263 2548]
4058 -- [2224  492]
4059 -- [ 776 3711]
4060 -- [1430 2210]
4061 -- [3584 1685]
4062 -- [4568  935]
4064 -- [3189  792]
4065 -- [2389 1369]
4066 -- [ 852 2159]
4067 -- [1792 3345]
4068 -- [ 277 4050]
4072 -- [1836 1375]
4073 -- [1811 2239]
4075 -- [2597  213]
4076 -- [1391 3521]
4077 -- [4061  154]
4079 -- [4419  419]
4080 -- [2886 1006]
4081 -- [1473 2346]
4082 -- [ 541 2309]
4083 -- [1766 3151]
4084 -- [2947  429]
4086 -- [2759 1059]
4088 -- [3550 1435]
4089 -- [2250 1615]
4090 -- [1402 1936]
4092 -- [ 465 2723]
4093 -- [1448 4094]
4095 -- [2993  779]
4096 -- [1059 3538]
4097 -- [1122 3338]
4098 -- [ 459 3001]
4099 -- [ 146 1972]
4100 -- [3643   72]
4101 -- [  67 1965]
4102 -- [1776 2663]
4103 -- [1931  438]
4104 -- [1005 3108]
4105 -- [4370 1621]
4107 -- [ 819 4364]
4108 -- [ 126 1818]
4109 -- [ 643 3243]
4110 -- [3652 1317]
4111 -- [3454 1406]
4112 -- [4292  647]
4113 -- [1950 1736]
4115 -- [2431 1635]
4117 -- [1625 3188]
4118 -- [2316  778]
4119 -- [2476   40]
4120 -- [3133 1518]
4121 -- [2293 1077]
4123 -- [1618 2210]
4124 -- [ 614 3425]
4125 -- [1561 4510]
4126 -- [1115 2625]
4127 -- [3245  483]
4128 -- [4221 1198]
4129 -- [4269 1332]
4131 -- [1829 1284]
4132 -- [ 254 2471]
4133 -- [1070 2453]
4134 -- [3273 1384]
4135 -- [3934  805]
4136 -- [1336 3847]
4137 -- [2733   23]
4138 -- [  40 3236]
4139 -- [2840 1362]
4140 -- [ 211 2696]
4141 -- [2833  415]
4143 -- [4498   78]
4144 -- [4469 1500]
4145 -- [3664 1667]
4147 -- [ 538 2544]
4149 -- [3096  496]
4150 -- [4584 1154]
4151 -- [2906 1086]
4152 -- [1753 4156]
4153 -- [ 350 1829]
4154 -- [1985  477]
4155 -- [ 290 4315]
4156 -- [1586 4092]
4157 -- [ 930 3090]
4158 -- [1702 3214]
4159 -- [1876 1591]
4160 -- [ 381 3585]
4161 -- [ 871 3907]
4163 -- [1693 2967]
4165 -- [ 704 3479]
4166 -- [ 451 3502]
4167 -- [2171    4]
4168 -- [4560 1291]
4169 -- [ 840 3463]
4170 -- [ 948 3745]
4171 -- [  44 4203]
4172 -- [1106 3215]
4173 -- [1458 2377]
4176 -- [ 751 2230]
4177 -- [4533  561]
4178 -- [3200  992]
4179 -- [3975 1725]
4180 -- [ 334 3917]
4181 -- [1587 3826]
4182 -- [1381 3982]
4184 -- [4073  939]
4185 -- [1447 2804]
4186 -- [ 804 2981]
4187 -- [2773 1115]
4188 -- [4098  239]
4189 -- [1171 4107]
4191 -- [ 643 3302]
4192 -- [2291  896]
4193 -- [4031  717]
4194 -- [3856  800]
4195 -- [3466  340]
4197 -- [4503  487]
4198 -- [ 402 4183]
4199 -- [3941  447]
4200 -- [2728 1194]
4202 -- [4009  179]
4203 -- [ 834 2815]
4204 -- [ 865 2226]
4206 -- [3803  270]
4208 -- [ 440 3029]
4209 -- [4483  437]
4210 -- [1099 4168]
4211 -- [ 242 2630]
4212 -- [1473 3961]
4213 -- [2586  475]
4214 -- [1171 3296]
4215 -- [4457  978]
4216 -- [2358  241]
4217 -- [2885 1507]
4218 -- [4173  302]
4219 -- [1260 2355]
4220 -- [2458 1768]
4221 -- [3113 1365]
4222 -- [1667 2862]
4226 -- [ 106 2547]
4227 -- [ 524 3030]
4228 -- [3272 1722]
4231 -- [2747 1186]
4232 -- [ 558 2399]
4233 -- [2535  836]
4234 -- [2672 1199]
4235 -- [ 582 3568]
4236 -- [3942  999]
4237 -- [4505  380]
4238 -- [ 409 2167]
4240 -- [2646 1696]
4243 -- [3694  384]
4244 -- [ 412 2628]
4246 -- [1069 3756]
4247 -- [4217  771]
4248 -- [ 408 2949]
4249 -- [3530  401]
4250 -- [2054  131]
4251 -- [ 143 1939]
4253 -- [ 779 3098]
4254 -- [3222 1656]
4255 -- [3510  811]
4256 -- [3888 1395]
4257 -- [ 297 3638]
4258 -- [3157   38]
4259 -- [3585 1210]
4260 -- [1413 3617]
4261 -- [1001 4171]
4262 -- [4290  193]
4263 -- [3173  921]
4264 -- [2152 1675]
4265 -- [ 728 3370]
4266 -- [1182 4075]
4267 -- [4239  985]
4268 -- [3255 1150]
4270 -- [2808   58]
4271 -- [2842  434]
4272 -- [1038 2837]
4273 -- [  91 4411]
4274 -- [1780 3654]
4276 -- [2606 1244]
4277 -- [1095 3311]
4278 -- [ 799 2089]
4279 -- [1472 2812]
4280 -- [1055 3877]
4281 -- [ 898 2651]
4282 -- [ 825 3463]
4283 -- [2458   25]
4285 -- [1006 2296]
4286 -- [4182  137]
4287 -- [3802 1615]
4288 -- [1021 2527]
4290 -- [1124 4330]
4291 -- [2786 1321]
4292 -- [4058   28]
4293 -- [ 316 3764]
4294 -- [3350 1541]
4295 -- [4251  528]
4296 -- [1582 3560]
4299 -- [4236 1486]
4300 -- [3226 1701]
4301 -- [3126  890]
4302 -- [4299  598]
4304 -- [3729 1734]
4306 -- [1699 2713]
4307 -- [ 326 4593]
4308 -- [3871   22]
4309 -- [1920  236]
4310 -- [4236  347]
4311 -- [ 272 3015]
4313 -- [4496  926]
4315 -- [1052 1845]
4316 -- [3122  132]
4317 -- [1697 4107]
4318 -- [ 786 2542]
4319 -- [ 101 2334]
4320 -- [ 113 3913]
4322 -- [1749 4239]
4323 -- [1516 4400]
4325 -- [3124 1071]
4326 -- [3200 1041]
4327 -- [1701 4046]
7 -time: 0.02058 -dim: (11172, 2)
8 -time: 0.00013 -dim: (7, 57)
9 -time: 3.74506 -dim: (1835400, 3)
10 -time: 5.26546 -dim: (1730141, 3)
11_12 -time: 0.18483 -dim: [110424, 2]
13 -time: 0.07378 -dim: (36808, 4)
14_15 -time: 0.03223 -dim: [798, 2]
16 -time: 0.00001 -dim: (0, 2)
17_18 -time: 0.34701 -dim: [73616, 3]
19 -time: 0.00008 -dim: (1, 1)
20 -time: 0.22318 -dim: (0, 4601)
21 -time: 0.00078 -dim: (1, 4601)
22 -time: 0.00008 -dim: (4328, 3)
23 -time: 0.00004 -dim: (4328, 3)
24 -time: 0.00005 -dim: (0, 5)
25 -time: 0.00009 -dim: (4874, 3)
26 -time: 0.00007 -dim: (4874, 3)
smtPr 22-26 -time: 0.02787 -dim: nan
slvr_header -time: 1.43404 -dim: nan
*solver* -time: 900.13832 -dim: nan
res_read -time: 0.12109 -dim: nan
-- SUM CL TIME: 9.92133          |  SUM other TIME: 901.69345          |  SUM TIME: 911.61478
