num branch_node: 7
num leaf_node: 8
num feature: 57
tree_depth: 3
num label: 2
nDC: 2432

***variables
a: 1 - 399 -> 399
s: 400 - 32606 -> 32207
z: 32607 - 69414 -> 36808
g: 69415 - 69430 -> 16
x: 69431 - 78632 -> 9202
ml: 78633 - 79844 -> 1212
cl: 79845 - 80932 -> 1088

variables***
[debug] --> CL ML ratio 1
the cl header --> p wcnf 80932 3805268 2301

timeout 900s ~/SAT_Project/loandra-master/loandra_static -pmreslin-cglim=30 -weight-strategy=1 -print-model -verbosity=1 ./solutions/spam_0.1_mc0.5_s3556_r1/phase_1_clauses_final >./solutions/spam_0.1_mc0.5_s3556_r1/phase_1_loandra_res

Start to read loandra res
*loandra status: SATISFIABLE
-ml sat and violated: 988 | 224  | total #ml: 1212 | -violated weight: 224
1 -- [462 409]
8 -- [ 917 1535]
13 -- [3024 3136]
17 -- [421  15]
21 -- [360 859]
22 -- [1564  457]
33 -- [ 185 1280]
35 -- [ 179 1541]
46 -- [1682  619]
50 -- [308   6]
52 -- [1116  350]
59 -- [628 641]
73 -- [4026 3519]
89 -- [1400 1775]
94 -- [2316 4546]
99 -- [1125  303]
103 -- [1244   97]
112 -- [1215  226]
119 -- [1791  443]
120 -- [1464  897]
125 -- [1690  229]
129 -- [ 940 1623]
137 -- [1144  535]
139 -- [ 174 1235]
143 -- [1719 1492]
151 -- [1051  628]
153 -- [ 886 1660]
155 -- [1084  850]
156 -- [171 890]
159 -- [ 425 1748]
161 -- [ 762 1778]
162 -- [2449 3372]
166 -- [1185 1171]
174 -- [ 193 1733]
176 -- [ 855 1627]
178 -- [1481 1677]
183 -- [1776 1680]
185 -- [  80 1461]
186 -- [2761 3005]
190 -- [1437 1088]
191 -- [585 632]
194 -- [ 869 1037]
195 -- [867 703]
204 -- [1616  553]
210 -- [1266 1262]
215 -- [1260  509]
221 -- [1435  284]
226 -- [1336  671]
237 -- [145 561]
238 -- [479 734]
246 -- [2304 4293]
254 -- [276 503]
255 -- [1289  483]
256 -- [  71 1430]
276 -- [1512  529]
277 -- [2099 3225]
282 -- [ 199 1463]
290 -- [1746  129]
291 -- [910 683]
294 -- [  86 1279]
305 -- [1350  486]
307 -- [1137  785]
320 -- [1700  388]
324 -- [299 382]
335 -- [2774 3398]
349 -- [117 839]
351 -- [145 398]
352 -- [333  89]
358 -- [4422 1871]
369 -- [1570 1141]
382 -- [2721 2387]
384 -- [ 262 1435]
385 -- [2705 3077]
386 -- [2725 2980]
390 -- [4212 2304]
398 -- [644 436]
400 -- [1240  433]
402 -- [1376   91]
404 -- [550 982]
409 -- [1285 1777]
414 -- [1179 1233]
417 -- [1238  559]
419 -- [ 808 1637]
430 -- [1483 1248]
431 -- [1579 1582]
432 -- [908 423]
435 -- [666 255]
438 -- [ 540 1570]
448 -- [ 614 1637]
454 -- [1296 1019]
457 -- [ 636 1107]
462 -- [ 217 1416]
466 -- [1156  675]
468 -- [3082 3225]
470 -- [2963 3144]
478 -- [ 417 1026]
480 -- [1183  471]
490 -- [1155  185]
491 -- [1235 1656]
493 -- [702 906]
494 -- [ 230 1260]
502 -- [ 740 1586]
505 -- [1549 1287]
513 -- [3943 3586]
530 -- [1357 1274]
532 -- [1871 4207]
534 -- [2280 4482]
537 -- [2655 2547]
542 -- [1428  227]
554 -- [1694  702]
566 -- [3678 3997]
583 -- [337 437]
589 -- [2222 2122]
590 -- [3804 2134]
596 -- [2544 3194]
599 -- [ 131 1457]
606 -- [2483 3011]
618 -- [2126 2399]
626 -- [170 137]
628 -- [ 982 1354]
629 -- [4276 2483]
631 -- [3809 4257]
639 -- [ 320 1717]
650 -- [193 990]
652 -- [ 332 1043]
653 -- [155 745]
655 -- [1299  500]
656 -- [ 41 123]
658 -- [3790 2755]
659 -- [2756 3005]
669 -- [3309 4342]
671 -- [641 386]
674 -- [2890 3542]
686 -- [539 344]
692 -- [ 432 1566]
695 -- [ 448 1631]
709 -- [1255 1192]
710 -- [1216  534]
713 -- [4134 3786]
723 -- [3276 2747]
725 -- [1646   40]
727 -- [4236 3738]
734 -- [2586 4452]
750 -- [ 249 1164]
760 -- [3513 3814]
761 -- [ 355 1336]
770 -- [1680  474]
776 -- [1611  375]
779 -- [ 814 1374]
780 -- [1188  103]
786 -- [1808    3]
788 -- [447 640]
792 -- [563 627]
801 -- [1805 1490]
803 -- [184 363]
812 -- [3277 3035]
819 -- [1340  430]
822 -- [1577 1263]
823 -- [4322 3314]
827 -- [1592 1026]
834 -- [ 77 328]
841 -- [ 529 1706]
848 -- [242 874]
856 -- [1627  286]
872 -- [1451  265]
874 -- [622 746]
890 -- [4341 4258]
895 -- [ 150 1385]
901 -- [ 922 1776]
912 -- [2894 3399]
916 -- [586 499]
936 -- [2301 2259]
953 -- [917 633]
956 -- [ 134 1538]
957 -- [3551 4029]
958 -- [1074 1589]
969 -- [1453   71]
983 -- [2028 3853]
984 -- [ 724 1535]
985 -- [950 843]
994 -- [1795  207]
1000 -- [1485 1789]
1013 -- [1554  322]
1021 -- [247 737]
1023 -- [ 443 1371]
1027 -- [3437 2138]
1028 -- [686 770]
1029 -- [1925 3712]
1033 -- [619 642]
1036 -- [3606 3461]
1047 -- [2002 3372]
1056 -- [1160 1279]
1057 -- [274 104]
1061 -- [3108 2156]
1065 -- [268 116]
1068 -- [1351 1404]
1080 -- [1273  674]
1082 -- [4503 3455]
1085 -- [3542 4236]
1086 -- [1621  387]
1093 -- [1723  823]
1094 -- [1616 1643]
1101 -- [469 999]
1113 -- [3574 2509]
1120 -- [913 696]
1127 -- [1286  541]
1129 -- [2963 3741]
1130 -- [301 153]
1132 -- [861 781]
1147 -- [1389 1229]
1155 -- [1271   19]
1157 -- [1353 1525]
1160 -- [ 859 1689]
1161 -- [1562 1523]
1162 -- [1366  615]
1165 -- [2705 3787]
1172 -- [3234 2095]
1173 -- [2894 3770]
1183 -- [1640  725]
1186 -- [3398 2525]
1187 -- [527 941]
1197 -- [1516 1597]
1200 -- [1552 1064]
1203 -- [3875 3998]
-cl sat and violated: 647 | 441  | total #cl: 1088 | -violated weight: 441
0 -- [1428 2594]
1 -- [1834 1707]
2 -- [2560   31]
5 -- [1679 2706]
6 -- [ 653 3967]
9 -- [1524 2630]
11 -- [3329  328]
15 -- [3313 1521]
17 -- [ 795 2810]
20 -- [1039 4478]
27 -- [4511 1380]
28 -- [3320  105]
31 -- [ 328 2343]
33 -- [3483  108]
34 -- [1502 2199]
35 -- [ 805 3588]
37 -- [2166  483]
49 -- [4077  495]
52 -- [1342 2572]
55 -- [1691 1993]
58 -- [4123  517]
59 -- [1585 3262]
60 -- [4460  335]
61 -- [2291  653]
63 -- [3805 1616]
66 -- [1956 1615]
68 -- [3492 1735]
69 -- [ 897 3821]
73 -- [ 982 2183]
76 -- [3675  116]
77 -- [1003 3768]
78 -- [2655  984]
79 -- [3485 1751]
81 -- [ 849 1819]
82 -- [3251   47]
84 -- [3604 1640]
86 -- [2370  298]
87 -- [3850 1132]
88 -- [2056 1125]
90 -- [  16 4060]
96 -- [2833   41]
98 -- [4329 1606]
99 -- [ 315 4347]
100 -- [4021 1365]
101 -- [ 129 3149]
103 -- [ 566 4593]
105 -- [ 106 2257]
106 -- [3751 1621]
108 -- [ 730 2097]
109 -- [3128 1665]
116 -- [3023 1123]
117 -- [3126 1124]
120 -- [3628  177]
121 -- [3898  345]
122 -- [2581 1635]
123 -- [2643  114]
124 -- [2298 1412]
126 -- [ 266 3135]
127 -- [ 496 3001]
130 -- [2568  103]
136 -- [3505 1037]
140 -- [4218   76]
154 -- [2598  178]
156 -- [3519 1371]
157 -- [3162 1637]
160 -- [4443  701]
164 -- [ 560 1863]
166 -- [2261  272]
169 -- [ 348 2478]
170 -- [3059  137]
172 -- [  23 4344]
173 -- [3463  590]
174 -- [ 183 3029]
175 -- [3335  434]
176 -- [1632 3821]
180 -- [2485  131]
181 -- [ 811 4486]
182 -- [ 287 2806]
183 -- [3511  153]
184 -- [  16 2084]
185 -- [3355  500]
187 -- [1661 2570]
190 -- [1532 1885]
192 -- [1402 3602]
194 -- [ 922 3808]
199 -- [ 913 2655]
200 -- [ 372 1987]
201 -- [3268  284]
203 -- [ 572 3790]
214 -- [1055 2359]
217 -- [2136  514]
219 -- [3489 1209]
221 -- [1287 2613]
223 -- [1487 2409]
228 -- [3048   80]
229 -- [2066  496]
233 -- [4590  478]
234 -- [ 298 4519]
237 -- [1277 2894]
244 -- [ 176 3932]
245 -- [2169  985]
246 -- [4212  515]
247 -- [1632 3188]
249 -- [1150 3328]
254 -- [1774 1885]
257 -- [1317 3156]
259 -- [3725 1019]
265 -- [ 858 2446]
266 -- [2481 1355]
267 -- [2024 1798]
268 -- [3755  104]
274 -- [1136 3035]
283 -- [1284 2546]
284 -- [3259 1230]
285 -- [4101  404]
288 -- [ 560 2605]
291 -- [ 762 3966]
293 -- [1026 2460]
296 -- [ 318 3438]
298 -- [2637 1777]
307 -- [ 341 3312]
308 -- [3325 1564]
310 -- [ 495 2748]
311 -- [3085 1622]
312 -- [2008 1264]
316 -- [2515 1247]
320 -- [ 821 2672]
325 -- [ 780 2211]
327 -- [3912  617]
328 -- [4244 1585]
331 -- [2813 1209]
334 -- [ 679 3302]
338 -- [ 942 3626]
341 -- [ 983 2200]
342 -- [2735  395]
344 -- [1443 4321]
345 -- [3832 1380]
346 -- [ 462 1889]
347 -- [1298 3501]
350 -- [1164 2225]
352 -- [4389 1451]
354 -- [2032 1061]
357 -- [ 391 3618]
358 -- [2442 1026]
362 -- [3124  115]
364 -- [3387 1744]
367 -- [1006 2529]
370 -- [1526 1869]
375 -- [ 215 3713]
378 -- [1893  693]
380 -- [1616 2873]
381 -- [ 561 4061]
383 -- [1728 4213]
384 -- [ 849 3292]
386 -- [4459 1136]
387 -- [ 813 2213]
388 -- [4049 1066]
394 -- [4296 1593]
395 -- [ 107 3834]
396 -- [4482 1002]
397 -- [2748  949]
398 -- [1131 2061]
400 -- [ 350 4497]
403 -- [1759 3345]
410 -- [4025  437]
418 -- [2046 1457]
423 -- [1457 3305]
425 -- [ 146 4380]
429 -- [ 586 1863]
430 -- [4077  671]
431 -- [2359  216]
432 -- [2178 1113]
433 -- [3893  160]
434 -- [2089 1324]
435 -- [  86 3717]
440 -- [1686 4325]
442 -- [ 150 1858]
443 -- [2850 1223]
445 -- [1004 3830]
448 -- [1533 4177]
450 -- [ 875 2091]
451 -- [1889  335]
453 -- [ 592 3205]
454 -- [1457 2002]
455 -- [2612  740]
458 -- [4252  158]
460 -- [  35 2029]
461 -- [4454   41]
466 -- [ 948 2676]
470 -- [3370 1231]
471 -- [3984  348]
475 -- [ 134 3035]
478 -- [1415 2700]
479 -- [1777 2401]
480 -- [ 967 3396]
482 -- [3144 1685]
484 -- [3900 1615]
486 -- [ 308 3322]
488 -- [2020  891]
489 -- [3011   59]
493 -- [2400 1355]
494 -- [ 773 2965]
496 -- [3568  404]
498 -- [ 633 4370]
499 -- [1832 1495]
506 -- [ 747 3523]
507 -- [ 186 1859]
513 -- [2561 1680]
517 -- [3100  400]
518 -- [1770 2429]
519 -- [2318 1593]
520 -- [ 404 2216]
521 -- [ 767 2766]
524 -- [1487 3204]
527 -- [ 146 2479]
528 -- [2531   31]
534 -- [2010  207]
535 -- [ 152 2328]
538 -- [1722 2515]
540 -- [ 517 3922]
542 -- [1759 2380]
543 -- [ 332 2712]
546 -- [2163  721]
548 -- [3261  814]
550 -- [ 105 1962]
551 -- [3289  140]
553 -- [ 764 3834]
559 -- [2955 1288]
560 -- [3096  945]
563 -- [1231 4409]
565 -- [4461 1559]
566 -- [1342 2138]
569 -- [  99 2534]
570 -- [3121  515]
571 -- [ 982 4139]
573 -- [2724 1668]
574 -- [4382 1585]
575 -- [1774 2719]
578 -- [4483  737]
579 -- [3262  850]
583 -- [1522 2227]
584 -- [2461  997]
588 -- [2171 1422]
594 -- [ 359 3546]
600 -- [1896 1215]
605 -- [2724 1617]
606 -- [ 108 2299]
607 -- [4463 1387]
609 -- [4194  146]
610 -- [1640 4380]
613 -- [1793 2977]
616 -- [1274 3434]
617 -- [3607 1774]
621 -- [ 982 2631]
626 -- [4141  918]
627 -- [1214 4077]
628 -- [1995  789]
629 -- [ 250 3562]
631 -- [ 683 2402]
635 -- [3751 1422]
639 -- [3901 1107]
641 -- [1270 2014]
644 -- [2395 1690]
646 -- [2660 1237]
647 -- [3977 1355]
648 -- [2567  188]
649 -- [3131   42]
650 -- [ 176 3733]
653 -- [2558  661]
656 -- [  26 4099]
660 -- [1247 4367]
664 -- [3094   97]
670 -- [ 651 4303]
671 -- [ 887 4076]
673 -- [ 617 4475]
676 -- [2252 1585]
683 -- [2144   23]
684 -- [2064 1695]
685 -- [2950 1233]
686 -- [3618 1003]
696 -- [  87 4328]
697 -- [ 667 2617]
701 -- [1287 4536]
705 -- [ 167 4227]
706 -- [3518  451]
707 -- [2463  687]
708 -- [4213  805]
711 -- [1289 3123]
712 -- [1712 2215]
714 -- [3273 1766]
715 -- [ 173 4180]
717 -- [ 310 2195]
722 -- [4391  740]
728 -- [3720 1525]
730 -- [2391  402]
737 -- [1987  360]
739 -- [ 882 3240]
744 -- [ 250 3274]
746 -- [3299 1415]
750 -- [ 547 4432]
755 -- [ 730 2661]
757 -- [4503  886]
758 -- [2472  674]
759 -- [1527 3608]
766 -- [3060 1504]
770 -- [ 788 2796]
774 -- [2381 1535]
775 -- [2843 1635]
778 -- [ 183 2104]
788 -- [3537 1504]
789 -- [3135  773]
792 -- [3439   75]
793 -- [ 924 4107]
795 -- [1253 3867]
797 -- [ 378 3268]
799 -- [3851 1428]
800 -- [1035 3815]
802 -- [1135 3526]
805 -- [1849   30]
808 -- [ 855 2469]
818 -- [3889  741]
819 -- [ 451 1985]
824 -- [ 184 3335]
825 -- [2642  780]
826 -- [1549 2802]
827 -- [2318  616]
829 -- [1260 2432]
831 -- [2880 1570]
832 -- [3874  248]
833 -- [4186  545]
835 -- [3140 1636]
836 -- [ 205 3602]
837 -- [4145  789]
839 -- [4024  132]
840 -- [3795 1399]
841 -- [4588 1504]
842 -- [4468  306]
843 -- [2068   83]
844 -- [1228 3608]
845 -- [3731  843]
847 -- [3288 1562]
848 -- [ 912 4294]
849 -- [4426 1715]
851 -- [4061  411]
853 -- [ 514 2270]
857 -- [1770 3497]
858 -- [1617 1971]
863 -- [2857  470]
871 -- [3576  946]
872 -- [2516 1234]
874 -- [2956 1766]
876 -- [4091  943]
877 -- [ 107 3974]
879 -- [  34 2026]
883 -- [2003 1230]
887 -- [3460 1027]
888 -- [ 827 3226]
891 -- [1581 2084]
894 -- [3015  855]
895 -- [3104  937]
896 -- [2321  395]
900 -- [1418 3347]
908 -- [1658 1893]
917 -- [1712 4348]
918 -- [3659  101]
919 -- [4093  615]
927 -- [2378  144]
935 -- [2846  308]
938 -- [4172  250]
939 -- [ 907 3375]
943 -- [2873  481]
944 -- [3310 1291]
945 -- [3589  461]
946 -- [1755 3738]
947 -- [2536   99]
955 -- [ 267 4068]
957 -- [3207  284]
961 -- [2919  489]
964 -- [3186  186]
965 -- [ 461 3242]
966 -- [3853 1006]
967 -- [ 804 3276]
971 -- [1009 3362]
972 -- [3711  605]
978 -- [1917  359]
981 -- [ 404 2792]
984 -- [2876  559]
985 -- [ 628 4482]
986 -- [ 811 2920]
987 -- [2453   80]
988 -- [4060  730]
989 -- [3953 1759]
991 -- [2929 1035]
992 -- [1290 3053]
994 -- [3455  840]
995 -- [2585 1502]
1000 -- [2585 1711]
1001 -- [1262 2813]
1002 -- [2369  185]
1004 -- [1514 4111]
1005 -- [3806 1525]
1008 -- [3631   23]
1011 -- [3691  611]
1013 -- [1933 1705]
1014 -- [4382 1056]
1018 -- [2160 1112]
1019 -- [1380 2749]
1020 -- [ 284 4399]
1024 -- [2482 1020]
1027 -- [2795 1733]
1028 -- [2816 1630]
1029 -- [3749 1614]
1034 -- [4410  402]
1036 -- [ 518 4134]
1037 -- [1556 2184]
1038 -- [1073 3628]
1039 -- [4098 1209]
1042 -- [ 922 4344]
1045 -- [1663 4419]
1046 -- [ 306 4429]
1047 -- [1735 2805]
1050 -- [1376 4132]
1052 -- [ 308 2009]
1055 -- [3221 1377]
1056 -- [2724  983]
1062 -- [3240 1150]
1063 -- [1518 3343]
1064 -- [1185 2932]
1069 -- [2682 1593]
1070 -- [4499 1521]
1072 -- [1340 2322]
1074 -- [  42 3835]
1076 -- [2613 1706]
1077 -- [  42 2967]
1078 -- [1550 3915]
1079 -- [2662  138]
1080 -- [4370 1185]
1083 -- [1005 1917]
1084 -- [1519 4045]
1085 -- [1021 4192]
1087 -- [ 347 4184]
7 -time: 0.02027 -dim: (11172, 2)
8 -time: 0.00013 -dim: (7, 57)
9 -time: 3.74233 -dim: (1835400, 3)
10 -time: 5.29014 -dim: (1730141, 3)
11_12 -time: 0.18257 -dim: [110424, 2]
13 -time: 0.07306 -dim: (36808, 4)
14_15 -time: 0.03291 -dim: [798, 2]
16 -time: 0.00001 -dim: (0, 2)
17_18 -time: 0.34811 -dim: [73616, 3]
19 -time: 0.00007 -dim: (1, 1)
20 -time: 0.21898 -dim: (0, 4601)
21 -time: 0.00079 -dim: (1, 4601)
22 -time: 0.00004 -dim: (1088, 3)
23 -time: 0.00002 -dim: (1088, 3)
24 -time: 0.00003 -dim: (0, 5)
25 -time: 0.00004 -dim: (1212, 3)
26 -time: 0.00002 -dim: (1212, 3)
smtPr 22-26 -time: 0.00713 -dim: nan
slvr_header -time: 1.46840 -dim: nan
*solver* -time: 900.06712 -dim: nan
res_read -time: 0.03987 -dim: nan
-- SUM CL TIME: 9.91665          |  SUM other TIME: 901.57539          |  SUM TIME: 911.49204
