num branch_node: 7
num leaf_node: 8
num feature: 57
tree_depth: 3
num label: 2
nDC: 2432

***variables
a: 1 - 399 -> 399
s: 400 - 32606 -> 32207
z: 32607 - 69414 -> 36808
g: 69415 - 69430 -> 16
x: 69431 - 78632 -> 9202
ml: 78633 - 82833 -> 4201
cl: 82834 - 86683 -> 3850

variables***
[debug] --> CL ML ratio 1
the cl header --> p wcnf 86683 3822521 8052

timeout 900s ~/SAT_Project/loandra-master/loandra_static -pmreslin-cglim=30 -weight-strategy=1 -print-model -verbosity=1 ./solutions/spam_0.1_mc1.75_s1732_r1/phase_1_clauses_final >./solutions/spam_0.1_mc1.75_s1732_r1/phase_1_loandra_res

Start to read loandra res
*loandra status: SATISFIABLE
-ml sat and violated: 2988 | 1213  | total #ml: 4201 | -violated weight: 1213
0 -- [3988 4472]
1 -- [2678 3326]
3 -- [2917 3085]
9 -- [3322 3259]
13 -- [2802 2697]
17 -- [2073 3340]
18 -- [596 591]
23 -- [4535 2289]
34 -- [1665 1400]
36 -- [  35 1237]
38 -- [1493  656]
40 -- [1964 3044]
46 -- [1717  249]
51 -- [2387 2455]
56 -- [1438  655]
59 -- [4430 2544]
70 -- [3653 3176]
78 -- [1982 3405]
79 -- [1105 1487]
84 -- [1365 1541]
85 -- [3963 4414]
87 -- [1231 1446]
89 -- [2622 2817]
90 -- [3493 2027]
93 -- [3313 2903]
96 -- [258 766]
98 -- [1834 3009]
101 -- [1694  544]
102 -- [ 985 1735]
103 -- [1649  973]
104 -- [4276 2820]
105 -- [  83 1318]
109 -- [1950 2924]
110 -- [2158 2766]
113 -- [1812  359]
119 -- [ 469 1011]
120 -- [3932 3029]
121 -- [522 289]
122 -- [4278 2343]
125 -- [1390  433]
126 -- [3206 2232]
129 -- [4404 3448]
136 -- [ 443 1068]
137 -- [4267 2695]
142 -- [143 365]
143 -- [ 490 1309]
144 -- [213 204]
145 -- [2577 2207]
146 -- [4538 3789]
147 -- [2569 3129]
151 -- [973 796]
158 -- [2636 2852]
163 -- [992 962]
164 -- [ 176 1309]
166 -- [641 145]
167 -- [1573 1711]
173 -- [1681  317]
175 -- [2900 2209]
179 -- [1855 3847]
180 -- [2256 2736]
182 -- [ 264 1058]
183 -- [2573 3666]
191 -- [3582 4275]
192 -- [1246  898]
200 -- [3310 2683]
205 -- [3765 2932]
208 -- [1778  596]
211 -- [2028 3750]
212 -- [2789 2302]
229 -- [3765 2173]
239 -- [  57 1812]
240 -- [1334  224]
241 -- [ 891 1126]
251 -- [4111 2916]
252 -- [1061  729]
257 -- [1117  716]
258 -- [2311 4554]
260 -- [1193 1127]
269 -- [3052 3113]
275 -- [3560 2013]
281 -- [3338 4554]
283 -- [1375 1629]
287 -- [632 990]
305 -- [2259 3098]
312 -- [770 449]
319 -- [1182  975]
320 -- [ 99 848]
325 -- [2281 2166]
326 -- [648 975]
329 -- [2042 2179]
330 -- [ 150 1722]
332 -- [2267 4380]
335 -- [1911 3859]
345 -- [2014 2808]
348 -- [1676 1012]
349 -- [3920 4123]
352 -- [1042  268]
353 -- [ 212 1107]
356 -- [735 515]
362 -- [2481 3009]
369 -- [4435 1860]
380 -- [902   3]
381 -- [ 195 1112]
382 -- [202 470]
384 -- [320 877]
392 -- [1535  741]
395 -- [2738 2181]
396 -- [ 275 1718]
399 -- [3619 3003]
403 -- [3725 3779]
406 -- [2435 4398]
409 -- [1522  149]
410 -- [ 571 1143]
416 -- [ 845 1700]
420 -- [3868 4123]
421 -- [3893 2208]
422 -- [102 265]
424 -- [2894 3518]
439 -- [3141 4387]
440 -- [ 551 1638]
446 -- [1646 1053]
450 -- [ 596 1544]
453 -- [ 346 1186]
458 -- [2405 3782]
459 -- [2434 2060]
468 -- [3252 3477]
481 -- [4200 4137]
484 -- [2538 4032]
487 -- [1401 1217]
490 -- [2991 2757]
494 -- [4129 1937]
497 -- [2850 2276]
500 -- [1023  742]
502 -- [3159 4223]
504 -- [3683 3707]
505 -- [3978 2994]
506 -- [1017 1420]
507 -- [3881 4430]
510 -- [1093 1329]
511 -- [1642   20]
525 -- [2093 4289]
533 -- [722  34]
537 -- [3957 2328]
539 -- [ 842 1645]
540 -- [ 91 441]
542 -- [1080  307]
544 -- [4016 4402]
548 -- [4393 4399]
552 -- [ 319 1037]
556 -- [439 591]
564 -- [2204 2375]
567 -- [4367 3904]
568 -- [3138 3895]
575 -- [4207 2834]
581 -- [4244 3879]
582 -- [4049 2986]
583 -- [ 758 1072]
584 -- [270 178]
586 -- [126 237]
589 -- [2182 2523]
593 -- [2224 2786]
598 -- [1875 4212]
600 -- [804 393]
601 -- [4343 2041]
604 -- [1755 1383]
608 -- [2585 2103]
609 -- [738 486]
612 -- [2904 4308]
617 -- [1084   89]
618 -- [3327 4007]
625 -- [3176 4465]
628 -- [2592 1931]
631 -- [ 326 1023]
637 -- [2577 4525]
638 -- [4454 3153]
641 -- [3159 3096]
642 -- [4499 4305]
643 -- [3176 2819]
648 -- [1487  206]
650 -- [4442 2391]
654 -- [3400 2150]
656 -- [4278 2561]
659 -- [1284 1598]
667 -- [4289 2192]
670 -- [1709  865]
675 -- [1299 1293]
679 -- [3096 3258]
683 -- [3757 2946]
684 -- [986 189]
688 -- [1130  208]
689 -- [2924 2784]
690 -- [4436 1849]
696 -- [4361 4167]
697 -- [539 455]
709 -- [3716 2012]
713 -- [ 470 1598]
721 -- [196 836]
729 -- [2205 3589]
733 -- [2917 3274]
734 -- [  61 1222]
741 -- [832 476]
743 -- [1346   13]
744 -- [1636   99]
748 -- [4010 2819]
751 -- [3863 3681]
759 -- [4545 4403]
760 -- [1745 1692]
761 -- [1017  797]
762 -- [1779   89]
765 -- [2060 2200]
767 -- [1300  126]
772 -- [1221   60]
773 -- [659 231]
777 -- [1641 1307]
783 -- [1639 1349]
785 -- [783 466]
786 -- [2958 3729]
792 -- [ 524 1190]
793 -- [3228 3304]
799 -- [2303 2395]
800 -- [1283  227]
806 -- [563 314]
810 -- [1210  981]
811 -- [ 313 1746]
819 -- [899  70]
820 -- [2143 2003]
824 -- [2281 3897]
825 -- [374 709]
832 -- [3463 3071]
834 -- [736 407]
837 -- [2838 4430]
838 -- [2360 2706]
840 -- [ 647 1064]
849 -- [ 912 1592]
850 -- [2518 1950]
857 -- [2971 4374]
859 -- [1982 2266]
864 -- [4327 4336]
865 -- [ 754 1808]
867 -- [3578 4425]
868 -- [2446 2929]
874 -- [4007 3791]
877 -- [1404 1735]
880 -- [ 625 1115]
881 -- [579 863]
886 -- [ 136 1440]
891 -- [2135 3339]
902 -- [3090 1881]
903 -- [ 818 1414]
904 -- [1516  831]
905 -- [609 784]
911 -- [ 624 1368]
919 -- [ 510 1511]
929 -- [4590 3757]
931 -- [1433 1397]
933 -- [3302 1966]
935 -- [4014 2025]
937 -- [1323  348]
938 -- [ 366 1505]
939 -- [3772 2820]
940 -- [3046 3768]
946 -- [1503 1313]
947 -- [4416 4221]
949 -- [ 76 528]
951 -- [3147 2590]
952 -- [ 878 1491]
954 -- [4186 3147]
955 -- [4444 3454]
956 -- [2601 2267]
959 -- [512 826]
963 -- [780 716]
966 -- [237 187]
967 -- [2667 2508]
968 -- [4552 2127]
969 -- [3022 3819]
975 -- [3895 3451]
986 -- [2061 4126]
989 -- [2817 1817]
990 -- [ 720 1442]
992 -- [2333 3867]
995 -- [1663  860]
996 -- [4443 3401]
998 -- [1456  740]
1001 -- [2328 2881]
1002 -- [1694  132]
1003 -- [3150 2861]
1008 -- [  33 1417]
1014 -- [2278 1891]
1016 -- [243 584]
1020 -- [2533 3384]
1022 -- [ 67 835]
1025 -- [734 268]
1026 -- [ 896 1220]
1029 -- [3980 2752]
1034 -- [2425 1889]
1036 -- [1301  616]
1037 -- [1408  868]
1041 -- [ 378 1615]
1043 -- [2143 3879]
1050 -- [1234  990]
1057 -- [2012 4398]
1058 -- [3124 4344]
1063 -- [2005 2637]
1065 -- [324 227]
1066 -- [ 179 1196]
1073 -- [808 184]
1074 -- [2852 2648]
1077 -- [4444 2595]
1079 -- [1843 2834]
1082 -- [1732 1154]
1083 -- [3500 2957]
1088 -- [4200 2848]
1089 -- [1792 1280]
1091 -- [1907 3877]
1097 -- [1373 1244]
1099 -- [4276 4424]
1102 -- [935 527]
1104 -- [691 137]
1105 -- [1320   67]
1108 -- [2703 4443]
1110 -- [1674 1294]
1118 -- [250 428]
1121 -- [845 909]
1134 -- [4244 2938]
1139 -- [4350 4267]
1143 -- [2010 3567]
1154 -- [1971 2852]
1155 -- [4402 3717]
1157 -- [322 990]
1158 -- [2259 3968]
1171 -- [1950 3055]
1172 -- [2643 3811]
1178 -- [3797 1946]
1179 -- [1645  965]
1180 -- [2756 3712]
1181 -- [2351 2404]
1184 -- [1033  598]
1194 -- [ 475 1031]
1195 -- [ 340 1246]
1196 -- [4196 4190]
1198 -- [1722 1227]
1203 -- [4312 4115]
1205 -- [ 868 1375]
1206 -- [1660  880]
1209 -- [2144 2182]
1213 -- [1632 1289]
1215 -- [2988 3904]
1218 -- [1620  501]
1219 -- [ 251 1004]
1228 -- [1370 1382]
1231 -- [2139 4340]
1241 -- [536 835]
1242 -- [1284  251]
1243 -- [1715 1173]
1245 -- [4167 3577]
1249 -- [1022  690]
1250 -- [1141 1404]
1262 -- [3382 4342]
1263 -- [3923 4425]
1270 -- [1229 1349]
1275 -- [1434  815]
1276 -- [2481 3643]
1282 -- [ 382 1493]
1283 -- [4034 3537]
1288 -- [4266 4094]
1290 -- [2574 3861]
1292 -- [573 969]
1293 -- [3481 3149]
1296 -- [3893 3854]
1298 -- [4514 3309]
1299 -- [2817 2603]
1300 -- [ 717 1721]
1301 -- [3275 4249]
1304 -- [204 414]
1309 -- [4229 4483]
1312 -- [837 500]
1320 -- [1159 1110]
1332 -- [900 261]
1336 -- [667 903]
1342 -- [1651 1411]
1343 -- [4001 2102]
1349 -- [4114 2205]
1352 -- [3592 4427]
1353 -- [3246 2538]
1356 -- [1749  245]
1358 -- [2543 3854]
1362 -- [1176 1129]
1365 -- [3636 2738]
1366 -- [1167    5]
1368 -- [4505 4403]
1377 -- [3192 2216]
1384 -- [2226 2454]
1386 -- [4315 3021]
1389 -- [332 599]
1393 -- [452 629]
1398 -- [3468 2139]
1399 -- [3156 2096]
1400 -- [4309 2529]
1403 -- [1187   34]
1404 -- [4365 2794]
1406 -- [ 603 1532]
1407 -- [2623 3707]
1409 -- [4349 4266]
1414 -- [3107 3184]
1417 -- [2405 3311]
1418 -- [ 111 1787]
1421 -- [2972 3732]
1429 -- [2160 3799]
1431 -- [1677 1770]
1435 -- [1028 1809]
1442 -- [3437 2250]
1443 -- [1414  345]
1444 -- [1678  971]
1446 -- [1944 2432]
1457 -- [3206 3579]
1458 -- [4357 2573]
1460 -- [2691 2421]
1461 -- [605 781]
1462 -- [2758 4441]
1466 -- [3214 1846]
1472 -- [478 331]
1475 -- [2371 3956]
1476 -- [1740  717]
1481 -- [2681 2949]
1482 -- [3403 4486]
1487 -- [4267 4097]
1491 -- [386 466]
1492 -- [3158 3393]
1495 -- [3010 4437]
1496 -- [1719  397]
1497 -- [ 661 1325]
1499 -- [3340 2777]
1500 -- [4586 2279]
1507 -- [419 316]
1511 -- [ 269 1253]
1512 -- [2499 3894]
1513 -- [3569 3257]
1514 -- [734 626]
1519 -- [2416 3156]
1522 -- [523 379]
1523 -- [3600 3090]
1524 -- [4267 2814]
1527 -- [2533 3345]
1529 -- [1217  557]
1530 -- [1436 1583]
1533 -- [3707 3829]
1534 -- [1128  730]
1535 -- [ 607 1465]
1544 -- [4309 2833]
1546 -- [ 560 1503]
1550 -- [ 305 1677]
1552 -- [1708  727]
1554 -- [2577 3816]
1559 -- [1037 1098]
1563 -- [2548 4219]
1566 -- [982 315]
1567 -- [1590  600]
1572 -- [1754  476]
1575 -- [2278 1888]
1582 -- [4461 3808]
1584 -- [2918 2866]
1588 -- [4301 4289]
1590 -- [ 471 1121]
1591 -- [3640 4167]
1594 -- [1072  775]
1597 -- [955 650]
1607 -- [3338 3269]
1612 -- [211 686]
1618 -- [2007 2060]
1620 -- [2589 3541]
1622 -- [3989 1975]
1626 -- [1715 1157]
1628 -- [3338 4318]
1635 -- [1329 1205]
1638 -- [4020 4267]
1642 -- [4412 2852]
1643 -- [320 395]
1644 -- [1219 1441]
1649 -- [3214 3176]
1652 -- [2276 2664]
1653 -- [1446 1633]
1656 -- [3504 2284]
1658 -- [4513 4402]
1665 -- [4338 1926]
1667 -- [1452 1064]
1670 -- [1317  639]
1673 -- [4360 3874]
1681 -- [4444 2972]
1686 -- [4550 4269]
1688 -- [ 136 1689]
1689 -- [1513  303]
1690 -- [1506 1302]
1705 -- [ 51 355]
1708 -- [1903 2464]
1711 -- [1174  891]
1716 -- [1256  853]
1720 -- [3923 3961]
1722 -- [2652 2398]
1724 -- [3206 3507]
1727 -- [3863 2895]
1735 -- [2139 4475]
1736 -- [2505 3733]
1737 -- [1323 1776]
1742 -- [2493 2378]
1745 -- [1652  588]
1747 -- [4387 2082]
1750 -- [1380  319]
1766 -- [3088 1902]
1767 -- [1133 1696]
1771 -- [456 320]
1777 -- [4026 4387]
1779 -- [4093 4424]
1780 -- [1068 1371]
1782 -- [2419 2267]
1788 -- [1599 1728]
1789 -- [701 848]
1798 -- [1561  489]
1800 -- [2530 3871]
1804 -- [2292 2505]
1806 -- [3877 2363]
1807 -- [2296 1899]
1808 -- [ 20 614]
1811 -- [3957 4014]
1818 -- [3443 1981]
1821 -- [1859 2240]
1822 -- [4134 2391]
1823 -- [2374 2469]
1830 -- [ 938 1333]
1831 -- [446  29]
1834 -- [  62 1494]
1835 -- [775 713]
1836 -- [2424 2435]
1839 -- [1900 3725]
1849 -- [1415 1696]
1850 -- [2954 2333]
1852 -- [617 320]
1854 -- [2182 3549]
1858 -- [1745  760]
1859 -- [476 705]
1862 -- [2996 2590]
1863 -- [1350  346]
1867 -- [3187 2061]
1869 -- [2432 3453]
1871 -- [1236  432]
1878 -- [1202   19]
1879 -- [2301 2398]
1884 -- [1252  621]
1885 -- [2328 3121]
1886 -- [2362 3289]
1888 -- [2531 4317]
1889 -- [1783  272]
1891 -- [3861 3418]
1895 -- [753 566]
1896 -- [4432 4481]
1897 -- [3304 2236]
1898 -- [1272 1728]
1899 -- [4015 2994]
1901 -- [605 359]
1903 -- [1033 1811]
1904 -- [2917 3520]
1907 -- [3273 3792]
1909 -- [3861 3091]
1910 -- [ 731 1032]
1912 -- [1103 1343]
1913 -- [ 199 1248]
1915 -- [1717  335]
1918 -- [527 216]
1919 -- [265 709]
1921 -- [ 473 1214]
1922 -- [846 488]
1924 -- [1270  265]
1926 -- [2449 2952]
1927 -- [3852 2401]
1930 -- [  28 1084]
1934 -- [4001 3504]
1943 -- [4157 4491]
1947 -- [1015  464]
1951 -- [2727 3863]
1953 -- [4338 2693]
1954 -- [3730 1895]
1955 -- [ 747 1262]
1957 -- [3775 3877]
1958 -- [1712 1584]
1961 -- [448  70]
1962 -- [1950 3736]
1965 -- [3677 4148]
1971 -- [2459 2481]
1978 -- [4213 1932]
1984 -- [ 360 1367]
1985 -- [1100 1022]
1988 -- [1423  618]
2003 -- [2009 2704]
2004 -- [1721 1750]
2007 -- [3458 4025]
2010 -- [1411 1580]
2012 -- [2782 3003]
2015 -- [3994 4402]
2016 -- [2548 4310]
2017 -- [2221 2945]
2025 -- [2836 2538]
2028 -- [2753 3695]
2031 -- [2919 3129]
2035 -- [3109 3780]
2037 -- [2334 2387]
2038 -- [2890 4333]
2039 -- [4389 2480]
2040 -- [ 971 1088]
2041 -- [1216 1244]
2043 -- [2538 3055]
2050 -- [4208 2334]
2052 -- [2573 2667]
2057 -- [1280 1435]
2070 -- [3811 3958]
2071 -- [1936 2237]
2073 -- [2432 2865]
2074 -- [2220 3972]
2076 -- [3225 2910]
2078 -- [4454 2664]
2087 -- [1480 1417]
2088 -- [931 969]
2090 -- [1723 1185]
2092 -- [4408 3469]
2093 -- [1434  230]
2096 -- [4167 4055]
2101 -- [2455 4236]
2102 -- [3326 4505]
2103 -- [3893 4285]
2112 -- [1269  843]
2115 -- [615 262]
2118 -- [4163 2940]
2120 -- [1088    7]
2122 -- [3438 4064]
2123 -- [247 849]
2124 -- [2686 3750]
2128 -- [3725 3469]
2136 -- [1186 1711]
2139 -- [2602 2139]
2141 -- [1786 1481]
2142 -- [1826 2278]
2144 -- [1709   93]
2147 -- [516 677]
2149 -- [1723  483]
2153 -- [ 906 1078]
2168 -- [2481 3455]
2169 -- [3668 3259]
2174 -- [1945 2606]
2176 -- [1224 1109]
2179 -- [1384  198]
2186 -- [ 787 1311]
2190 -- [2166 4038]
2192 -- [3201 3923]
2196 -- [3179 3125]
2197 -- [1716  441]
2200 -- [3027 2248]
2202 -- [4269 3641]
2203 -- [1255  917]
2204 -- [660 451]
2208 -- [2488 2890]
2213 -- [1352 1623]
2221 -- [2966 4297]
2222 -- [1784 1388]
2223 -- [ 318 1749]
2225 -- [3120 4154]
2229 -- [521 975]
2236 -- [2114 3818]
2244 -- [ 843 1740]
2246 -- [635 457]
2248 -- [4534 2670]
2252 -- [1371 1718]
2254 -- [1411 1681]
2255 -- [2276 3198]
2260 -- [3111 3338]
2261 -- [2843 3163]
2262 -- [500 857]
2264 -- [1538  332]
2267 -- [659 707]
2271 -- [3732 1877]
2275 -- [2104 2455]
2279 -- [1921 1939]
2284 -- [2161 4432]
2286 -- [3837 2619]
2289 -- [  72 1584]
2291 -- [4548 4186]
2294 -- [552 425]
2295 -- [4266 4514]
2301 -- [1215  317]
2303 -- [3283 2009]
2307 -- [4472 2717]
2313 -- [4513 3525]
2315 -- [3893 3405]
2324 -- [3259 2749]
2326 -- [2818 2257]
2327 -- [3797 4212]
2329 -- [4073 2469]
2333 -- [3916 3894]
2339 -- [1383 1286]
2343 -- [4579 2756]
2354 -- [4329 4435]
2356 -- [347 433]
2361 -- [1810 1335]
2363 -- [ 70 673]
2364 -- [3380 2508]
2370 -- [3201 4063]
2374 -- [775 197]
2382 -- [2606 2379]
2393 -- [2916 3850]
2396 -- [2182 3385]
2397 -- [758 571]
2398 -- [2753 2628]
2400 -- [4215 2165]
2412 -- [2949 2691]
2417 -- [2435 4120]
2418 -- [1145 1609]
2419 -- [1638 1366]
2424 -- [2048 2303]
2425 -- [2373 3953]
2428 -- [406 870]
2436 -- [2303 4020]
2444 -- [2228 3309]
2445 -- [3028 2075]
2446 -- [3561 2027]
2447 -- [3313 2116]
2450 -- [630 481]
2454 -- [1177  627]
2456 -- [2011 3731]
2457 -- [2965 3192]
2459 -- [2254 3289]
2461 -- [952 958]
2464 -- [3347 3164]
2466 -- [3941 4521]
2472 -- [722 836]
2473 -- [4504 3995]
2492 -- [ 617 1466]
2495 -- [650 931]
2500 -- [3839 4167]
2505 -- [3225 2973]
2508 -- [1157  566]
2510 -- [3788 4148]
2514 -- [2247 3090]
2515 -- [4442 2403]
2525 -- [599 922]
2526 -- [370 820]
2528 -- [3041 4310]
2530 -- [1834 1904]
2533 -- [336 316]
2536 -- [2532 3942]
2543 -- [1979 2157]
2544 -- [ 867 1483]
2550 -- [ 96 932]
2554 -- [3230 2139]
2558 -- [3304 3615]
2560 -- [2334 3063]
2562 -- [1098  547]
2567 -- [4045 2931]
2571 -- [2886 3044]
2583 -- [2040 3217]
2585 -- [3505 3863]
2588 -- [1880 2333]
2591 -- [ 453 1659]
2595 -- [2464 3596]
2598 -- [ 522 1086]
2599 -- [3275 4547]
2600 -- [1680 1644]
2602 -- [ 640 1137]
2604 -- [264 628]
2606 -- [1237  139]
2613 -- [728 511]
2614 -- [1246  259]
2619 -- [2360 3607]
2622 -- [3696 2794]
2623 -- [1068 1584]
2625 -- [3938 3757]
2626 -- [2753 4093]
2628 -- [ 967 1668]
2630 -- [963 927]
2635 -- [1502  467]
2643 -- [1592  536]
2653 -- [2464 3602]
2654 -- [4215 2575]
2659 -- [2385 3808]
2663 -- [1751  112]
2666 -- [734 974]
2670 -- [ 29 467]
2671 -- [238 265]
2675 -- [ 974 1470]
2680 -- [2204 4093]
2683 -- [2345 2224]
2689 -- [ 427 1800]
2692 -- [4434 4203]
2698 -- [2277 2990]
2700 -- [3165 3259]
2704 -- [2153 2361]
2711 -- [4292 3027]
2712 -- [2108 2149]
2718 -- [3225 2058]
2720 -- [4004 2508]
2721 -- [4582 4444]
2724 -- [601 222]
2726 -- [3817 3003]
2730 -- [1485 1473]
2733 -- [132 578]
2737 -- [4152 2328]
2738 -- [1816 2738]
2749 -- [ 234 1019]
2752 -- [ 49 904]
2754 -- [3541 2022]
2756 -- [3067 2911]
2760 -- [1995 3871]
2764 -- [2492 3707]
2766 -- [1526  970]
2774 -- [1123 1736]
2775 -- [1672 1714]
2778 -- [4599 3075]
2796 -- [1406 1090]
2797 -- [4433 2895]
2799 -- [1498  453]
2800 -- [ 316 1427]
2804 -- [1789 1064]
2805 -- [879 536]
2806 -- [2375 4408]
2808 -- [426 465]
2809 -- [131 306]
2812 -- [4235 3540]
2821 -- [2398 2942]
2824 -- [873 315]
2832 -- [4547 4278]
2834 -- [  64 1419]
2835 -- [3827 3802]
2836 -- [3192 2906]
2841 -- [4486 4270]
2842 -- [3969 3667]
2843 -- [1412 1054]
2851 -- [2312 3697]
2862 -- [694 320]
2871 -- [2818 2911]
2873 -- [1899 1838]
2874 -- [702 793]
2875 -- [3372 4129]
2880 -- [4436 3979]
2883 -- [2716 4164]
2888 -- [4203 3747]
2891 -- [1955 1834]
2892 -- [310  31]
2893 -- [4412 3753]
2898 -- [1263  184]
2913 -- [4278 3600]
2914 -- [2882 2480]
2917 -- [589 735]
2921 -- [2118 2459]
2923 -- [ 13 992]
2925 -- [1937 1859]
2928 -- [4081 3863]
2930 -- [1275  963]
2936 -- [1841 4219]
2937 -- [4401 3273]
2938 -- [1485  801]
2940 -- [1011  990]
2948 -- [2470 4203]
2951 -- [2256 3154]
2953 -- [1317  123]
2955 -- [4302 4045]
2959 -- [868 829]
2960 -- [2222 3022]
2963 -- [2983 3517]
2972 -- [3993 4400]
2978 -- [1697 1616]
2979 -- [1482  617]
2980 -- [ 909 1234]
2988 -- [ 713 1124]
2992 -- [4178 1895]
2994 -- [1567 1250]
2995 -- [3323 1913]
2997 -- [636 848]
2999 -- [2981 2481]
3003 -- [641 877]
3004 -- [3652 4216]
3006 -- [777 607]
3007 -- [2756 1912]
3009 -- [1654  764]
3019 -- [1475 1060]
3021 -- [1103 1409]
3033 -- [3879 2118]
3035 -- [ 827 1299]
3047 -- [4346 2569]
3049 -- [2276 2338]
3050 -- [3095 3569]
3052 -- [ 890 1263]
3054 -- [3258 4415]
3055 -- [4404 3436]
3056 -- [3914 3356]
3058 -- [3484 2507]
3059 -- [3447 3837]
3067 -- [2929 2770]
3068 -- [2483 2493]
3069 -- [655 191]
3074 -- [4558 2114]
3079 -- [3716 2876]
3081 -- [4267 3352]
3084 -- [3424 2083]
3086 -- [1334  986]
3093 -- [3640 3313]
3094 -- [4443 1837]
3096 -- [2386 2060]
3097 -- [3963 2684]
3101 -- [4323 4167]
3103 -- [ 143 1355]
3109 -- [3730 1913]
3111 -- [ 281 1114]
3112 -- [2199 2916]
3117 -- [3200 3268]
3118 -- [ 711 1255]
3119 -- [1539 1371]
3120 -- [222 462]
3130 -- [2139 4480]
3131 -- [2014 4220]
3133 -- [ 952 1341]
3134 -- [2703 2267]
3137 -- [2020 4016]
3138 -- [2828 2458]
3141 -- [2314 3202]
3142 -- [643 895]
3150 -- [2820 2507]
3158 -- [ 335 1697]
3162 -- [1639  673]
3163 -- [1233 1550]
3183 -- [1440 1447]
3186 -- [1444  111]
3191 -- [ 624 1321]
3196 -- [1229 1809]
3199 -- [3554 4437]
3207 -- [3924 3276]
3210 -- [4538 2756]
3218 -- [1349  908]
3223 -- [3403 2158]
3228 -- [4483 3300]
3229 -- [ 776 1213]
3232 -- [1119 1808]
3234 -- [1892 1931]
3237 -- [1623  700]
3239 -- [3807 3961]
3247 -- [941 280]
3248 -- [ 319 1804]
3249 -- [2158 4324]
3255 -- [3583 4305]
3256 -- [2852 4120]
3257 -- [1454  751]
3259 -- [3363 4438]
3260 -- [4082 4431]
3267 -- [4375 2333]
3270 -- [613 646]
3273 -- [4459 3040]
3277 -- [462 324]
3285 -- [3703 4443]
3294 -- [1043   20]
3295 -- [1368  296]
3300 -- [ 223 1663]
3301 -- [1722  944]
3302 -- [  55 1703]
3303 -- [1129  751]
3308 -- [1479 1137]
3313 -- [1451 1518]
3314 -- [1700  705]
3324 -- [4065 1899]
3326 -- [4469 2204]
3327 -- [1392 1465]
3328 -- [2756 3783]
3340 -- [3297 3192]
3341 -- [2585 2073]
3343 -- [2328 3063]
3344 -- [3627 3310]
3346 -- [2648 2241]
3349 -- [773 804]
3353 -- [1294  689]
3366 -- [1743 1373]
3368 -- [4336 1894]
3371 -- [1117   52]
3372 -- [1612 1439]
3374 -- [3317 2133]
3377 -- [1012 1399]
3381 -- [3273 4499]
3383 -- [2990 4122]
3384 -- [1561  576]
3391 -- [ 756 1369]
3398 -- [3170 3692]
3407 -- [3432 4266]
3410 -- [4255 3021]
3413 -- [2422 2061]
3421 -- [3381 2027]
3423 -- [1150  900]
3424 -- [657   9]
3432 -- [2958 4436]
3435 -- [1412  809]
3441 -- [1274 1327]
3445 -- [ 987 1188]
3449 -- [3357 4305]
3452 -- [4420 3884]
3455 -- [3379 3504]
3457 -- [4298 4147]
3459 -- [378 684]
3464 -- [2709 4343]
3466 -- [4158 3344]
3467 -- [1605  453]
3469 -- [1686 1738]
3471 -- [226 379]
3473 -- [2627 2966]
3474 -- [198 962]
3476 -- [ 729 1253]
3480 -- [2739 3075]
3482 -- [1972 3861]
3483 -- [1784 1217]
3484 -- [4535 3818]
3485 -- [ 155 1041]
3488 -- [1976 4148]
3492 -- [1567  461]
3494 -- [3453 2531]
3502 -- [3851 2966]
3503 -- [2291 2505]
3504 -- [ 691 1031]
3508 -- [1074 1679]
3515 -- [ 627 1101]
3520 -- [1515 1396]
3525 -- [  35 1031]
3528 -- [1314 1301]
3532 -- [437 806]
3536 -- [2011 3303]
3541 -- [3199 3028]
3545 -- [2110 3863]
3548 -- [158  25]
3559 -- [2653 3847]
3561 -- [4432 3423]
3565 -- [2127 2202]
3570 -- [ 919 1768]
3571 -- [4458 2336]
3573 -- [ 558 1326]
3575 -- [1145 1459]
3577 -- [1902 3601]
3580 -- [960 506]
3581 -- [  96 1526]
3583 -- [3313 3702]
3586 -- [1538 1373]
3589 -- [1515  377]
3590 -- [3847 2815]
3613 -- [ 875 1496]
3617 -- [3033 4424]
3619 -- [3273 2812]
3620 -- [1502  216]
3624 -- [ 201 1641]
3626 -- [3560 2931]
3629 -- [ 589 1586]
3632 -- [3452 2178]
3633 -- [917 975]
3635 -- [2589 4535]
3641 -- [3847 3368]
3643 -- [3258 3543]
3647 -- [583 328]
3648 -- [1742  452]
3658 -- [1438  761]
3661 -- [2034 2654]
3664 -- [1725 1746]
3665 -- [2852 4364]
3666 -- [1668  506]
3668 -- [3200 2053]
3672 -- [ 728 1706]
3675 -- [1680  531]
3676 -- [627 637]
3683 -- [3001 4408]
3686 -- [1347 1297]
3692 -- [1319    8]
3694 -- [4205 2306]
3695 -- [1093  241]
3700 -- [3442 3299]
3701 -- [1510 1666]
3717 -- [2127 2368]
3723 -- [1794  702]
3725 -- [439 102]
3736 -- [1739  676]
3739 -- [2569 3100]
3740 -- [773 711]
3743 -- [995  52]
3748 -- [1957 3267]
3749 -- [3028 2781]
3756 -- [1524  981]
3758 -- [3873 3877]
3761 -- [2842 2012]
3763 -- [3685 2133]
3764 -- [1626  444]
3768 -- [232 971]
3770 -- [2483 4076]
3776 -- [ 116 1552]
3777 -- [ 113 1098]
3778 -- [4535 2072]
3792 -- [3398 4196]
3794 -- [129 625]
3795 -- [52 76]
3801 -- [3152 2854]
3807 -- [3452 3609]
3808 -- [2398 4384]
3812 -- [2852 2832]
3818 -- [ 379 1659]
3825 -- [337 352]
3830 -- [1297 1761]
3834 -- [2425 4042]
3837 -- [ 474 1476]
3838 -- [4504 2076]
3841 -- [3864 2360]
3844 -- [ 787 1128]
3850 -- [1301 1286]
3852 -- [3937 3725]
3853 -- [1545   85]
3856 -- [1612 1476]
3857 -- [1416  556]
3860 -- [ 786 1369]
3867 -- [2305 2852]
3871 -- [2585 4367]
3872 -- [2194 3808]
3882 -- [1055 1466]
3884 -- [2590 2410]
3887 -- [176 492]
3891 -- [3437 3462]
3894 -- [ 422 1100]
3896 -- [1324 1804]
3897 -- [643 495]
3903 -- [4242 4360]
3915 -- [ 78 608]
3917 -- [1395 1624]
3918 -- [3055 3252]
3919 -- [319 629]
3920 -- [2083 4112]
3924 -- [1381  115]
3930 -- [3714 3988]
3936 -- [1785  143]
3943 -- [1302  781]
3946 -- [3112 3064]
3961 -- [4543 4400]
3963 -- [1301 1423]
3965 -- [4472 4165]
3967 -- [457 556]
3969 -- [1168  325]
3970 -- [1994 4245]
3971 -- [1671 1499]
3973 -- [4195 3298]
3977 -- [725 797]
3983 -- [2398 3554]
3991 -- [1008  131]
3994 -- [ 702 1198]
3996 -- [ 431 1203]
3998 -- [4432 3552]
4010 -- [3003 2856]
4012 -- [3120 2817]
4017 -- [4144 3404]
4019 -- [ 742 1289]
4021 -- [4392 3714]
4025 -- [3363 3725]
4028 -- [349 365]
4029 -- [2559 3808]
4033 -- [ 942 1460]
4043 -- [1096 1687]
4044 -- [3268 2469]
4045 -- [1719  607]
4047 -- [4040 1897]
4058 -- [3765 2934]
4065 -- [4019 3113]
4066 -- [674 554]
4073 -- [3166 2083]
4074 -- [586 746]
4075 -- [454 789]
4076 -- [3972 2123]
4079 -- [4408 4042]
4080 -- [1787 1316]
4081 -- [3437 4329]
4085 -- [3075 3820]
4086 -- [681 322]
4089 -- [77 62]
4091 -- [2376 3090]
4097 -- [4439 2260]
4098 -- [436 359]
4100 -- [1489 1613]
4103 -- [2776 3313]
4106 -- [4074 3732]
4108 -- [2461 1971]
4112 -- [958 955]
4113 -- [1893 1931]
4114 -- [2009 1945]
4116 -- [1462  227]
4120 -- [811 493]
4124 -- [2606 3794]
4125 -- [1009  155]
4126 -- [ 436 1705]
4127 -- [4343 2712]
4130 -- [1859 1909]
4135 -- [ 870 1771]
4141 -- [1242  566]
4149 -- [4472 2915]
4150 -- [3050 4246]
4153 -- [1148 1327]
4155 -- [787  69]
4160 -- [3251 4134]
4161 -- [1591 1301]
4164 -- [3326 2814]
4165 -- [3877 3838]
4166 -- [987 375]
4167 -- [3569 4235]
4168 -- [1140  609]
4178 -- [3856 3539]
4179 -- [1672  980]
4180 -- [2173 1931]
4185 -- [1535 1179]
4187 -- [ 997 1623]
4189 -- [4319 3486]
4191 -- [3244 2536]
4192 -- [3179 4374]
4195 -- [556 738]
4200 -- [802 443]
-cl sat and violated: 2321 | 1529  | total #cl: 3850 | -violated weight: 1529
3 -- [1490 3094]
5 -- [4405 1775]
6 -- [3757  763]
7 -- [2293  475]
9 -- [ 977 3418]
17 -- [3265 1070]
18 -- [1625 3289]
19 -- [ 882 2595]
23 -- [3500 1411]
25 -- [ 946 3336]
28 -- [2117  713]
29 -- [ 275 3538]
30 -- [2171 1622]
31 -- [1330 2609]
32 -- [3564  490]
36 -- [ 990 3746]
37 -- [3826 1501]
42 -- [ 627 2496]
47 -- [3235  204]
48 -- [ 262 2743]
49 -- [3958  562]
51 -- [3209 1343]
54 -- [4296  524]
55 -- [4090  949]
57 -- [1053 2223]
58 -- [3034 1790]
59 -- [3505 1362]
64 -- [ 395 3110]
68 -- [ 913 4281]
70 -- [ 297 2118]
71 -- [2081  262]
72 -- [1439 4581]
74 -- [2852  531]
77 -- [2027   22]
81 -- [ 856 2181]
84 -- [ 961 3110]
85 -- [3522 1282]
89 -- [ 702 4416]
92 -- [3221 1508]
93 -- [1701 3003]
98 -- [1869  183]
101 -- [1561 2106]
103 -- [1859 1462]
104 -- [4202 1715]
105 -- [3457  111]
111 -- [4209 1281]
113 -- [1863  296]
120 -- [ 747 3637]
121 -- [1278 2480]
122 -- [ 940 4511]
123 -- [ 863 3859]
124 -- [3859  198]
129 -- [1362 4143]
133 -- [2060   45]
138 -- [4375 1457]
141 -- [ 676 4378]
142 -- [ 272 3831]
143 -- [1575 1973]
145 -- [3960  567]
150 -- [1862 1700]
152 -- [2533  303]
156 -- [3559  453]
160 -- [3539  164]
165 -- [1609 4312]
169 -- [1950  615]
172 -- [1773 3057]
173 -- [3067  408]
175 -- [4485  694]
176 -- [3743 1643]
181 -- [1310 2370]
182 -- [  25 2248]
183 -- [ 449 3008]
185 -- [3319  334]
188 -- [1037 4487]
189 -- [4187  708]
190 -- [4131 1412]
191 -- [ 334 3520]
194 -- [2574 1584]
199 -- [1706 4310]
200 -- [3802 1035]
203 -- [1399 3602]
204 -- [3555  990]
205 -- [2415 1487]
207 -- [ 814 3805]
211 -- [2481  324]
213 -- [4593  519]
214 -- [3046 1323]
215 -- [1151 4422]
217 -- [ 323 3913]
219 -- [1896   55]
220 -- [2328  310]
226 -- [1332 2397]
228 -- [1629 3851]
230 -- [3290  183]
235 -- [4357  906]
239 -- [3946 1629]
242 -- [2060 1398]
243 -- [3745 1343]
246 -- [3491 1221]
249 -- [3154  872]
250 -- [  41 3407]
252 -- [3967  476]
257 -- [2480 1363]
264 -- [3542  776]
268 -- [ 600 4472]
269 -- [4337 1572]
273 -- [ 166 2872]
276 -- [3698  175]
277 -- [ 323 3441]
280 -- [1745 3662]
282 -- [1625 3972]
283 -- [ 272 4526]
285 -- [3613  868]
286 -- [4561   29]
287 -- [2069   63]
289 -- [ 983 3275]
292 -- [2874  660]
293 -- [3323 1585]
296 -- [2566   34]
297 -- [ 237 2593]
299 -- [3438  617]
302 -- [4503  328]
304 -- [ 459 3022]
305 -- [ 398 3251]
306 -- [2094 1746]
310 -- [3386 1016]
312 -- [ 426 2576]
314 -- [ 337 2865]
317 -- [4245  266]
320 -- [1478 1873]
321 -- [ 204 3376]
324 -- [1049 2862]
325 -- [ 399 4189]
326 -- [2161 1629]
327 -- [2291  736]
329 -- [4130 1666]
333 -- [1019 2047]
335 -- [1037 2761]
338 -- [3466 1666]
340 -- [ 533 3337]
342 -- [2565 1623]
344 -- [1451 4370]
345 -- [1590 2625]
346 -- [2305 1282]
349 -- [ 903 1818]
350 -- [2023  590]
356 -- [4284 1590]
358 -- [2681 1244]
367 -- [ 315 3475]
370 -- [2011 1419]
372 -- [3704 1113]
373 -- [ 189 2168]
377 -- [2434   89]
381 -- [1334 3450]
382 -- [3498 1792]
388 -- [2453  590]
391 -- [1657 2649]
394 -- [1774 1922]
395 -- [2405  241]
400 -- [2218  272]
401 -- [ 250 4146]
402 -- [1381 1866]
406 -- [4127 1799]
407 -- [2059 1802]
408 -- [3798    7]
409 -- [ 736 3762]
412 -- [1503 3887]
414 -- [4474  314]
421 -- [ 681 3284]
422 -- [3069 1055]
423 -- [ 564 2061]
424 -- [ 553 2287]
425 -- [3789  414]
427 -- [2419   31]
428 -- [2738 1684]
429 -- [3669   34]
433 -- [2298 1347]
434 -- [1697 2499]
438 -- [1457 4589]
439 -- [ 275 2308]
441 -- [3567  956]
443 -- [2550 1399]
444 -- [1749 1855]
447 -- [ 607 4289]
449 -- [4404 1040]
455 -- [ 269 3720]
460 -- [ 782 4530]
464 -- [ 919 2769]
473 -- [ 574 4359]
474 -- [ 592 4500]
475 -- [3560  444]
476 -- [2512  893]
477 -- [ 337 2535]
478 -- [1654 3151]
481 -- [3975 1146]
483 -- [3009  613]
485 -- [3603 1697]
488 -- [ 511 2929]
492 -- [4552 1637]
493 -- [3678  958]
500 -- [2746 1711]
508 -- [ 590 4374]
511 -- [ 269 2793]
513 -- [1156 3817]
517 -- [1090 1913]
518 -- [ 579 3041]
519 -- [3237 1369]
527 -- [1437 4404]
531 -- [ 188 3464]
532 -- [2900 1563]
536 -- [  13 3118]
538 -- [1761 4478]
539 -- [1968  360]
542 -- [ 751 1841]
543 -- [2247 1745]
546 -- [3160  162]
551 -- [3033  360]
554 -- [1674 3010]
560 -- [2629  981]
563 -- [ 385 2223]
565 -- [3002 1707]
566 -- [2695 1765]
568 -- [4270  826]
569 -- [2541  685]
570 -- [2883 1233]
571 -- [1457 3916]
572 -- [4586  196]
575 -- [ 684 4387]
577 -- [4347  868]
580 -- [ 500 1972]
581 -- [ 441 4149]
586 -- [ 528 4115]
588 -- [1113 1870]
589 -- [1881  553]
590 -- [3857  712]
594 -- [3163  662]
595 -- [ 404 3973]
598 -- [2136 1493]
601 -- [1970 1151]
602 -- [3996  331]
603 -- [1219 3755]
606 -- [1298 1987]
607 -- [3728  836]
608 -- [1745 2674]
610 -- [3585  901]
615 -- [1513 4168]
616 -- [3613  517]
617 -- [3669   20]
618 -- [ 199 2242]
621 -- [1327 3005]
623 -- [3745  855]
625 -- [ 359 2521]
629 -- [ 940 3069]
632 -- [ 255 2085]
633 -- [ 975 1972]
635 -- [1450 3203]
641 -- [1777 3181]
648 -- [ 990 2969]
650 -- [  51 3310]
652 -- [4075  331]
655 -- [3047  197]
658 -- [ 725 3990]
659 -- [ 235 1918]
664 -- [3286 1254]
665 -- [4337  334]
668 -- [1110 3051]
669 -- [1016 3898]
670 -- [1408 4336]
674 -- [ 591 1936]
677 -- [4342 1002]
680 -- [1562 4491]
683 -- [ 264 3387]
684 -- [ 457 2970]
688 -- [3345 1114]
690 -- [ 522 2194]
693 -- [2340  689]
694 -- [2590 1099]
706 -- [4297 1412]
707 -- [ 398 2872]
710 -- [1735 3369]
712 -- [3002 1289]
714 -- [ 962 2440]
717 -- [ 583 2114]
719 -- [4373 1460]
720 -- [ 188 2419]
722 -- [ 103 2306]
727 -- [3407 1589]
729 -- [2972  434]
733 -- [1217 2760]
734 -- [2798  975]
736 -- [ 580 2359]
740 -- [ 545 4000]
748 -- [ 443 2160]
752 -- [2225  895]
754 -- [1823 1800]
755 -- [2662 1804]
757 -- [1046 3192]
760 -- [1125 3356]
763 -- [2015  379]
765 -- [2591  535]
768 -- [2355   29]
769 -- [2298  586]
773 -- [4035 1697]
775 -- [2802  226]
776 -- [2513 1774]
779 -- [3001 1450]
784 -- [2525  124]
785 -- [1661 2442]
789 -- [1330 4160]
790 -- [ 940 4497]
791 -- [1336 1979]
793 -- [1491 3788]
795 -- [3984  197]
797 -- [ 890 3723]
798 -- [1382 3017]
799 -- [ 589 3772]
801 -- [ 761 2638]
802 -- [4219 1595]
805 -- [1296 3210]
810 -- [4201    3]
811 -- [4564 1720]
814 -- [1515 1879]
819 -- [3642 1583]
822 -- [1255 3251]
824 -- [1384 3337]
825 -- [2319  619]
827 -- [2879  715]
830 -- [1778 4439]
832 -- [4106 1774]
834 -- [2675 1726]
837 -- [2963  852]
838 -- [ 463 2225]
840 -- [ 511 3518]
841 -- [1390 4524]
842 -- [1548 2586]
844 -- [2348   10]
848 -- [2694  144]
853 -- [3760  974]
854 -- [1545 4237]
861 -- [4354  716]
864 -- [ 864 2405]
868 -- [ 143 4162]
871 -- [1918  574]
872 -- [ 526 2354]
876 -- [2382 1537]
878 -- [4523  681]
880 -- [1891  626]
882 -- [1301 2804]
883 -- [1560 2340]
885 -- [1072 3876]
887 -- [3219  891]
889 -- [1825  915]
890 -- [1288 2590]
891 -- [2526  185]
892 -- [3395  535]
893 -- [1093 4373]
895 -- [1341 4367]
896 -- [3679  315]
899 -- [3859  488]
900 -- [ 374 2087]
901 -- [3159 1516]
902 -- [2260  846]
907 -- [1918 1683]
908 -- [3732  851]
915 -- [1023 2266]
916 -- [ 249 2149]
917 -- [4392    6]
919 -- [2052 1526]
923 -- [1504 4454]
925 -- [ 328 3699]
928 -- [2779  381]
931 -- [1201 4083]
933 -- [ 843 2736]
934 -- [ 738 4423]
935 -- [1330 3219]
936 -- [3846 1107]
937 -- [1689 4596]
942 -- [3574   10]
947 -- [ 548 2957]
949 -- [ 796 2374]
950 -- [ 194 1966]
952 -- [3637  189]
958 -- [3856  966]
962 -- [3643  100]
965 -- [1254 3913]
967 -- [3348 1521]
968 -- [3381 1151]
970 -- [3310 1466]
971 -- [  46 4265]
972 -- [1323 2347]
973 -- [1456 2053]
977 -- [1962  262]
978 -- [1903 1300]
984 -- [ 463 2041]
990 -- [4553 1799]
994 -- [2201  524]
996 -- [1382 3919]
998 -- [3682   30]
1000 -- [1777 4421]
1002 -- [3693 1678]
1008 -- [3179 1549]
1011 -- [ 427 4274]
1012 -- [2699  479]
1013 -- [ 534 2316]
1019 -- [2083  396]
1020 -- [3252  182]
1022 -- [ 441 3920]
1024 -- [1114 3580]
1025 -- [1259 2019]
1028 -- [4226 1223]
1031 -- [3070 1679]
1032 -- [ 887 4504]
1037 -- [3102  870]
1038 -- [2783  745]
1042 -- [4554 1507]
1046 -- [2880 1775]
1047 -- [ 627 4207]
1054 -- [2011 1096]
1055 -- [1543 2911]
1056 -- [3602  590]
1057 -- [2472  179]
1058 -- [3424 1289]
1059 -- [4204  184]
1062 -- [1451 3498]
1064 -- [ 453 2271]
1068 -- [3654  391]
1069 -- [2021  262]
1072 -- [ 853 2527]
1073 -- [ 281 2313]
1074 -- [1487 3126]
1077 -- [3761  481]
1085 -- [1222 4295]
1086 -- [1857  496]
1093 -- [1687 3066]
1095 -- [1402 3283]
1097 -- [2593  339]
1101 -- [3202  413]
1106 -- [ 366 3679]
1109 -- [1168 4338]
1110 -- [ 934 4146]
1113 -- [2314 1698]
1114 -- [1680 3927]
1115 -- [2434 1100]
1118 -- [3476 1224]
1119 -- [3727    4]
1121 -- [3197 1556]
1122 -- [4207  882]
1131 -- [  36 3560]
1132 -- [  42 4555]
1134 -- [2860 1149]
1138 -- [1301 2117]
1140 -- [ 504 3854]
1142 -- [3225  465]
1144 -- [2472  814]
1145 -- [2156  509]
1146 -- [1189 2566]
1148 -- [ 915 3739]
1160 -- [3064  760]
1163 -- [4462 1717]
1168 -- [1281 2168]
1169 -- [3998  133]
1172 -- [3026  645]
1175 -- [ 358 3739]
1176 -- [4091 1736]
1177 -- [ 596 3067]
1178 -- [3231 1730]
1182 -- [3447 1629]
1188 -- [2039  130]
1190 -- [  31 3656]
1193 -- [ 844 2676]
1197 -- [ 702 3397]
1204 -- [1717 2226]
1206 -- [1063 3677]
1209 -- [ 324 1932]
1210 -- [3630 1775]
1214 -- [ 204 2323]
1215 -- [3445 1722]
1216 -- [ 476 2989]
1222 -- [4302 1183]
1224 -- [2338 1072]
1225 -- [2063   55]
1226 -- [ 779 4093]
1228 -- [1792 2076]
1231 -- [ 510 3005]
1234 -- [4482 1629]
1236 -- [2062   63]
1237 -- [ 977 3395]
1239 -- [1966 1489]
1240 -- [3247 1384]
1241 -- [1201 3409]
1242 -- [1796 4268]
1246 -- [4587  926]
1249 -- [ 116 2118]
1250 -- [1173 2577]
1254 -- [2335 1332]
1257 -- [ 599 3358]
1258 -- [2241  581]
1263 -- [1130 2922]
1264 -- [1359 4443]
1265 -- [2247  524]
1266 -- [ 375 2308]
1268 -- [3273  818]
1272 -- [2310 1434]
1274 -- [2948  867]
1275 -- [ 111 3120]
1279 -- [3525  458]
1280 -- [2126 1757]
1282 -- [2771  729]
1284 -- [1037 3318]
1289 -- [2897  456]
1290 -- [ 692 4439]
1291 -- [3154  157]
1293 -- [2339 1386]
1294 -- [1595 3863]
1296 -- [3357  214]
1301 -- [1770 2543]
1302 -- [4198 1554]
1304 -- [3474 1497]
1305 -- [4423 1299]
1307 -- [ 999 2971]
1309 -- [2732  578]
1311 -- [4218 1146]
1314 -- [ 852 3818]
1315 -- [1661 4019]
1317 -- [ 702 3208]
1319 -- [1343 2768]
1328 -- [1572 3374]
1329 -- [3481  344]
1335 -- [1149 2323]
1336 -- [1726 4214]
1342 -- [ 246 3003]
1343 -- [3933  958]
1344 -- [ 729 3502]
1345 -- [4289  817]
1346 -- [4099 1148]
1348 -- [3164  368]
1349 -- [2104  334]
1350 -- [2402 1217]
1352 -- [1695 4073]
1356 -- [ 599 4283]
1357 -- [2471  473]
1359 -- [1317 4589]
1362 -- [4051 1594]
1363 -- [ 738 2620]
1364 -- [3626  439]
1367 -- [ 592 3566]
1368 -- [2832 1552]
1369 -- [1201 3577]
1370 -- [3147  768]
1371 -- [ 504 3242]
1372 -- [1207 2741]
1374 -- [3136 1643]
1376 -- [1681 2480]
1380 -- [3381  761]
1384 -- [2150  718]
1386 -- [3816  598]
1388 -- [1460 1825]
1389 -- [2389  913]
1391 -- [3563  538]
1395 -- [3511   89]
1399 -- [ 589 3319]
1400 -- [3126 1677]
1407 -- [3956  675]
1409 -- [ 399 2273]
1410 -- [ 324 4437]
1422 -- [1947  323]
1424 -- [1635 1976]
1425 -- [2563 1490]
1426 -- [2710 1786]
1429 -- [1217 1958]
1431 -- [2521  773]
1432 -- [2273 1122]
1436 -- [ 544 4267]
1437 -- [ 778 3258]
1440 -- [3749 1365]
1442 -- [1855  501]
1443 -- [4531 1719]
1447 -- [3748  378]
1448 -- [1341 4507]
1453 -- [2886  111]
1455 -- [2982  247]
1457 -- [1538 3422]
1460 -- [ 948 2010]
1461 -- [ 609 3568]
1464 -- [ 625 3038]
1465 -- [1723 3758]
1467 -- [3486 1162]
1468 -- [2734 1735]
1470 -- [1507 4304]
1474 -- [ 977 3145]
1478 -- [2841 1506]
1491 -- [1129 3356]
1492 -- [ 621 1946]
1500 -- [ 901 2926]
1501 -- [ 766 2565]
1502 -- [2461  508]
1503 -- [2622 1287]
1505 -- [ 631 4515]
1506 -- [2475 1659]
1507 -- [1657 3816]
1508 -- [ 988 4244]
1509 -- [ 856 2356]
1511 -- [3969  108]
1513 -- [1610 2112]
1514 -- [2169 1629]
1515 -- [2387  308]
1517 -- [2815 1341]
1518 -- [1232 3265]
1520 -- [2625  181]
1530 -- [2902  272]
1531 -- [ 766 2640]
1534 -- [1204 4014]
1535 -- [  72 2083]
1536 -- [4454  817]
1538 -- [1660 3595]
1540 -- [  25 2078]
1543 -- [2685 1411]
1549 -- [ 627 2504]
1550 -- [3239  948]
1551 -- [2575 1045]
1555 -- [2988 1617]
1557 -- [1554 4359]
1558 -- [3898  235]
1559 -- [1623 2650]
1560 -- [3753  829]
1563 -- [4004  533]
1564 -- [3767  545]
1565 -- [3141 1630]
1566 -- [2004  393]
1569 -- [4435  156]
1570 -- [  10 3379]
1571 -- [2437 1321]
1572 -- [ 250 3279]
1574 -- [3993   62]
1579 -- [ 459 2139]
1580 -- [2980 1690]
1582 -- [4484 1743]
1583 -- [ 655 2409]
1584 -- [1728 2235]
1585 -- [3054 1205]
1593 -- [ 189 2128]
1597 -- [1533 2558]
1600 -- [4282 1344]
1603 -- [3421 1107]
1604 -- [3714 1038]
1607 -- [ 853 2265]
1608 -- [ 672 2684]
1610 -- [1850  501]
1611 -- [ 728 3303]
1612 -- [3154  654]
1614 -- [4221 1131]
1615 -- [1195 1895]
1616 -- [3557  547]
1619 -- [  36 3543]
1620 -- [ 949 2690]
1621 -- [3505  867]
1625 -- [1091 4552]
1626 -- [2446  981]
1629 -- [ 676 4008]
1630 -- [1852 1733]
1631 -- [1812 1834]
1632 -- [1687 3527]
1635 -- [2635  768]
1638 -- [1581 4087]
1639 -- [3410  958]
1641 -- [ 625 4226]
1646 -- [1041 1988]
1649 -- [ 169 4289]
1650 -- [2467  469]
1657 -- [ 689 4506]
1660 -- [1675 4428]
1665 -- [ 464 1866]
1666 -- [4400  704]
1668 -- [1765 3945]
1670 -- [3535 1630]
1671 -- [4389  506]
1672 -- [ 949 3399]
1674 -- [3228 1590]
1675 -- [2404 1007]
1677 -- [1183 2852]
1678 -- [1993 1721]
1683 -- [4130 1786]
1684 -- [3083 1113]
1685 -- [ 545 2591]
1689 -- [3586  504]
1690 -- [1660 2983]
1691 -- [1508 1940]
1693 -- [  28 2745]
1695 -- [4479  708]
1696 -- [ 733 3546]
1698 -- [1457 3875]
1699 -- [  36 2174]
1700 -- [3173   53]
1702 -- [4599 1453]
1703 -- [ 481 1837]
1704 -- [ 574 1832]
1706 -- [1744 3422]
1710 -- [   7 3409]
1718 -- [2044 1501]
1719 -- [1666 3319]
1721 -- [4450  162]
1723 -- [  80 2390]
1731 -- [ 926 4557]
1735 -- [ 650 3066]
1736 -- [  62 2607]
1737 -- [3688 1145]
1738 -- [ 909 3229]
1740 -- [ 413 2675]
1741 -- [   4 1871]
1743 -- [4412  427]
1746 -- [3431    5]
1747 -- [ 210 3427]
1748 -- [ 128 4444]
1751 -- [3226 1044]
1752 -- [ 585 2911]
1753 -- [1955  204]
1758 -- [2418  501]
1759 -- [ 579 3663]
1760 -- [3571  666]
1761 -- [4010  215]
1767 -- [ 339 4502]
1770 -- [1526 4422]
1771 -- [2248 1556]
1775 -- [2232 1148]
1781 -- [3038 1254]
1783 -- [ 862 4245]
1785 -- [2237  737]
1787 -- [ 301 3116]
1789 -- [1699 3972]
1792 -- [4403  808]
1795 -- [1249 2143]
1799 -- [3273  416]
1804 -- [ 214 4043]
1806 -- [1538 3462]
1807 -- [  57 2884]
1808 -- [ 926 2845]
1810 -- [  31 4234]
1814 -- [ 307 3009]
1816 -- [3990  497]
1821 -- [1405 2278]
1822 -- [1677 2399]
1829 -- [4330 1686]
1831 -- [2101   87]
1835 -- [4117 1560]
1838 -- [1365 4103]
1842 -- [1850  694]
1847 -- [  36 2924]
1848 -- [1821  355]
1849 -- [1577 1871]
1850 -- [1585 3626]
1853 -- [1160 3020]
1855 -- [2688 1039]
1858 -- [3072  941]
1859 -- [3729  196]
1861 -- [1987  228]
1866 -- [1149 1927]
1869 -- [  49 3035]
1872 -- [2585   98]
1873 -- [2543 1175]
1874 -- [ 469 3542]
1876 -- [4001  582]
1877 -- [ 155 2979]
1878 -- [1092 3899]
1881 -- [3478 1554]
1883 -- [ 501 3321]
1884 -- [ 286 4443]
1885 -- [1579 3297]
1886 -- [1990 1116]
1887 -- [2188   70]
1888 -- [1513 2594]
1891 -- [3377  681]
1893 -- [3624 1316]
1894 -- [2213  963]
1895 -- [3259  492]
1899 -- [1154 1991]
1900 -- [2365  351]
1903 -- [ 413 2178]
1908 -- [1830  617]
1919 -- [ 427 3774]
1924 -- [ 933 2928]
1928 -- [2172  596]
1930 -- [3200   60]
1931 -- [2820 1482]
1934 -- [2333  160]
1935 -- [ 269 2487]
1937 -- [3637  803]
1940 -- [1695 2120]
1943 -- [2231  479]
1944 -- [4324 1477]
1946 -- [2180  629]
1955 -- [3532  776]
1959 -- [3480 1409]
1960 -- [2720   40]
1961 -- [ 608 2680]
1963 -- [ 379 3475]
1964 -- [1762 2714]
1965 -- [2122 1247]
1971 -- [3260  961]
1973 -- [2237  204]
1979 -- [3971 1581]
1980 -- [3997 1263]
1981 -- [ 381 2049]
1985 -- [ 326 4134]
1991 -- [2772  882]
1992 -- [2051 1154]
1995 -- [4155  141]
1998 -- [4171 1207]
2000 -- [3707  225]
2001 -- [ 265 4114]
2002 -- [2496 1736]
2004 -- [  50 3059]
2006 -- [1386 2114]
2008 -- [ 399 3212]
2009 -- [2689 1127]
2013 -- [ 269 2863]
2019 -- [2430 1700]
2022 -- [2787 1049]
2025 -- [3399  538]
2029 -- [1728 3006]
2032 -- [ 470 2034]
2036 -- [ 655 1941]
2037 -- [ 476 3564]
2038 -- [ 262 2245]
2041 -- [ 371 3184]
2045 -- [ 355 3136]
2046 -- [ 596 4324]
2047 -- [3939  255]
2050 -- [1765 2120]
2054 -- [ 691 3866]
2055 -- [1082 2305]
2056 -- [1871 1016]
2058 -- [2752 1687]
2059 -- [4545 1733]
2061 -- [4157  970]
2068 -- [4382 1446]
2069 -- [2967   86]
2071 -- [3226   29]
2074 -- [ 227 3122]
2077 -- [4290   30]
2080 -- [3070 1719]
2081 -- [4132  393]
2083 -- [ 853 4391]
2087 -- [4578 1491]
2088 -- [ 895 3873]
2089 -- [1451 3640]
2090 -- [ 615 2631]
2095 -- [1751 2346]
2097 -- [2904 1246]
2098 -- [1694 3927]
2099 -- [4442 1732]
2104 -- [4027 1433]
2106 -- [3238 1610]
2107 -- [3272  968]
2109 -- [ 687 3400]
2110 -- [1629 4349]
2115 -- [2882 1537]
2116 -- [2659 1208]
2118 -- [ 574 2369]
2119 -- [3001  327]
2122 -- [3055  113]
2123 -- [3261 1060]
2124 -- [3260 1538]
2125 -- [1089 3088]
2126 -- [1689 3043]
2128 -- [2638  535]
2129 -- [4001 1400]
2131 -- [3322  534]
2132 -- [ 868 1883]
2135 -- [1979  669]
2137 -- [1415 4007]
2141 -- [1220 2951]
2143 -- [1966  204]
2146 -- [2531  665]
2147 -- [3036  194]
2148 -- [4340  175]
2149 -- [ 803 2938]
2150 -- [1603 2143]
2151 -- [4126 1146]
2152 -- [ 956 4154]
2154 -- [4099  871]
2157 -- [2341 1089]
2158 -- [ 378 3586]
2169 -- [3747 1292]
2171 -- [ 626 3168]
2175 -- [ 981 2349]
2177 -- [ 479 3043]
2179 -- [  19 2746]
2180 -- [4127  914]
2181 -- [2446  143]
2182 -- [ 610 2812]
2183 -- [2851 1114]
2185 -- [ 317 2947]
2186 -- [ 672 3276]
2189 -- [ 214 1969]
2191 -- [2590 1181]
2192 -- [2781   29]
2194 -- [1228 3363]
2195 -- [1753 2940]
2196 -- [1343 3700]
2197 -- [ 592 3598]
2199 -- [4470 1767]
2201 -- [3338  257]
2204 -- [ 394 4025]
2205 -- [ 339 4063]
2211 -- [2340  712]
2213 -- [ 378 3731]
2214 -- [ 413 3182]
2216 -- [1205 2636]
2217 -- [1436 3258]
2220 -- [   7 3426]
2221 -- [3333 1439]
2222 -- [ 375 3291]
2227 -- [3841 1689]
2228 -- [1903 1070]
2229 -- [1146 2570]
2232 -- [1661 2265]
2233 -- [3835 1422]
2234 -- [3965  197]
2236 -- [ 390 3213]
2238 -- [ 853 1887]
2240 -- [ 539 3072]
2246 -- [1383 1877]
2250 -- [2719  517]
2259 -- [  44 4448]
2261 -- [ 449 2086]
2265 -- [2243  660]
2270 -- [ 972 2241]
2272 -- [ 819 2114]
2273 -- [4289  230]
2281 -- [2720  578]
2282 -- [2533  575]
2284 -- [1070 3762]
2285 -- [ 393 1815]
2286 -- [2059 1334]
2287 -- [ 902 2005]
2289 -- [1658 3579]
2293 -- [1085 3273]
2296 -- [1219 3963]
2298 -- [ 214 2975]
2301 -- [3830 1700]
2304 -- [1792 3857]
2305 -- [ 776 3461]
2308 -- [2901  347]
2314 -- [3871  679]
2315 -- [ 871 3439]
2317 -- [1508 4224]
2319 -- [2565  504]
2327 -- [1996  900]
2328 -- [  25 2234]
2331 -- [1497 3337]
2332 -- [  34 2594]
2338 -- [3283 1790]
2340 -- [2119  426]
2342 -- [ 736 2495]
2345 -- [1473 2538]
2349 -- [2402 1319]
2352 -- [ 946 3048]
2354 -- [3456  836]
2357 -- [ 958 4235]
2359 -- [1621 2452]
2360 -- [1680 2175]
2361 -- [3320  579]
2365 -- [2817  843]
2369 -- [4375 1740]
2373 -- [  35 2115]
2376 -- [2170  434]
2377 -- [1661 2831]
2380 -- [3207  963]
2381 -- [ 579 1962]
2383 -- [1711 2584]
2389 -- [1019 3536]
2390 -- [2972  315]
2391 -- [3028  859]
2392 -- [1182 4402]
2397 -- [3736 1344]
2405 -- [ 899 3662]
2407 -- [ 646 3150]
2408 -- [2940 1463]
2409 -- [3460  400]
2410 -- [   5 4419]
2411 -- [ 990 3881]
2413 -- [ 977 2051]
2414 -- [1695 1971]
2416 -- [1247 2895]
2419 -- [3753  978]
2420 -- [1501 3284]
2426 -- [1709 4384]
2427 -- [3249   29]
2432 -- [4334 1661]
2433 -- [ 334 3421]
2437 -- [4585   35]
2438 -- [1364 3739]
2442 -- [1801 3440]
2443 -- [2687  155]
2445 -- [1102 3003]
2451 -- [1451 3810]
2452 -- [3176  233]
2455 -- [1714 2185]
2458 -- [3483  899]
2463 -- [3578 1637]
2472 -- [3404  131]
2473 -- [3204 1572]
2474 -- [ 308 4029]
2478 -- [1428 2083]
2479 -- [ 536 3726]
2481 -- [1746 3161]
2482 -- [  40 2250]
2487 -- [ 603 3510]
2489 -- [ 826 2377]
2494 -- [3760 1344]
2495 -- [3212 1273]
2497 -- [3818 1384]
2501 -- [3008  940]
2503 -- [4399  734]
2505 -- [3494 1507]
2508 -- [  27 2762]
2514 -- [3134 1122]
2518 -- [4517 1728]
2519 -- [ 501 3014]
2522 -- [ 603 1983]
2523 -- [1022 3275]
2526 -- [ 322 4064]
2528 -- [ 707 2013]
2531 -- [ 260 2039]
2532 -- [3487 1335]
2534 -- [3503  661]
2535 -- [2786 1460]
2542 -- [3051 1663]
2543 -- [1684 2991]
2544 -- [1604 2957]
2546 -- [2519  627]
2547 -- [2477  534]
2548 -- [1513 1955]
2550 -- [1027 2586]
2552 -- [ 441 3046]
2553 -- [ 579 3737]
2558 -- [2574  814]
2560 -- [2222  962]
2572 -- [2843 1019]
2574 -- [3629  227]
2577 -- [3900   55]
2583 -- [2331  392]
2589 -- [2895  622]
2595 -- [  44 4542]
2604 -- [3044  161]
2612 -- [4560 1792]
2616 -- [ 328 2346]
2620 -- [ 592 1910]
2625 -- [4051 1064]
2626 -- [4165 1341]
2627 -- [3984  294]
2628 -- [ 652 3452]
2631 -- [4090   29]
2632 -- [ 567 3584]
2633 -- [2525  890]
2634 -- [4100  331]
2635 -- [1022 2896]
2636 -- [2640 1630]
2640 -- [3787 1675]
2641 -- [3260  622]
2642 -- [1442 4538]
2643 -- [1824  199]
2653 -- [2678 1344]
2656 -- [  67 3017]
2657 -- [1556 4488]
2658 -- [ 788 2123]
2662 -- [3143  268]
2666 -- [4217  948]
2669 -- [  91 4535]
2672 -- [3197  175]
2676 -- [1710 3911]
2678 -- [2591  848]
2679 -- [ 922 2784]
2682 -- [3744   86]
2683 -- [4350  967]
2688 -- [2792 1435]
2695 -- [2912 1107]
2697 -- [ 420 4049]
2698 -- [4199  621]
2699 -- [2061  785]
2700 -- [2529 1290]
2701 -- [3329 1562]
2702 -- [1017 2474]
2706 -- [2597  434]
2707 -- [2582  188]
2712 -- [ 821 3578]
2718 -- [1501 3006]
2721 -- [2354   25]
2724 -- [2357 1148]
2726 -- [4564  895]
2729 -- [ 519 3703]
2732 -- [ 524 4032]
2733 -- [ 369 3837]
2734 -- [1618 4265]
2735 -- [1349 1942]
2736 -- [1746 4084]
2737 -- [ 304 2039]
2740 -- [4358 1719]
2745 -- [1272 3156]
2746 -- [1262 2508]
2747 -- [1300 2419]
2751 -- [ 367 2649]
2752 -- [3325    0]
2754 -- [1526 3049]
2756 -- [4449 1577]
2759 -- [2031  736]
2760 -- [4180  892]
2763 -- [ 294 3343]
2771 -- [2003  468]
2772 -- [  76 4454]
2773 -- [2593 1217]
2777 -- [1178 2061]
2778 -- [1145 3911]
2779 -- [3154  132]
2784 -- [2472  969]
2785 -- [2543  128]
2787 -- [3663 1773]
2790 -- [ 781 2029]
2791 -- [4139  550]
2793 -- [1237 3338]
2795 -- [ 501 3303]
2797 -- [1127 4176]
2798 -- [2796 1156]
2800 -- [ 937 3222]
2803 -- [1384 4457]
2804 -- [2147 1219]
2805 -- [1390 2371]
2809 -- [ 527 4420]
2810 -- [2079  926]
2812 -- [1465 3444]
2814 -- [4427 1391]
2818 -- [1690 2709]
2820 -- [2271 1416]
2823 -- [1621 2266]
2831 -- [1532 4370]
2832 -- [ 269 2458]
2835 -- [4594  613]
2836 -- [4001 1677]
2843 -- [2281  631]
2845 -- [3635  779]
2849 -- [ 496 1870]
2852 -- [1687 2285]
2853 -- [3881  776]
2854 -- [4281  596]
2855 -- [ 321 4399]
2860 -- [2535   32]
2863 -- [1777 3046]
2864 -- [   0 3179]
2865 -- [2339 1650]
2866 -- [3846 1382]
2868 -- [3261 1393]
2870 -- [3587 1383]
2875 -- [3164 1050]
2876 -- [4153 1368]
2880 -- [4376 1575]
2881 -- [4025  417]
2886 -- [4221  928]
2887 -- [2104 1710]
2889 -- [2848 1341]
2890 -- [1980 1236]
2896 -- [3465 1671]
2898 -- [4373 1093]
2899 -- [ 765 4561]
2900 -- [1032 2435]
2907 -- [ 165 2684]
2909 -- [1137 3604]
2912 -- [3525  225]
2919 -- [4578  479]
2929 -- [3322  882]
2930 -- [2149  643]
2931 -- [3150  133]
2933 -- [2551  794]
2934 -- [1139 2139]
2935 -- [1440 3791]
2936 -- [3386 1228]
2937 -- [1720 2588]
2939 -- [4275 1195]
2941 -- [  87 4197]
2943 -- [4340  949]
2946 -- [2881 1344]
2950 -- [ 325 3699]
2959 -- [1920 1369]
2961 -- [ 971 2396]
2967 -- [ 307 3920]
2969 -- [3215  609]
2973 -- [4154  498]
2980 -- [3417  954]
2983 -- [4335 1674]
2988 -- [4116  186]
2993 -- [2683  932]
2995 -- [3707   12]
2996 -- [4024  681]
2999 -- [1156 2035]
3000 -- [1922  235]
3001 -- [ 351 3012]
3004 -- [ 519 3947]
3005 -- [2105  355]
3008 -- [2485  620]
3009 -- [3855 1100]
3010 -- [1411 3303]
3013 -- [2223 1479]
3018 -- [4236  702]
3019 -- [1503 2376]
3022 -- [2334  438]
3025 -- [3717  535]
3030 -- [4046 1689]
3031 -- [ 269 2117]
3034 -- [4178  545]
3037 -- [ 674 2726]
3039 -- [3209 1301]
3041 -- [1399 3306]
3042 -- [3315  745]
3043 -- [ 466 2065]
3044 -- [ 136 4436]
3052 -- [2555  727]
3053 -- [2641  601]
3055 -- [1916 1219]
3057 -- [3867  496]
3061 -- [ 697 2462]
3062 -- [1887 1487]
3064 -- [2630 1589]
3065 -- [  52 2576]
3066 -- [ 967 3683]
3067 -- [1510 3932]
3070 -- [4087   67]
3071 -- [2834  289]
3072 -- [2895 1100]
3073 -- [4107 1761]
3075 -- [2313  422]
3076 -- [ 924 4586]
3088 -- [1869  490]
3089 -- [ 303 3956]
3091 -- [2216 1290]
3092 -- [1316 3710]
3093 -- [3457  718]
3097 -- [ 393 3324]
3100 -- [1732 4040]
3104 -- [ 718 3824]
3107 -- [ 337 3542]
3110 -- [1148 4487]
3113 -- [2391 1705]
3115 -- [2582  250]
3116 -- [1335 4248]
3118 -- [3404 1037]
3119 -- [2513  795]
3120 -- [ 891 3577]
3124 -- [3152   95]
3127 -- [1266 2572]
3128 -- [1148 4355]
3129 -- [  55 2816]
3131 -- [ 247 3526]
3137 -- [ 912 2184]
3138 -- [2483  480]
3142 -- [3250 1067]
3145 -- [1412 2255]
3146 -- [3058  427]
3148 -- [   7 3078]
3150 -- [ 796 4218]
3155 -- [3021  922]
3156 -- [3582 1319]
3157 -- [2697 1070]
3159 -- [ 729 2300]
3166 -- [1590 4396]
3169 -- [ 909 3415]
3171 -- [2069 1521]
3172 -- [4157 1069]
3175 -- [4129 1684]
3179 -- [2028  497]
3181 -- [1884  631]
3182 -- [1878 1120]
3183 -- [4483  221]
3188 -- [ 522 2064]
3189 -- [3546  213]
3191 -- [4461 1567]
3192 -- [2205  421]
3202 -- [1786 2558]
3203 -- [3189  977]
3204 -- [  80 4075]
3205 -- [1969 1728]
3208 -- [ 751 3448]
3209 -- [4081  506]
3210 -- [ 351 2035]
3211 -- [3652 1508]
3213 -- [3556  727]
3217 -- [4485  496]
3223 -- [1675 2063]
3226 -- [ 437 4198]
3227 -- [1508 1952]
3233 -- [3557  346]
3237 -- [1457 1848]
3240 -- [ 194 3228]
3241 -- [ 533 2249]
3244 -- [3888 1734]
3246 -- [2816  844]
3248 -- [4446 1567]
3254 -- [ 975 2246]
3255 -- [4332  807]
3257 -- [1774 3337]
3263 -- [1432 3310]
3267 -- [1558 2139]
3268 -- [2005  699]
3270 -- [4137 1730]
3273 -- [4425   26]
3276 -- [1196 4436]
3277 -- [2233  307]
3278 -- [1242 2756]
3279 -- [1878  975]
3281 -- [ 716 4155]
3285 -- [3727 1246]
3286 -- [2454 1787]
3287 -- [3505    7]
3289 -- [ 694 2472]
3290 -- [3617  526]
3296 -- [4232 1746]
3302 -- [3542 1089]
3303 -- [ 962 3739]
3306 -- [3278 1331]
3311 -- [1165 2585]
3312 -- [3708 1477]
3313 -- [1939  533]
3315 -- [ 372 3156]
3319 -- [ 181 3787]
3322 -- [1287 2007]
3323 -- [1950  664]
3326 -- [1062 2342]
3327 -- [2139  583]
3328 -- [2149  232]
3329 -- [ 523 4430]
3334 -- [1429 4505]
3337 -- [ 807 2496]
3338 -- [ 838 3257]
3339 -- [2441  795]
3340 -- [1569 2828]
3343 -- [1017 3991]
3346 -- [3309 1144]
3348 -- [ 262 1972]
3350 -- [1217 2202]
3351 -- [1840  374]
3353 -- [3788  841]
3354 -- [2126  981]
3358 -- [2674 1736]
3359 -- [4232 1331]
3360 -- [3908  881]
3368 -- [2049  457]
3370 -- [ 599 4109]
3371 -- [ 853 2592]
3373 -- [ 527 4054]
3374 -- [2024 1501]
3375 -- [1628 3541]
3377 -- [  89 3071]
3378 -- [1005 4079]
3382 -- [1501 4276]
3390 -- [1855 1039]
3391 -- [2590  248]
3400 -- [2246  848]
3403 -- [4268  406]
3413 -- [ 316 3502]
3418 -- [1562 3650]
3419 -- [4308 1058]
3423 -- [4368  284]
3426 -- [ 736 3584]
3428 -- [ 346 3554]
3429 -- [3840   80]
3430 -- [4409  522]
3431 -- [1332 4469]
3433 -- [ 573 4441]
3439 -- [3286 1577]
3443 -- [ 872 2179]
3444 -- [ 625 2338]
3446 -- [4122  404]
3449 -- [ 178 2027]
3451 -- [ 900 3265]
3452 -- [3343  227]
3453 -- [3839  909]
3454 -- [1315 3325]
3455 -- [ 795 3736]
3456 -- [4028 1614]
3458 -- [1263 3156]
3461 -- [4262  892]
3463 -- [1611 2469]
3465 -- [3175  613]
3466 -- [2418  496]
3468 -- [3924  948]
3470 -- [ 627 4130]
3473 -- [ 134 2111]
3475 -- [ 946 1955]
3477 -- [2416  913]
3485 -- [4305   58]
3487 -- [1341 2375]
3488 -- [3970 1638]
3489 -- [3596 1506]
3490 -- [4355  404]
3493 -- [3230 1734]
3496 -- [ 374 4236]
3498 -- [1092 4578]
3501 -- [1775 2498]
3502 -- [3703  821]
3505 -- [1179 2061]
3506 -- [ 111 2729]
3508 -- [2461  580]
3509 -- [ 100 3583]
3511 -- [4042  536]
3513 -- [2242  539]
3516 -- [4484  689]
3519 -- [1304 2360]
3521 -- [ 204 2486]
3522 -- [1401 4129]
3524 -- [4140  807]
3526 -- [ 188 3634]
3532 -- [2051 1714]
3536 -- [ 116 3504]
3540 -- [ 728 2889]
3544 -- [2244  761]
3545 -- [ 729 3952]
3548 -- [ 768 2734]
3549 -- [4212 1450]
3550 -- [4267  973]
3551 -- [ 571 4274]
3553 -- [2896  873]
3560 -- [ 360 2568]
3563 -- [1786 2218]
3564 -- [2081  496]
3571 -- [1131 3989]
3572 -- [1185 2738]
3581 -- [  56 3621]
3583 -- [ 730 4418]
3584 -- [ 948 3147]
3586 -- [ 250 2722]
3595 -- [1039 1937]
3597 -- [ 713 1937]
3598 -- [2978  961]
3600 -- [3604 1666]
3602 -- [ 974 3718]
3606 -- [1689 2771]
3610 -- [1687 4375]
3611 -- [2936 1027]
3612 -- [  25 3995]
3613 -- [1212 4118]
3617 -- [ 370 2856]
3619 -- [4389  552]
3620 -- [ 933 3537]
3622 -- [1621 3037]
3626 -- [ 890 2618]
3627 -- [ 559 2278]
3628 -- [ 364 2731]
3630 -- [ 980 3390]
3632 -- [1244 3456]
3633 -- [  56 3619]
3635 -- [1005 4316]
3636 -- [2990 1748]
3637 -- [3271   89]
3638 -- [2693 1376]
3639 -- [2611  890]
3641 -- [1992 1749]
3644 -- [2569 1271]
3646 -- [1411 3329]
3647 -- [2112 1114]
3649 -- [4418 1461]
3650 -- [3201 1599]
3654 -- [2029  456]
3655 -- [1802 1851]
3657 -- [  20 4125]
3659 -- [4592  727]
3660 -- [2958  913]
3663 -- [1647 2276]
3667 -- [3196 1082]
3670 -- [ 210 2653]
3671 -- [1902 1438]
3674 -- [2117 1497]
3679 -- [1460 2477]
3685 -- [ 737 3912]
3686 -- [3669 1629]
3687 -- [1463 4245]
3690 -- [2659 1463]
3694 -- [4125  471]
3695 -- [3519  596]
3702 -- [ 650 2884]
3703 -- [ 676 2109]
3710 -- [3500 1457]
3713 -- [ 621 2180]
3714 -- [3068 1365]
3719 -- [2383 1044]
3721 -- [2875 1382]
3722 -- [2730   86]
3725 -- [3770  509]
3727 -- [ 188 3815]
3731 -- [2409 1638]
3735 -- [3656   67]
3737 -- [  88 4348]
3740 -- [4569 1388]
3742 -- [ 522 4153]
3743 -- [2983 1671]
3746 -- [3036  900]
3749 -- [ 181 2140]
3752 -- [2376  439]
3756 -- [3316 1749]
3758 -- [2255 1666]
3759 -- [3056  351]
3761 -- [4192  183]
3764 -- [1037 3098]
3766 -- [3509 1109]
3768 -- [ 378 4522]
3770 -- [ 178 4219]
3771 -- [1955 1695]
3774 -- [   9 2582]
3780 -- [2621 1382]
3785 -- [3064 1692]
3790 -- [2550  913]
3793 -- [2127  222]
3795 -- [2913  539]
3798 -- [1583 3563]
3805 -- [1463 3707]
3809 -- [2489  934]
3810 -- [1728 1858]
3812 -- [3301 1093]
3813 -- [ 470 3688]
3815 -- [4492 1719]
3819 -- [1289 3554]
3824 -- [3044  147]
3832 -- [1174 3005]
3838 -- [3798 1555]
3839 -- [ 949 3079]
3840 -- [4538  391]
3841 -- [4120  765]
3843 -- [  64 4354]
3844 -- [4427 1772]
3845 -- [1222 3380]
3847 -- [3766 1577]
3848 -- [ 787 4540]
7 -time: 0.02238 -dim: (11172, 2)
8 -time: 0.00013 -dim: (7, 57)
9 -time: 4.05845 -dim: (1835400, 3)
10 -time: 5.67921 -dim: (1730141, 3)
11_12 -time: 0.20182 -dim: [110424, 2]
13 -time: 0.07853 -dim: (36808, 4)
14_15 -time: 0.03398 -dim: [798, 2]
16 -time: 0.00001 -dim: (0, 2)
17_18 -time: 0.38532 -dim: [73616, 3]
19 -time: 0.00009 -dim: (1, 1)
20 -time: 0.23355 -dim: (0, 4601)
21 -time: 0.00077 -dim: (1, 4601)
22 -time: 0.00007 -dim: (3850, 3)
23 -time: 0.00004 -dim: (3850, 3)
24 -time: 0.00005 -dim: (0, 5)
25 -time: 0.00007 -dim: (4201, 3)
26 -time: 0.00005 -dim: (4201, 3)
smtPr 22-26 -time: 0.02704 -dim: nan
slvr_header -time: 2.20186 -dim: nan
*solver* -time: 900.08591 -dim: nan
res_read -time: 0.08798 -dim: nan
-- SUM CL TIME: 10.72156          |  SUM other TIME: 902.37575          |  SUM TIME: 913.09731
