667 774
167 274
262 410
762 910
712 889
212 389
332 419
832 919
520 791
20 291
867 972
367 472
746 781
884 969
384 469
554 630
54 130
878 930
50 368
550 868
115 383
615 883
860 995
360 495
72 301
572 801
806 816
306 316
132 413
632 913
53 306
378 430
553 806
22 247
518 669
122 335
622 835
0 437
500 937
59 191
559 691
522 747
18 169
338 385
882 903
852 910
352 410
735 762
235 262
838 885
954 970
454 470
142 329
642 829
96 242
596 742
246 281
117 167
617 667
768 863
578 925
78 425
674 730
382 403
61 302
561 802
577 644
36 302
536 802
789 965
289 465
785 910
285 410
590 715
824 858
502 605
90 215
174 230
104 392
604 892
709 888
209 388
707 947
81 152
762 852
262 352
25 358
581 652
183 349
268 363
68 411
123 443
207 447
58 105
822 948
40 108
594 694
683 849
322 448
540 608
62 304
370 405
870 905
230 445
149 400
649 900
558 605
77 144
525 858
94 194
324 358
285 352
785 852
515 926
536 883
84 312
584 812
2 105
157 314
657 814
36 383
8 59
97 182
597 682
562 804
508 559
179 422
679 922
735 910
235 410
911 981
623 943
762 785
262 285
937 973
437 473
802 883
616 639
116 139
15 426
545 989
302 383
8 191
508 691
595 772
617 774
117 274
576 983
76 483
730 945
53 316
93 231
593 731
568 911
590 780
57 161
557 661
296 352
796 852
44 87
553 816
801 925
301 425
544 587
90 280
95 272
642 968
142 468
96 193
596 693
318 493
818 993
508 516
692 814
192 314
58 406
45 489
8 16
87 254
558 906
193 292
693 792
523 627
23 127
544 736
49 98
549 598
274 422
774 922
615 662
115 162
39 471
539 971
207 426
56 118
556 618
411 481
44 236
918 942
418 442
911 989
639 872
646 994
139 372
536 615
659 872
172 436
672 936
159 372
117 179
617 679
36 115
587 754
359 433
193 242
693 742
859 933
445 481
449 459
26 148
526 648
97 450
597 950
83 317
949 959
70 299
583 817
707 926
299 406
799 906
500 973
0 473
945 981
589 871
89 371
20 227
520 727
570 799
542 869
42 369
667 922
167 422
658 985
158 485
411 489
76 424
576 924
312 457
812 957
357 363
857 863
160 205
660 705
158 432
658 932
845 909
555 720
159 457
464 487
964 987
647 930
36 61
536 561
659 957
240 290
740 790
167 179
667 679
147 430
622 996
122 496
350 382
850 882
628 877
659 964
159 464
146 494
128 377
2 70
157 203
565 975
65 475
766 853
458 467
808 887
308 387
625 972
803 811
125 472
329 427
829 927
303 311
266 353
846 926
539 946
39 446
55 311
657 703
829 968
329 468
213 450
713 950
686 992
186 492
100 493
600 993
74 246
286 406
147 401
30 123
662 883
958 967
63 241
162 383
786 906
530 623
860 916
360 416
715 780
215 280
502 570
135 342
459 473
391 470
891 970
959 973
735 852
235 352
541 962
574 746
345 409
635 842
584 957
84 457
101 445
41 462
53 280
65 432
565 932
553 780
230 481
213 470
713 970
679 774
179 274
101 119
55 220
280 306
780 806
782 833
148 221
648 721
601 945
601 619
735 785
235 285
946 971
446 471
147 378
617 922
117 422
600 791
100 291
209 307
709 807
647 878
57 221
557 721
399 437
899 937
350 403
525 824
42 181
542 681
718 743
615 802
551 950
51 450
561 883
647 901
263 311
763 811
115 302
21 309
521 809
234 399
174 445
804 827
177 394
677 894
668 957
168 457
282 333
734 899
125 367
625 867
61 383
25 324
142 427
642 927
18 325
555 811
520 818
20 318
626 917
126 417
156 177
656 677
304 327
2 58
341 439
841 939
568 962
850 903
32 305
518 825
532 805
573 618
138 451
638 951
166 346
186 188
686 688
661 721
161 221
129 272
393 404
33 316
578 801
78 301
587 736
26 221
526 721
502 558
533 632
533 816
595 857
73 118
33 132
346 426
742 758
242 258
629 772
575 768
75 268
87 236
72 425
572 925
84 159
534 756
531 804
5 61
505 561
734 895
584 659
949 995
234 395
449 495
68 462
893 904
81 433
581 933
563 741
37 449
537 949
212 399
836 872
336 372
506 605
510 530
892 918
392 418
272 357
34 256
712 899
106 310
84 464
584 964
587 863
937 959
234 459
437 459
666 846
734 959
52 269
552 769
674 945
76 223
576 723
563 902
727 791
227 291
510 623
835 996
335 496
6 105
606 810
31 304
715 755
389 437
288 310
193 442
693 942
62 327
889 937
590 816
389 399
215 255
90 316
512 838
104 224
262 296
762 796
285 296
785 796
99 109
599 609
95 357
113 221
613 721
20 100
520 600
604 724
639 836
87 363
772 857
9 441
509 941
90 196
12 338
889 899
637 933
360 449
208 294
41 259
860 949
562 827
139 336
706 878
137 433
274 369
774 869
411 462
541 759
730 981
666 929
630 821
590 696
130 321
708 794
822 966
427 468
927 968
819 920
296 410
796 910
966 987
218 243
570 605
322 466
466 487
48 358
584 628
195 305
168 312
668 812
84 128
695 805
891 954
391 454
38 251
538 751
598 829
98 329
307 427
807 927
245 365
590 806
366 368
296 425
796 925
745 865
981 989
90 306
481 489
63 402
34 160
866 868
575 863
745 889
506 570
171 444
157 173
278 347
632 696
319 420
58 70
132 196
604 918
245 389
707 846
6 70
68 101
671 944
104 418
6 58
287 410
787 910
262 287
762 787
206 378
768 857
166 429
101 326
601 826
98 468
598 968
173 338
633 695
133 195
568 601
534 660
30 443
529 755
780 816
778 847
502 506
100 318
600 818
10 30
280 316
657 673
659 812
159 312
29 255
2 6
916 995
601 911
416 495
287 352
787 852
178 311
678 811
75 363
70 105
68 481
568 981
788 810
10 123
517 858
7 296
507 796
791 818
291 318
733 879
233 379
670 676
170 176
574 781
268 357
182 450
682 950
35 256
74 281
279 417
779 917
530 943
911 962
598 642
98 142
841 963
341 463
673 838
207 346
242 442
742 942
515 846
58 299
529 635
700 887
200 387
273 323
506 558
29 135
15 346
17 358
101 411
792 918
292 418
387 465
887 965
917 980
417 480
67 478
567 978
282 340
330 489
964 966
464 466
135 303
535 756
590 632
90 132
578 796
78 296
635 803
844 869
344 369
190 269
690 769
215 316
830 989
715 816
155 362
44 254
517 793
655 862
778 929
426 447
217 228
717 728
17 293
409 497
516 691
558 799
767 848
267 348
16 191
700 965
200 465
25 48
706 930
206 430
128 312
448 466
599 671
948 966
558 570
193 418
693 918
628 812
544 754
551 960
51 460
782 840
773 823
131 392
631 892
657 692
212 437
276 428
776 928
607 856
107 356
59 392
559 892
712 937
583 874
83 374
601 981
449 473
949 973
892 942
392 442
552 690
52 190
55 303
101 481
346 429
909 997
605 906
924 983
424 483
278 429
548 858
97 213
597 713
105 406
614 738
500 899
0 399
157 192
196 316
727 818
227 318
58 286
558 786
211 416
46 313
926 947
546 813
696 816
525 548
286 299
213 454
713 954
848 862
711 916
587 768
182 213
682 713
911 945
51 213
551 713
53 90
215 306
715 806
37 473
365 389
119 326
22 384
522 884
899 959
537 973
0 389
53 196
399 459
114 238
559 800
8 300
97 454
597 954
508 800
562 738
62 238
865 889
553 590
665 681
165 181
551 569
51 69
807 888
307 388
59 300
500 889
70 406
198 346
163 353
747 884
677 915
177 415
23 138
523 638
107 221
607 721
691 892
191 392
579 619
663 853
96 292
596 792
264 370
764 870
563 571
786 799
263 303
376 461
876 961
763 803
669 825
545 911
712 734
595 863
577 824
212 234
312 377
182 453
682 953
812 877
582 789
82 289
533 913
577 858
77 324
574 782
348 362
553 696
33 413
530 687
30 187
167 369
667 869
616 872
516 559
619 826
846 929
77 358
753 857
203 314
626 785
126 285
824 958
116 372
16 59
830 981
330 481
542 922
42 422
63 71
632 816
107 343
607 843
55 178
247 384
500 865
696 780
132 316
0 365
82 493
582 993
352 417
852 917
169 325
561 615
196 280
74 282
371 407
871 907
96 258
596 758
123 252
833 840
61 115
69 460
569 960
79 119
570 906
517 525
823 933
555 803
703 814
181 475
681 975
532 695
32 195
68 489
623 752
196 306
152 433
830 911
324 458
696 806
79 326
696 913
575 857
729 897
229 397
795 805
295 305
99 171
849 893
712 745
196 413
372 457
584 668
613 661
113 161
84 168
17 25
750 761
872 957
901 930
95 363
518 722
652 933
728 961
228 461
568 826
212 245
865 900
698 846
68 326
188 461
688 961
578 785
78 285
713 960
213 460
764 891
264 391
365 400
349 393
78 126
578 626
5 302
505 802
237 308
723 983
223 483
296 480
796 980
401 430
333 340
737 808
411 445
542 774
42 274
626 852
126 352
87 268
597 970
97 470
173 314
526 891
26 391
535 738
712 895
749 836
249 336
212 395
450 470
950 970
336 373
836 873
626 796
126 296
555 678
512 885
143 435
643 935
673 814
75 357
572 578
72 78
330 411
285 461
785 961
735 796
235 296
410 461
910 961
128 168
628 668
698 810
43 440
543 940
378 401
35 238
732 899
232 399
8 392
533 806
508 892
261 367
534 666
12 385
235 287
735 787
632 715
33 306
761 867
554 821
54 321
558 602
568 989
531 562
258 442
758 942
23 451
523 951
174 481
621 908
590 755
5 424
505 924
388 427
888 927
285 376
785 876
500 745
132 215
903 921
323 433
0 245
253 357
356 496
856 996
31 62
878 901
148 161
648 661
18 222
34 166
500 959
0 459
90 255
669 986
169 486
107 113
607 613
160 166
0 400
500 900
579 826
520 993
20 493
515 707
403 421
357 462
668 877
151 454
651 954
126 451
626 951
168 377
139 159
639 659
248 424
501 931
1 431
669 722
36 162
857 962
574 840
273 434
626 980
126 480
672 744
389 473
198 310
889 973
596 735
96 235
242 292
742 792
536 662
554 877
104 131
101 230
178 303
57 148
557 648
678 803
45 481
545 981
15 207
17 324
309 441
809 941
13 486
169 222
734 889
234 389
37 459
517 824
104 191
250 261
764 894
264 394
604 631
773 934
748 924
604 691
54 377
57 113
557 613
379 405
879 905
815 901
9 499
509 999
571 743
503 723
3 223
565 627
65 127
537 959
45 411
962 989
462 489
759 830
511 939
11 439
595 962
559 604
59 104
272 363
745 937
50 366
506 602
823 859
317 377
618 868
74 340
245 437
118 368
541 830
722 825
817 877
908 934
185 457
254 363
25 241
685 957
604 942
209 427
709 927
254 430
550 866
605 799
10 152
340 497
840 997
212 365
0 212
660 666
6 102
104 442
772 863
95 462
779 980
279 480
500 712
791 993
291 493
48 324
712 865
90 413
629 759
58 102
590 913
369 422
869 922
510 652
593 685
613 643
113 143
66 258
566 758
82 465
582 965
129 259
872 964
228 292
728 792
682 954
182 454
93 185
181 422
681 922
340 409
74 333
574 833
372 464
768 930
735 876
235 376
511 841
11 341
525 741
171 375
268 430
64 197
408 434
707 982
792 942
292 442
303 342
262 461
762 961
549 968
49 468
647 706
26 57
526 557
96 442
596 942
858 958
358 458
235 461
735 961
76 248
31 114
865 937
315 401
616 836
365 437
812 964
312 464
846 947
285 425
785 925
173 385
803 842
18 486
564 697
4 289
50 118
550 618
554 583
343 356
843 856
522 969
504 789
674 981
957 964
457 464
116 336
516 892
683 893
53 215
518 986
168 185
25 458
17 77
668 685
162 302
16 392
899 973
399 473
531 614
119 398
745 973
54 83
594 602
323 359
258 300
662 802
143 328
643 828
638 779
138 279
234 437
513 986
553 715
754 863
71 243
289 387
789 887
245 473
4 237
734 937
504 737
183 393
71 218
11 19
511 519
758 800
222 325
619 898
700 749
200 249
576 748
571 718
207 482
578 852
78 352
902 967
840 909
517 577
236 363
147 206
172 244
2 299
116 185
616 685
525 958
450 454
950 954
890 903
94 102
386 431
886 931
755 780
736 863
897 941
397 441
502 799
255 280
580 606
505 977
224 392
548 824
724 892
285 417
785 917
5 477
382 390
188 285
688 785
761 972
121 408
882 890
693 758
193 258
105 299
261 472
802 977
502 906
550 867
50 367
601 730
229 441
729 941
595 629
541 568
302 477
80 106
390 403
2 406
201 258
701 758
95 129
639 700
575 684
137 359
637 859
296 417
796 917
22 469
241 402
69 233
569 733
139 200
95 489
39 465
539 965
410 417
910 917
575 772
830 962
102 105
68 445
542 667
42 167
41 330
188 417
688 917
30 447
75 184
556 573
352 425
852 925
754 930
543 765
43 265
611 760
521 676
21 176
696 715
196 215
747 969
26 264
526 764
56 73
644 824
682 970
182 470
506 799
951 980
451 480
584 877
82 387
582 887
45 230
759 962
84 377
510 752
259 462
402 467
259 330
602 605
144 324
12 173
540 921
734 949
40 421
181 369
681 869
56 368
234 449
556 868
227 386
727 886
285 287
785 787
271 283
53 269
579 601
45 174
817 874
287 417
787 917
673 885
10 81
212 473
317 374
741 902
926 982
426 482
712 973
48 77
685 731
41 68
750 972
671 875
549 642
49 142
6 299
553 769
630 877
165 422
665 922
367 368
73 374
568 945
185 231
867 868
83 377
583 877
530 947
889 895
111 260
50 56
550 556
389 395
155 486
13 331
130 377
123 187
623 687
583 668
346 447
339 463
839 963
545 730
127 451
627 951
659 836
512 673
79 101
573 874
3 267
503 767
134 386
634 886
83 168
595 989
75 272
615 896
159 336
41 411
730 911
252 443
632 806
607 645
107 145
7 352
507 852
837 862
328 498
828 998
589 828
89 328
65 158
565 658
655 986
250 472
10 252
187 443
552 916
626 910
126 410
337 362
239 431
739 931
17 144
517 644
330 462
550 972
376 410
876 910
92 319
569 984
69 484
247 469
113 415
613 915
132 306
619 945
50 472
86 370
586 870
664 818
164 318
230 411
52 416
529 803
510 581
29 303
749 872
636 777
592 819
119 445
765 927
265 427
559 942
249 372
629 857
691 800
29 342
529 842
59 442
213 453
713 953
192 275
644 858
762 876
262 376
545 674
191 300
771 783
370 391
870 891
181 274
681 774
202 354
932 975
432 475
6 406
19 423
519 923
687 943
250 381
465 471
965 971
932 985
432 485
55 263
513 831
121 434
621 934
200 289
700 789
50 125
159 487
659 987
550 625
129 357
31 351
616 957
151 394
651 894
236 297
715 913
561 977
116 457
48 458
300 442
587 930
948 987
448 487
602 786
800 942
584 987
136 277
657 838
157 338
287 296
787 796
568 736
394 415
894 915
192 247
84 487
229 309
729 809
609 798
75 253
575 753
352 480
852 980
115 396
215 413
61 162
924 977
815 878
506 906
33 196
264 405
764 905
120 277
139 457
533 696
665 776
165 276
639 957
33 53
541 911
106 288
61 477
45 330
545 830
561 662
87 430
242 418
742 918
587 595
750 867
307 468
807 968
665 928
165 428
33 90
626 688
126 188
533 590
314 414
814 914
54 374
6 286
531 851
87 95
117 369
617 869
389 459
750 881
155 331
655 831
101 489
554 874
3 483
503 983
188 410
688 910
424 477
391 405
891 905
109 298
127 138
627 638
665 975
165 475
533 553
889 959
544 863
692 747
581 637
296 301
796 801
315 378
601 989
437 449
459 495
937 949
503 576
3 76
959 995
184 412
81 137
68 236
945 989
268 378
117 181
617 681
44 363
754 768
254 268
768 878
539 789
39 289
15 429
644 771
626 925
126 425
26 107
526 607
741 958
241 458
238 256
767 834
267 334
10 443
510 943
816 913
316 413
230 489
620 777
563 594
42 475
542 975
212 459
445 489
702 854
177 264
677 764
116 159
616 659
501 727
1 227
549 829
49 329
101 174
720 811
752 943
712 959
678 849
536 977
734 973
554 628
234 473
54 128
195 295
738 756
515 847
67 390
144 271
695 795
753 768
167 181
667 681
736 768
144 358
37 495
178 349
537 995
63 94
506 786
581 859
237 387
586 648
86 148
52 112
402 458
902 958
685 836
81 359
82 318
582 818
962 981
561 751
61 251
253 268
552 612
220 311
250 367
548 577
36 477
705 943
533 715
197 266
737 887
185 336
555 763
33 215
811 849
8 104
736 797
868 972
395 399
238 304
7 425
507 925
508 604
102 286
368 472
578 910
78 410
57 415
557 915
638 917
138 417
336 457
943 947
591 896
895 899
548 958
628 957
311 349
765 807
265 307
667 955
167 455
105 420
692 775
947 982
637 823
882 921
836 957
236 462
736 962
128 457
507 762
7 262
447 482
516 631
16 131
360 459
812 820
131 418
631 918
692 703
312 320
567 890
236 268
587 857
554 668
515 929
54 168
860 959
213 391
713 891
664 727
164 227
262 417
762 917
680 683
237 289
730 989
91 396
15 347
30 152
443 447
545 945
221 415
721 915
141 281
200 336
700 836
737 789
733 905
233 405
595 768
689 790
189 290
45 445
37 437
822 987
102 194
159 466
697 766
659 966
70 286
537 937
363 430
535 929
35 429
883 896
87 357
602 694
605 920
730 969
293 380
230 469
502 650
151 470
651 970
530 652
863 930
323 434
2 150
180 183
262 425
762 925
236 254
388 468
888 968
322 487
793 880
379 391
879 891
142 388
642 888
192 203
66 193
566 693
679 955
179 455
661 757
161 257
950 960
450 460
137 323
599 944
578 762
78 262
649 865
200 308
700 808
269 306
149 365
738 804
105 286
822 964
606 788
769 806
663 766
59 175
753 863
291 438
791 938
559 675
784 885
582 808
82 308
939 963
439 463
736 754
322 464
125 368
462 481
410 425
910 925
417 451
917 951
485 492
985 992
605 786
352 461
852 961
284 385
51 97
551 597
625 868
583 630
130 374
326 411
675 800
26 161
526 661
630 874
175 300
698 926
601 674
163 266
850 921
596 762
96 262
639 873
531 827
176 455
676 955
140 350
145 148
645 648
328 435
828 935
83 130
797 901
42 117
542 617
510 687
272 412
297 401
139 373
46 419
678 720
5 36
505 536
400 437
900 937
21 441
521 941
516 800
100 227
600 727
224 418
99 444
25 77
22 192
28 499
528 999
632 780
123 447
507 735
7 235
114 271
865 899
724 918
546 919
83 231
383 396
157 414
657 914
365 399
227 493
727 993
626 762
126 262
583 731
522 692
108 277
608 777
772 912
84 320
269 316
107 148
607 648
584 820
700 872
223 424
723 924
200 372
681 841
181 341
769 816
523 565
23 65
515 947
159 168
16 300
659 668
42 165
542 665
736 826
684 912
628 630
128 130
132 280
151 391
651 891
382 421
535 562
980 988
480 488
735 742
235 242
53 132
570 786
294 476
84 372
178 220
584 872
638 980
138 480
249 471
749 971
652 859
152 359
198 426
68 330
568 830
112 269
631 724
4 82
274 344
774 844
812 872
312 372
131 224
504 582
794 976
612 769
241 358
741 858
614 771
236 326
237 465
254 378
537 889
617 955
117 455
453 460
953 960
37 389
655 848
553 632
525 577
188 352
688 852
737 965
823 934
118 366
600 938
100 438
639 685
139 185
545 601
640 850
618 866
8 175
370 379
870 879
350 421
175 191
820 964
795 907
295 407
768 772
675 691
774 955
274 455
96 418
596 918
508 675
585 940
537 734
35 62
85 440
575 595
754 878
361 460
861 960
647 754
147 254
129 184
114 351
45 101
732 865
62 114
173 192
253 363
151 264
651 764
600 946
100 446
320 464
172 195
37 234
31 327
672 695
117 463
617 963
567 615
688 992
188 492
562 614
623 947
92 218
826 911
205 443
232 365
15 447
544 768
63 218
563 718
608 903
741 824
673 692
629 684
57 264
557 764
219 351
121 323
198 207
98 427
598 927
134 227
634 727
596 728
96 228
662 890
162 390
815 930
597 953
97 453
671 744
172 375
95 268
502 920
10 187
67 115
108 421
884 952
155 348
672 875
760 766
749 965
249 465
268 272
698 929
709 765
209 265
30 252
166 426
666 926
537 860
252 447
779 988
279 488
808 965
308 465
156 394
656 894
198 429
872 966
372 466
166 205
603 744
37 360
537 712
531 738
536 978
36 478
157 385
103 133
536 567
36 67
608 921
37 212
587 647
621 823
809 888
309 388
211 360
57 177
557 677
609 671
126 138
626 638
500 732
0 232
735 925
235 425
73 366
37 245
711 860
241 324
681 939
181 439
113 435
613 935
537 745
616 873
236 357
66 442
566 942
657 885
603 633
544 898
530 752
532 633
32 133
579 945
103 244
572 796
72 296
507 910
7 410
573 866
736 857
16 104
108 403
516 604
375 436
615 890
115 390
875 936
0 149
500 649
116 373
25 218
31 238
173 203
239 484
739 984
634 664
134 164
44 398
606 698
602 906
82 237
193 228
693 728
34 35
732 937
232 437
34 205
213 379
713 879
343 496
843 996
0 234
285 301
785 801
218 241
500 734
363 462
926 929
174 489
582 737
589 935
89 435
260 353
744 936
375 444
167 463
667 963
575 930
165 179
665 679
8 442
144 354
125 404
863 962
352 376
852 876
936 976
436 476
188 262
688 762
75 430
106 198
625 904
508 942
272 462
71 241
566 742
66 242
171 244
515 982
772 962
541 981
641 781
698 707
45 68
545 568
271 354
566 596
66 96
259 357
771 854
44 268
534 705
505 883
875 944
24 180
469 481
595 754
184 272
4 465
5 383
644 854
178 342
542 679
42 179
504 965
648 891
148 391
948 964
448 464
578 876
78 376
384 452
668 817
666 756
95 254
662 896
387 471
887 971
168 317
166 207
63 194
525 718
147 315
647 815
71 92
15 166
534 535
666 705
674 989
232 456
732 956
642 807
142 307
365 473
678 842
563 694
865 973
613 856
113 356
73 490
674 911
89 407
589 907
691 942
140 382
759 772
627 975
127 475
191 442
2 420
759 857
505 751
5 251
79 445
326 445
259 272
719 851
87 147
395 459
807 829
307 329
592 718
667 844
167 344
179 181
679 681
831 862
639 749
595 759
7 480
507 980
95 411
895 959
445 469
578 735
78 235
673 703
877 957
179 369
679 869
377 457
604 792
114 304
139 249
102 406
68 230
26 145
526 645
554 817
814 838
314 338
236 411
890 921
409 491
696 769
46 332
265 440
196 269
614 851
765 940
347 429
315 430
826 945
331 362
138 488
638 988
344 463
844 963
643 915
143 415
209 468
709 968
760 853
29 178
104 292
54 317
560 675
51 470
551 970
789 971
289 471
546 832
640 882
529 678
627 939
127 439
260 266
450 453
950 953
909 991
596 910
96 410
573 990
540 903
635 755
75 95
752 947
41 357
685 873
900 956
400 456
881 972
587 878
301 376
801 876
559 918
68 119
59 418
171 436
426 429
15 198
379 470
879 970
193 235
693 735
200 373
700 873
185 373
541 857
538 561
38 61
171 172
0 449
109 171
847 929
500 949
335 356
835 856
244 436
684 772
95 259
75 378
268 401
45 95
545 595
135 255
928 999
428 499
595 736
806 913
274 463
774 963
515 666
575 878
7 301
507 801
379 460
879 960
100 290
600 790
945 969
602 920
102 420
571 592
32 208
863 878
122 356
622 856
614 804
232 389
381 472
51 182
551 682
56 366
15 482
563 743
200 237
532 708
306 413
502 602
174 411
511 963
11 463
345 491
206 254
627 932
127 432
86 405
586 905
595 911
571 741
416 449
916 949
577 771
230 330
541 989
700 737
834 848
334 348
666 707
556 866
666 698
41 481
568 619
0 37
732 889
26 415
526 915
624 781
39 82
539 582
162 396
113 148
613 648
829 888
329 388
845 991
500 537
86 161
586 661
55 349
40 403
969 981
501 886
1 386
118 490
611 909
524 680
166 198
723 837
363 378
557 586
57 86
95 236
46 473
800 892
124 281
300 392
542 844
42 344
812 817
630 668
768 901
130 168
212 232
41 489
546 973
312 317
556 821
674 969
311 342
220 349
736 911
946 993
446 493
30 207
745 900
56 321
7 72
507 572
671 672
166 256
656 915
156 415
671 936
575 587
811 842
111 409
790 993
290 493
596 787
96 287
245 400
712 732
659 820
97 151
597 651
30 81
708 976
390 421
208 476
551 733
51 233
180 393
618 990
159 320
680 893
718 741
544 647
725 853
225 353
523 932
23 432
174 469
26 113
526 613
890 896
745 899
515 778
787 961
287 461
530 707
399 449
95 330
595 830
214 267
714 767
899 949
515 698
29 215
529 715
520 938
20 438
301 352
801 852
700 971
200 471
87 378
245 399
60 175
837 848
537 895
71 94
37 395
717 792
217 292
19 341
519 841
289 308
789 808
680 704
635 811
376 425
876 925
135 311
626 779
126 279
223 337
201 300
7 287
507 787
71 319
133 305
952 969
452 469
706 754
633 805
533 780
701 800
138 423
638 923
726 739
226 239
571 594
575 912
119 230
26 454
526 954
72 376
572 876
263 393
287 480
787 980
15 278
503 848
3 348
33 280
223 248
265 388
765 888
525 902
6 94
39 493
539 993
609 944
767 837
685 872
128 464
730 884
530 581
720 849
735 801
235 301
723 748
185 372
248 483
230 384
763 893
628 964
142 209
642 709
7 285
507 785
666 810
507 578
7 78
734 995
571 819
732 900
232 400
130 490
573 868
604 693
234 495
75 412
160 256
238 327
645 856
145 356
73 368
555 849
751 802
251 302
535 666
310 346
17 48
263 404
763 904
99 244
567 883
524 904
616 700
147 268
647 768
799 825
285 480
785 980
693 892
193 392
516 560
24 404
299 325
845 997
714 723
214 223
143 498
643 998
104 193
325 406
116 200
910 980
410 480
576 977
25 402
779 951
279 451
19 439
519 939
228 235
728 735
311 393
369 463
869 963
262 301
762 801
811 893
733 960
233 460
264 415
764 915
67 383
9 397
509 897
601 736
628 821
660 756
2 102
645 843
145 343
727 931
227 431
544 930
44 430
128 321
244 408
630 990
337 348
594 902
67 162
109 444
94 402
619 911
54 490
685 812
506 594
730 830
185 312
784 838
601 962
117 165
617 665
517 548
32 295
44 147
748 983
532 795
728 787
228 287
16 60
509 679
9 179
608 850
125 204
545 962
330 445
612 916
508 631
578 980
78 480
521 888
21 388
87 272
75 87
512 657
180 204
22 364
659 685
8 131
826 981
159 185
619 730
242 300
279 287
779 787
599 744
112 416
639 964
526 970
26 470
810 846
188 287
688 787
153 291
653 791
76 477
139 464
88 131
607 643
107 143
148 264
648 764
508 560
742 800
664 993
164 493
501 689
1 189
567 662
792 892
292 392
637 652
137 152
587 772
12 157
588 631
660 943
383 477
780 913
25 63
830 945
284 338
753 772
326 481
26 370
526 870
275 314
883 977
625 704
56 130
536 896
556 630
568 730
178 263
825 906
522 864
63 243
738 827
821 877
131 210
678 763
631 710
72 285
572 785
554 990
544 595
572 735
72 235
267 337
119 411
641 746
525 563
645 721
145 221
77 271
629 753
107 415
607 915
314 385
575 629
280 413
390 396
44 95
764 970
264 470
541 595
71 402
106 205
203 338
128 159
321 377
23 423
523 923
125 393
628 659
728 910
228 410
101 236
625 881
246 282
919 973
419 473
101 462
625 893
571 902
558 920
703 838
533 769
758 918
258 418
366 367
977 983
33 269
345 497
101 398
601 898
108 350
163 260
663 760
680 849
583 812
575 754
83 312
520 653
20 153
166 310
34 429
2 286
872 987
606 705
141 246
678 683
85 329
166 447
178 183
264 454
764 954
111 497
268 297
372 487
35 166
866 867
814 885
502 786
180 349
425 480
925 980
585 829
534 929
596 961
96 461
626 686
126 186
536 751
36 251
746 782
900 973
400 473
565 681
65 181
581 823
840 845
46 245
231 317
731 817
605 650
673 914
559 742
75 254
39 387
539 887
326 398
826 898
617 839
117 339
546 745
19 138
519 638
125 180
775 814
615 978
552 995
59 242
119 174
262 480
762 980
619 981
52 495
41 95
8 60
119 481
578 917
78 417
301 410
801 910
2 325
44 297
80 198
63 458
692 838
48 144
68 95
568 595
676 809
176 309
570 825
611 997
957 987
186 461
686 961
711 995
125 381
625 680
728 762
228 262
211 495
115 478
221 264
721 764
241 467
70 325
526 586
26 86
523 658
23 158
457 487
122 328
622 828
131 442
631 942
173 414
742 762
242 262
617 841
117 341
135 178
720 803
242 392
742 892
559 758
253 272
624 746
124 246
889 949
389 449
691 918
728 742
228 242
191 418
635 678
607 661
107 161
209 309
709 809
810 929
59 258
792 961
292 461
247 275
21 229
521 729
219 256
719 756
502 825
45 462
747 952
391 450
891 950
192 338
24 393
809 897
309 397
772 989
525 644
58 420
53 413
755 806
587 962
254 357
87 462
582 664
82 164
255 306
477 483
831 986
36 396
741 967
707 943
812 836
747 775
735 917
235 417
604 742
864 969
310 429
35 278
312 336
143 356
643 856
552 860
580 698
39 249
539 749
431 484
931 984
544 568
608 882
659 749
272 489
666 947
247 314
220 303
768 797
165 274
665 774
44 68
129 412
75 129
162 382
52 360
548 644
619 674
712 949
212 449
688 728
188 228
246 340
104 242
630 817
331 486
159 249
544 797
587 901
662 882
51 379
551 879
298 476
660 846
160 346
82 100
582 600
747 814
28 165
528 665
922 955
422 455
186 417
686 917
395 449
553 913
895 949
802 896
626 735
126 235
767 862
130 317
320 322
563 958
867 881
149 313
387 493
887 993
25 144
820 822
649 813
192 385
692 885
537 546
37 46
188 376
688 876
524 893
236 489
736 989
651 915
151 415
3 248
688 735
188 235
81 323
823 908
644 880
131 191
631 691
649 956
149 456
609 773
569 879
69 379
72 262
572 762
174 364
812 987
535 778
626 787
126 287
57 107
557 607
395 437
312 487
364 469
105 150
754 857
895 937
165 167
665 667
798 976
650 920
5 76
505 576
71 420
571 920
743 902
547 809
47 309
736 898
755 816
569 713
69 213
849 904
629 912
207 443
674 864
506 920
6 420
520 664
20 164
824 967
324 467
340 345
8 418
48 467
144 380
224 292
255 316
451 488
951 988
508 918
181 463
681 963
87 401
160 443
192 414
72 352
572 852
267 362
709 829
209 329
724 792
243 402
826 962
644 793
661 915
161 415
719 738
203 414
218 402
182 460
682 960
367 381
522 814
749 789
249 289
37 399
501 520
1 20
326 462
22 314
40 277
384 481
364 384
13 155
57 156
557 656
460 470
960 970
694 902
537 899
503 748
684 753
91 477
529 590
710 724
219 238
550 573
210 224
50 73
540 777
548 967
254 272
29 90
176 229
676 729
129 253
635 763
109 273
118 374
135 263
544 857
759 989
754 772
245 459
745 959
569 950
69 450
872 873
372 373
883 890
749 873
249 373
778 846
278 346
383 390
618 874
350 390
349 404
721 856
221 356
183 311
744 908
298 436
296 376
796 876
683 811
53 190
692 914
164 308
664 808
111 345
597 891
97 391
703 914
172 294
991 997
44 357
323 408
226 438
726 938
718 902
39 100
539 600
701 742
201 242
507 701
7 201
583 628
144 293
26 151
526 651
850 890
553 690
194 402
528 776
28 276
672 794
83 128
374 490
80 310
580 810
756 929
768 962
302 396
59 131
236 398
384 445
259 411
320 377
95 412
85 142
734 860
629 962
559 631
234 360
84 466
129 462
584 966
683 720
820 877
540 850
775 952
516 942
544 826
44 326
582 689
82 189
746 840
585 642
864 884
108 382
881 904
723 767
223 267
595 912
16 442
258 292
758 792
273 359
148 370
648 870
77 380
798 936
536 538
36 38
58 325
183 220
244 298
74 141
256 429
505 615
884 945
9 28
509 528
628 817
611 845
109 494
742 787
242 287
509 699
9 199
128 317
5 115
596 852
96 352
51 454
551 954
640 903
759 911
20 386
520 886
973 995
883 978
473 495
168 464
668 964
703 885
491 497
884 981
29 55
21 209
521 709
170 455
670 955
538 802
38 302
525 967
25 467
753 962
143 496
643 996
259 489
666 778
628 820
588 918
847 926
544 962
627 658
127 158
668 731
510 947
595 753
268 462
128 320
4 466
235 258
735 758
140 403
504 966
88 418
203 385
168 231
667 839
167 339
56 374
44 462
61 424
561 924
706 901
383 478
773 859
149 437
649 937
77 293
653 818
153 318
577 880
47 199
547 699
583 685
629 863
763 849
577 793
51 453
551 953
570 602
389 400
556 874
83 185
114 219
568 857
453 470
953 970
60 225
295 371
795 871
614 719
23 126
523 626
49 355
549 855
63 467
214 483
714 983
591 977
381 404
87 297
206 401
881 893
184 357
889 900
846 982
232 234
114 327
184 253
744 798
68 79
560 725
158 492
658 992
405 470
905 970
839 955
339 455
129 363
125 261
617 844
117 344
563 967
789 966
247 452
263 342
946 965
446 465
605 825
625 761
374 377
732 734
357 489
289 466
544 901
763 842
874 877
684 857
360 473
733 870
233 370
647 863
532 672
610 878
263 349
32 172
860 973
318 387
818 887
668 872
572 910
72 410
174 384
874 990
168 372
105 325
587 797
85 427
40 350
150 420
279 352
779 852
674 884
235 292
735 792
174 330
83 93
583 593
585 927
330 469
10 447
693 961
193 461
614 827
300 418
800 918
294 436
795 936
295 436
93 373
593 873
109 244
68 357
78 451
578 951
609 994
857 989
123 207
147 363
528 928
28 428
44 401
939 975
439 475
110 378
904 972
191 224
649 745
691 724
70 102
529 555
558 825
794 936
9 229
509 729
404 472
802 978
302 478
38 162
297 363
541 629
3 214
503 714
44 411
149 245
172 295
29 311
529 811
82 471
582 971
441 499
941 999
399 400
899 900
506 571
6 71
626 801
126 301
596 876
96 376
283 354
239 386
739 886
133 172
471 493
971 993
144 283
672 795
633 672
650 819
358 467
616 668
116 168
517 880
275 452
568 579
567 802
67 302
56 490
596 785
96 285
544 601
122 435
622 935
198 447
381 393
625 750
41 129
872 965
265 329
765 829
770 976
586 764
86 264
372 465
23 485
523 985
552 711
54 56
270 476
753 759
69 361
569 861
253 462
554 556
17 380
540 882
357 411
44 489
589 622
89 122
167 341
667 841
538 662
68 174
597 960
97 460
44 101
586 721
86 221
730 864
23 492
523 992
632 755
52 211
85 265
84 139
517 741
100 240
600 740
395 473
150 319
584 639
273 433
773 933
793 858
12 203
585 765
623 707
895 973
571 602
639 812
139 312
565 985
65 485
87 489
556 990
553 755
152 187
652 687
858 967
742 910
242 410
512 703
513 655
501 664
1 164
783 854
116 464
616 964
107 496
607 996
166 278
602 799
293 358
71 102
698 947
863 901
363 401
53 255
614 702
693 762
193 262
629 830
253 259
66 418
566 918
772 830
797 863
689 740
189 240
19 488
519 988
609 744
789 993
289 493
115 477
417 425
917 925
205 346
705 846
866 972
35 304
230 364
207 252
366 472
236 430
695 936
125 250
0 46
236 401
245 313
721 891
221 391
745 813
195 436
574 997
544 989
17 241
623 705
539 700
39 200
55 135
615 977
114 202
705 947
832 973
332 473
139 466
639 966
84 185
584 685
129 330
500 546
103 408
132 255
36 91
536 591
436 444
390 478
224 442
417 461
917 961
600 653
100 153
367 404
646 654
57 370
557 870
296 451
796 951
867 904
724 942
544 911
123 152
623 652
953 954
453 454
328 496
828 996
535 804
5 248
501 791
1 291
83 457
583 957
736 930
121 359
126 461
626 961
736 901
244 434
936 944
604 800
781 782
610 706
639 965
505 748
538 883
104 300
66 292
566 792
188 296
688 796
139 465
746 833
689 993
189 493
835 935
335 435
123 205
207 429
77 458
218 358
588 942
568 587
32 294
728 785
228 285
108 120
587 989
88 442
577 958
465 493
965 993
68 87
554 812
246 333
320 457
54 312
503 837
419 449
720 763
919 949
146 154
871 935
371 435
890 978
74 497
820 957
577 854
149 440
568 759
659 822
744 934
70 150
347 426
649 940
945 962
254 401
81 187
159 322
674 830
41 272
541 772
828 871
328 371
47 355
547 855
42 439
542 939
606 666
647 736
38 383
217 224
621 773
346 482
570 650
532 794
707 929
121 273
628 987
128 487
186 285
686 785
717 724
734 745
830 969
272 330
501 818
1 318
106 346
379 454
879 954
548 902
220 263
769 916
151 450
651 950
281 282
621 859
547 941
47 441
523 975
23 475
516 918
121 137
544 878
644 783
581 687
795 875
234 245
296 461
796 961
269 416
619 736
608 620
642 855
142 355
205 447
295 375
713 733
213 233
606 846
34 346
717 961
217 461
774 841
274 341
808 818
308 318
16 418
541 753
574 641
57 257
557 757
836 964
151 177
651 677
658 975
158 475
543 927
43 427
147 236
92 420
825 986
48 402
49 427
549 927
68 259
91 115
749 887
249 387
516 675
534 846
565 665
65 165
12 27
16 175
857 911
336 464
325 486
119 236
677 721
177 221
110 315
706 815
601 830
101 330
609 646
445 462
82 200
582 700
370 470
870 970
707 752
610 815
584 616
91 383
603 908
84 116
621 637
159 377
55 183
659 877
40 382
118 367
591 615
618 867
833 997
102 299
59 224
560 691
559 724
84 336
592 920
584 836
106 166
740 993
240 493
147 297
643 721
143 221
599 798
39 240
539 740
21 455
521 955
42 341
542 841
675 701
95 253
672 976
591 883
172 476
113 257
613 757
728 876
228 376
555 635
279 296
779 796
512 527
291 386
791 886
3 337
118 130
618 630
99 298
427 440
626 876
126 376
20 134
520 634
151 182
651 682
927 940
24 125
503 924
3 424
42 463
542 963
313 400
696 755
820 987
798 934
25 293
89 335
589 835
529 780
175 201
813 900
29 280
524 625
198 288
555 683
358 402
21 170
521 670
769 780
505 983
5 483
269 280
320 487
616 812
328 335
828 835
116 312
596 604
356 435
856 935
525 793
188 279
688 779
196 255
751 883
162 350
369 475
869 975
183 404
44 378
41 253
64 266
579 981
326 489
126 492
626 992
13 18
699 941
199 441
362 486
26 405
526 905
564 766
247 364
683 904
521 547
21 47
778 926
774 839
274 339
698 788
110 206
522 952
862 986
333 497
568 674
127 423
627 923
96 104
668 836
87 411
341 369
841 869
109 146
202 271
156 264
656 764
579 730
79 230
168 336
57 394
557 894
754 901
652 823
758 892
258 392
662 850
91 302
591 802
122 143
622 643
344 422
844 922
858 902
77 354
197 353
965 966
36 390
664 791
164 291
691 742
251 383
524 849
891 894
391 394
465 466
697 853
191 242
297 326
744 794
9 309
509 809
161 264
661 764
125 366
103 172
693 876
193 376
536 890
662 903
582 946
82 446
559 693
60 191
100 471
600 971
647 797
317 457
698 982
545 619
44 119
895 995
395 495
59 193
817 957
603 672
26 177
526 677
48 241
96 392
596 892
162 403
660 947
718 858
40 120
826 989
619 989
119 489
682 891
182 391
594 786
17 218
625 866
8 258
79 481
538 615
596 701
96 201
789 946
289 446
797 826
808 993
308 493
544 619
846 847
609 934
46 437
165 369
665 869
643 843
143 343
22 275
540 620
508 758
710 918
624 641
0 419
500 919
45 119
230 326
329 440
546 937
879 950
379 450
533 612
210 418
33 112
507 626
7 126
829 940
747 864
311 404
339 341
839 841
142 265
642 765
818 946
318 446
811 904
573 630
172 305
71 194
346 347
94 286
160 429
672 805
517 718
7 417
507 917
759 981
313 419
73 130
813 919
302 424
802 924
526 894
26 394
193 300
38 115
154 252
571 694
244 294
148 415
648 915
212 400
693 800
781 840
820 948
693 910
193 410
55 393
124 141
632 769
369 439
869 939
732 959
712 900
86 391
586 891
184 363
523 939
23 439
592 741
92 241
320 448
365 459
865 959
745 949
113 343
613 843
820 966
245 449
94 241
232 459
654 752
198 482
320 466
132 269
109 434
298 434
42 65
542 565
206 315
755 803
152 323
578 688
78 188
593 668
613 677
113 177
535 719
21 199
521 699
139 168
66 235
566 735
639 668
261 368
761 868
773 908
755 913
93 168
190 196
684 863
24 183
740 946
240 446
854 880
728 852
228 352
587 706
66 300
255 303
524 683
690 696
587 911
396 421
566 800
545 772
96 300
745 895
705 707
231 373
731 873
245 395
568 863
87 206
896 921
664 886
164 386
596 800
555 893
161 177
661 677
24 349
957 966
457 466
702 771
820 872
522 775
320 372
88 392
588 892
505 538
5 38
35 288
649 973
149 473
684 768
516 725
236 272
160 447
789 872
22 452
289 372
6 194
86 379
586 879
887 946
387 446
184 268
594 741
736 772
618 972
63 358
118 472
4 387
660 929
830 857
504 887
544 545
354 380
205 207
731 836
231 336
134 318
634 818
535 788
735 980
235 480
106 160
281 340
95 481
595 981
255 413
513 518
422 475
922 975
732 973
232 473
34 238
534 738
776 975
276 475
435 496
935 996
173 275
673 775
35 219
671 798
506 694
679 699
179 199
548 741
221 343
721 843
151 213
651 713
559 560
582 790
82 290
363 489
335 407
835 907
68 363
52 53
606 660
363 412
234 365
557 891
57 391
835 871
335 371
204 472
734 865
545 736
186 485
686 985
698 778
78 461
578 961
241 243
282 409
84 317
4 308
504 808
584 817
803 849
552 553
691 758
622 871
122 371
501 993
1 493
419 459
919 959
11 488
511 988
706 768
191 258
554 573
279 410
779 910
330 384
587 898
87 398
781 833
357 430
635 715
281 333
54 73
397 499
897 999
809 968
309 468
554 584
135 215
261 366
857 930
863 989
272 411
54 84
0 395
55 342
51 391
551 891
877 964
690 806
761 866
616 749
44 45
190 306
377 464
13 169
500 895
176 441
676 941
422 463
922 963
561 567
61 67
303 349
23 417
523 917
514 871
14 371
559 596
81 123
650 825
741 743
773 798
574 909
74 409
116 249
659 700
535 614
579 911
171 298
79 411
824 902
59 96
790 818
290 318
228 418
728 918
150 325
834 862
704 972
742 961
242 461
751 977
206 268
5 162
268 315
768 815
159 200
204 381
273 408
221 257
721 757
629 768
505 662
610 930
591 978
91 478
92 243
502 819
2 319
202 219
702 719
330 357
917 988
417 488
105 319
720 893
563 858
581 623
313 332
180 404
530 705
259 481
532 936
813 832
225 266
198 278
716 760
216 260
32 436
790 791
290 291
512 814
863 912
20 431
520 931
172 298
425 451
925 951
704 881
50 261
772 911
65 439
565 939
419 437
919 937
139 237
660 707
550 761
954 960
454 460
416 459
618 821
118 321
181 344
681 844
639 737
9 422
509 922
292 376
792 876
278 426
16 225
12 314
822 872
322 372
916 959
592 743
45 272
639 987
238 351
561 896
580 707
139 487
334 362
751 924
251 424
570 722
112 211
352 451
852 951
194 241
595 684
95 184
231 457
612 711
59 60
744 875
541 736
731 957
41 236
649 732
149 232
9 21
509 521
74 124
681 928
181 428
531 719
31 219
517 958
672 798
830 884
80 207
405 454
905 954
35 114
583 584
10 433
541 601
83 84
294 298
157 275
357 412
70 222
90 269
590 769
271 351
771 851
160 207
794 798
680 904
730 826
545 587
630 812
793 824
17 458
30 205
122 407
622 907
130 312
220 393
54 118
554 618
725 766
500 956
0 456
742 852
242 352
579 898
163 197
205 310
722 986
293 324
233 391
733 891
639 789
694 741
507 596
7 96
264 379
764 879
605 819
782 909
45 236
139 289
63 92
30 482
870 894
370 394
363 411
75 110
575 610
501 790
1 290
574 624
736 981
8 242
179 463
679 963
755 842
324 402
297 430
93 336
593 836
129 268
551 984
51 484
575 736
246 491
222 486
513 669
560 800
163 216
663 716
686 910
186 410
45 87
332 449
832 949
110 141
610 641
336 465
836 965
508 742
525 743
543 865
627 681
127 181
20 82
520 582
262 292
762 792
43 365
14 407
514 907
612 816
79 398
112 316
694 786
282 497
653 727
153 227
129 489
663 697
254 412
754 912
193 224
304 351
676 709
176 209
39 318
539 818
110 430
576 714
76 214
255 342
797 930
639 887
911 969
411 469
509 955
9 455
89 143
589 643
693 724
121 433
364 445
139 387
575 706
365 440
561 978
61 478
563 592
20 290
520 790
541 545
865 940
46 449
857 912
38 67
538 567
41 363
312 466
812 966
546 949
148 405
648 905
739 938
239 438
627 985
127 485
251 477
804 851
657 775
705 810
279 285
779 785
258 262
758 762
544 772
44 272
977 978
541 863
41 101
723 977
621 933
693 787
193 287
690 916
75 236
223 477
190 416
782 997
61 396
98 307
598 807
213 405
713 905
273 298
103 195
227 239
727 739
563 602
63 102
510 933
400 440
543 807
43 307
98 355
598 855
900 940
572 626
72 126
512 620
287 376
787 876
541 945
937 995
548 718
615 751
614 756
555 842
437 495
287 425
787 925
134 291
634 791
159 448
659 948
370 454
870 954
75 206
104 210
731 874
578 787
78 287
604 710
746 991
297 357
48 218
231 374
554 957
629 989
507 758
7 258
603 695
530 982
793 854
193 217
693 717
256 288
604 758
687 705
685 817
54 457
168 374
321 374
291 431
791 931
558 594
668 874
821 874
143 335
643 835
321 490
185 317
298 444
244 375
194 286
114 256
35 310
236 481
805 907
305 407
104 258
187 447
58 150
558 650
115 251
798 944
821 990
0 313
688 980
188 480
596 796
96 296
230 462
500 813
566 876
66 376
199 422
699 922
738 851
115 382
289 322
789 822
37 419
63 324
579 674
178 393
537 919
773 994
678 893
187 205
179 499
679 999
736 878
535 810
58 94
648 970
148 470
732 745
615 882
26 343
526 843
62 256
653 993
153 493
222 299
285 451
785 951
960 984
460 484
531 771
232 245
111 474
477 478
733 950
233 450
797 857
19 23
519 523
841 975
341 475
25 243
544 575
0 332
500 832
863 911
869 955
369 455
575 647
75 147
711 769
584 822
84 322
249 457
12 120
233 470
733 970
172 444
749 964
8 224
508 724
236 378
580 947
840 991
562 756
563 824
749 957
211 269
19 127
519 627
23 186
523 686
695 875
239 291
739 791
672 944
313 473
813 973
195 375
23 279
523 779
262 279
762 779
834 837
205 256
687 947
162 478
727 938
227 438
623 660
41 445
60 300
612 806
112 306
249 464
291 446
791 946
441 455
941 955
66 201
566 701
664 887
164 387
265 468
765 968
722 799
841 922
341 422
79 174
756 788
754 989
577 783
506 650
190 316
9 117
509 617
690 816
293 354
432 492
932 992
145 391
645 891
148 454
648 954
761 881
662 978
19 279
519 779
644 958
749 966
829 855
329 355
273 494
360 437
705 756
148 356
648 856
276 432
776 932
249 446
749 946
249 466
566 588
860 937
157 247
275 284
864 945
50 204
541 826
123 160
37 365
292 410
792 910
528 699
28 199
1 100
501 600
252 426
259 363
39 290
539 790
66 88
600 664
100 164
138 439
638 939
41 45
31 271
160 310
839 844
339 344
527 636
146 273
681 776
181 276
537 865
646 773
570 920
28 179
528 679
53 112
80 447
6 150
553 612
938 993
438 493
657 747
575 962
917 992
417 492
611 974
522 657
779 923
279 423
254 489
425 461
925 961
152 447
297 462
26 379
526 879
127 341
627 841
75 401
288 429
186 352
686 852
4 200
393 472
550 704
361 379
861 879
41 326
83 490
504 700
742 785
242 285
846 943
22 157
28 422
528 922
582 791
82 291
805 936
305 436
211 449
893 972
711 949
155 169
533 755
35 327
537 916
122 343
622 843
568 772
759 863
221 370
721 870
37 416
1 239
501 739
30 426
165 499
665 999
679 844
179 344
334 337
261 381
706 863
206 363
689 818
189 318
655 669
929 947
70 420
340 491
197 260
666 788
642 809
142 309
144 458
776 999
276 499
150 222
730 962
80 205
676 888
176 388
77 283
616 966
116 466
44 75
584 630
179 428
679 928
94 105
894 954
394 454
33 255
68 272
52 306
27 136
638 688
138 188
283 324
84 130
298 494
552 806
557 643
57 143
516 724
587 826
87 326
580 705
660 810
16 224
510 707
613 645
113 145
612 690
112 190
742 876
242 376
20 239
520 739
177 370
677 870
73 83
573 583
290 446
790 946
665 841
165 341
156 161
656 661
318 471
818 971
575 901
93 317
593 817
166 288
429 447
341 423
841 923
75 462
503 862
507 742
7 242
598 649
98 149
574 991
652 752
344 455
844 955
116 487
616 987
80 187
373 457
587 753
900 959
691 693
771 824
710 892
860 895
360 395
559 792
873 957
788 929
210 392
30 80
530 580
4 189
204 367
191 193
400 459
535 827
704 893
504 689
531 535
126 127
626 627
587 601
87 101
59 292
857 878
46 149
643 661
143 161
423 439
923 939
569 739
69 239
152 252
583 990
818 938
318 438
580 846
82 227
582 727
80 346
318 386
818 886
386 484
886 984
268 412
768 912
566 572
66 72
516 588
594 605
152 482
841 844
341 344
16 88
204 393
149 389
228 442
728 942
546 649
545 754
754 898
93 457
593 957
638 686
138 186
17 354
649 889
580 687
254 462
755 979
162 251
679 839
179 339
736 753
704 867
797 962
355 468
855 968
599 875
148 257
648 757
769 913
46 400
798 994
357 378
832 959
332 459
3 362
650 722
313 365
633 744
568 797
68 297
152 443
233 361
733 861
891 915
391 415
124 491
90 135
255 479
161 370
661 870
813 865
307 309
807 809
590 635
271 324
754 962
62 351
546 900
269 413
221 394
721 894
781 991
188 451
688 951
808 971
308 471
685 877
35 346
185 377
545 826
603 794
109 323
899 995
652 947
183 263
607 935
107 435
103 294
399 495
517 854
199 455
699 955
218 319
275 385
683 763
583 821
775 784
662 751
922 928
422 428
201 442
701 942
99 375
545 759
391 460
891 960
174 326
52 316
668 821
504 822
617 939
117 439
552 816
168 321
4 322
301 480
801 980
67 382
573 761
23 480
523 980
68 398
2 222
700 966
73 261
297 378
83 321
332 437
832 937
200 466
668 820
783 824
318 465
818 965
45 326
155 337
655 837
697 760
675 758
12 136
168 320
166 443
568 898
693 785
193 285
114 354
672 708
51 405
551 905
172 208
731 812
598 888
98 388
665 932
165 432
231 312
516 853
668 987
168 487
82 240
582 740
175 258
333 409
833 909
25 71
96 217
596 717
131 266
614 854
254 398
530 926
149 329
649 829
31 35
661 856
161 356
753 797
606 707
365 395
302 390
35 160
844 939
344 439
20 446
520 946
525 571
101 469
802 890
131 292
631 792
253 297
865 895
718 819
756 810
256 310
559 701
10 207
343 415
843 915
34 310
534 810
545 857
179 441
679 941
666 943
6 319
133 295
708 936
208 436
624 991
633 795
59 201
128 185
573 867
797 878
46 459
609 823
73 367
628 685
289 318
789 818
236 253
526 856
26 356
116 237
616 737
274 475
774 975
188 425
688 925
744 944
71 105
233 484
733 984
797 815
593 616
546 959
659 873
567 882
153 438
653 938
43 329
543 829
93 116
275 338
571 605
218 324
159 373
666 847
89 295
589 795
562 851
138 492
638 992
787 792
287 292
346 443
148 379
648 879
512 636
937 956
437 456
84 448
502 722
584 948
65 276
565 776
568 768
113 496
613 996
906 920
865 956
707 810
290 438
790 938
*
*
