*
43 748
261 527
758 908
250 505
204 851
381 837
84 848
237 862
321 545
130 576
270 442
770 942
189 885
32 242
332 527
440 669
532 742
621 693
233 567
250 518
631 770
131 270
204 981
103 193
183 545
490 531
37 730
603 693
457 848
313 793
487 512
493 527
465 767
758 934
93 834
514 760
55 903
360 848
208 285
85 730
306 536
708 785
121 193
212 834
440 657
416 714
14 260
60 408
245 615
301 476
801 976
164 669
381 525
473 848
85 890
377 834
0 640
258 434
178 703
427 527
280 743
308 576
46 986
289 983
4 838
52 561
131 305
631 805
73 834
280 561
372 983
490 662
560 908
265 505
85 793
416 640
93 751
395 561
133 376
633 876
43 505
440 512
621 918
128 640
318 751
201 408
303 640
233 834
128 722
308 548
4 548
265 748
308 570
321 662
250 802
130 864
250 531
349 536
313 890
416 983
245 883
473 636
313 825
185 848
321 883
336 714
381 512
389 834
212 898
29 722
183 802
121 418
473 722
134 576
204 540
1 536
245 545
313 506
381 885
487 522
701 908
180 722
404 767
55 650
360 722
116 640
1 912
112 669
7 103
4 669
134 827
133 418
633 918
365 848
507 603
220 754
234 567
321 505
53 536
449 636
210 294
164 804
487 784
710 794
112 802
395 576
237 804
400 527
37 615
395 545
800 976
316 636
300 476
1 890
37 880
46 799
204 591
466 703
312 767
261 567
479 986
466 576
265 619
472 640
313 502
125 640
466 890
316 743
164 967
490 883
306 924
56 722
361 527
116 548
164 802
245 723
46 825
473 714
37 977
66 172
566 672
303 722
440 977
332 722
466 912
349 674
208 262
255 536
37 883
708 762
200 767
14 474
4 730
365 714
479 525
60 434
566 773
560 934
33 714
255 924
321 882
303 848
490 650
73 567
237 674
66 323
306 561
449 848
212 722
116 536
4 512
566 823
134 531
33 767
322 983
149 527
603 716
437 640
66 273
53 924
266 294
46 506
490 518
487 730
318 527
183 890
14 442
514 942
43 545
4 522
321 615
103 216
633 853
766 794
46 502
33 503
112 723
189 977
419 767
332 503
133 353
8 270
508 770
33 567
135 527
701 934
490 615
514 974
381 788
322 864
168 722
449 722
472 743
416 767
448 848
437 864
55 669
237 885
466 536
566 637
261 767
386 743
250 851
255 561
381 967
265 924
367 848
29 848
220 989
201 434
134 967
90 834
66 137
43 924
479 882
532 710
440 545
32 210
716 805
269 636
250 506
190 674
242 294
237 518
742 794
216 305
440 615
487 505
368 767
227 767
116 570
318 834
250 977
250 902
53 561
395 730
532 760
318 567
52 743
431 503
360 864
90 640
103 418
306 703
603 918
185 722
43 619
32 260
368 834
164 506
204 706
440 718
448 545
532 559
32 59
220 619
180 674
250 880
73 527
265 730
487 903
209 864
560 976
60 476
484 538
311 864
178 722
112 703
215 864
389 722
245 882
532 892
32 392
220 884
46 890
365 703
164 924
37 882
290 527
495 834
237 967
130 640
168 848
237 912
373 714
367 722
7 32
507 532
204 571
349 576
128 864
234 640
32 78
532 578
395 722
318 978
294 392
794 892
178 636
159 503
440 883
255 703
261 834
233 978
440 619
419 722
112 748
250 655
220 571
220 851
189 545
265 834
237 718
8 14
508 514
56 848
360 714
479 703
183 924
250 650
32 193
464 864
532 693
164 561
37 723
265 561
112 570
220 945
487 662
495 636
466 722
388 527
227 538
78 103
37 898
164 640
82 503
59 294
578 603
559 794
90 978
263 983
237 655
220 784
118 722
490 505
139 722
139 848
245 650
416 567
189 576
245 730
419 527
464 848
312 834
29 864
487 743
125 722
440 723
495 978
395 834
52 576
490 636
112 505
493 714
112 548
484 767
381 986
280 576
43 561
237 903
300 408
93 714
449 714
118 848
393 864
43 834
487 883
800 908
588 933
416 503
204 880
52 703
280 703
313 615
190 722
128 848
88 433
313 882
344 538
265 576
159 983
88 298
170 527
508 621
55 748
212 848
588 798
419 503
250 669
307 751
490 655
490 864
53 743
263 978
448 640
514 853
321 723
195 301
695 801
495 848
43 576
621 631
448 703
8 121
85 615
800 934
85 977
495 722
360 983
473 767
245 662
189 722
21 751
189 703
32 266
121 131
473 983
55 883
465 834
300 434
313 674
14 353
55 570
103 376
532 766
566 744
377 978
54 722
116 576
603 876
125 848
368 978
180 703
37 662
321 802
386 848
32 376
43 730
532 876
90 983
404 567
313 883
389 848
365 767
55 882
209 527
490 506
220 837
440 882
321 743
66 244
53 703
479 890
220 969
85 862
55 615
250 723
180 636
142 751
316 864
245 655
133 425
322 767
633 925
431 983
466 640
245 802
250 799
484 751
479 615
189 674
112 536
507 621
389 674
490 902
193 294
1 722
693 794
360 767
255 743
250 561
381 674
479 883
269 722
4 799
29 640
204 619
134 799
387 767
487 882
189 640
263 503
349 703
311 722
82 983
85 883
487 615
55 655
225 359
7 121
200 527
801 859
134 804
313 977
404 714
4 505
633 716
227 751
37 650
112 718
725 859
183 561
313 862
132 751
112 655
133 216
134 902
386 722
185 983
46 615
200 978
263 834
104 208
269 848
301 359
46 882
604 708
487 885
178 848
85 882
73 714
389 978
164 902
306 576
180 848
393 722
185 503
237 662
55 662
479 825
212 978
46 674
37 802
220 608
479 571
4 903
381 571
448 674
4 784
189 536
215 848
164 723
306 743
490 802
14 131
514 631
479 662
88 436
311 640
588 936
200 538
53 576
321 977
440 730
54 848
360 640
200 567
215 722
449 983
190 703
196 527
381 804
200 834
321 924
311 848
46 883
250 536
695 800
195 300
255 576
85 518
449 767
237 882
50 983
46 862
289 767
457 503
4 662
258 305
758 805
393 640
269 834
212 674
490 669
237 505
50 503
183 536
321 674
250 924
365 983
37 655
90 767
212 714
372 767
220 814
490 890
8 133
508 633
208 296
716 770
708 796
490 718
216 270
227 527
473 864
32 418
532 918
164 977
29 834
112 880
190 848
389 714
399 527
14 201
514 701
449 864
465 538
349 722
90 503
261 714
201 305
701 805
189 890
395 848
220 902
190 834
84 503
55 674
112 650
303 983
164 890
457 983
132 538
225 244
725 744
487 723
46 977
611 708
33 527
532 675
32 175
8 103
508 603
393 848
440 662
560 695
516 805
16 305
265 978
672 725
349 636
130 722
72 476
572 976
60 195
134 570
794 853
111 208
377 567
172 225
312 978
367 983
465 978
237 703
479 862
263 767
294 353
440 802
303 834
215 640
112 561
473 567
479 502
440 880
294 418
220 986
237 636
200 751
794 918
322 834
237 506
14 301
514 801
85 570
479 804
14 258
514 758
208 292
237 883
55 890
708 792
329 751
495 714
234 864
360 503
4 883
621 876
4 570
487 924
237 669
355 751
204 986
395 898
487 802
90 714
85 898
313 518
269 978
360 567
208 474
204 754
250 718
245 748
303 978
204 837
133 442
465 751
633 942
7 294
507 794
465 567
377 714
85 788
487 545
313 662
121 376
220 912
473 503
204 945
708 974
46 788
55 977
233 714
1 848
269 864
183 576
227 567
466 848
308 743
725 795
37 748
389 703
4 882
321 561
381 531
265 714
84 983
78 294
225 295
621 942
85 723
4 885
112 924
578 794
321 890
294 376
367 503
46 518
245 536
29 983
794 876
255 636
387 527
142 538
85 669
365 636
4 545
164 799
472 848
121 442
631 633
131 133
490 977
220 502
387 538
55 723
245 505
303 503
307 538
55 505
306 636
21 538
85 548
103 131
237 902
603 631
381 825
381 903
43 722
368 567
212 767
204 884
578 621
490 799
473 640
164 536
258 270
758 770
237 615
220 692
168 503
245 898
227 834
130 848
316 848
175 294
280 636
318 714
675 794
55 802
220 880
204 902
472 722
204 502
212 703
368 714
183 674
495 983
208 235
37 505
708 735
215 834
227 978
139 503
204 989
4 615
170 864
78 121
495 864
170 751
389 767
46 662
386 503
381 502
29 978
449 640
85 662
73 538
448 912
449 503
516 770
16 270
404 527
43 978
479 864
215 978
168 983
449 567
312 567
495 767
313 723
37 536
220 747
316 722
365 503
313 788
103 442
603 942
440 655
159 767
73 751
387 978
313 802
43 714
479 902
490 561
139 983
387 567
490 723
220 825
532 853
29 503
263 567
459 527
118 983
164 548
487 977
303 767
32 353
440 650
801 805
301 305
189 848
32 425
532 925
588 637
85 802
465 527
265 722
88 323
103 425
372 834
88 137
588 823
56 503
603 925
490 924
321 703
588 773
479 977
321 636
484 527
50 767
50 834
29 767
387 751
313 669
190 636
118 503
56 983
440 536
52 636
88 273
135 751
349 848
355 538
85 851
479 802
487 561
466 864
134 548
178 640
0 527
316 640
387 834
448 503
220 777
365 567
204 825
263 714
53 636
289 834
164 576
164 570
516 621
116 743
381 851
212 983
183 722
269 640
16 121
269 983
386 983
395 714
313 570
245 743
316 978
90 567
464 503
46 723
280 722
220 898
43 848
204 969
204 608
215 983
389 983
479 748
125 983
479 531
46 669
301 408
46 802
329 538
312 714
377 538
204 814
367 978
377 751
479 506
316 834
265 848
220 850
4 743
245 924
4 924
321 536
484 567
128 503
801 908
801 934
250 570
308 848
178 834
395 978
180 640
72 195
572 695
4 802
37 674
135 538
85 674
201 270
701 770
495 640
125 503
572 859
4 636
269 714
270 301
301 434
770 801
46 851
716 794
479 518
237 802
487 636
82 767
484 834
250 640
216 294
269 767
112 636
46 570
261 538
465 714
72 359
381 862
372 978
178 864
190 978
514 516
14 16
479 788
4 674
440 505
245 561
112 864
220 838
312 538
395 767
495 503
479 505
52 722
416 527
311 983
514 716
490 536
367 767
200 714
4 723
37 924
14 216
479 799
321 576
183 703
280 848
261 751
427 751
220 506
367 834
308 722
487 912
199 751
312 751
431 767
487 674
440 748
313 851
437 527
52 834
311 834
52 848
85 536
54 503
464 983
128 983
313 548
588 795
88 295
159 834
377 527
50 978
37 561
313 536
265 898
399 751
400 751
112 576
29 714
381 902
457 767
204 784
303 714
250 576
191 208
691 708
381 880
495 567
84 767
54 983
185 527
46 548
185 767
381 882
250 548
237 864
178 983
215 767
190 767
237 924
215 503
237 548
389 636
306 864
134 848
212 503
196 751
372 567
269 503
55 924
204 898
311 503
448 983
490 548
479 636
190 714
237 799
204 777
189 864
190 983
484 978
255 864
316 983
312 527
265 767
183 636
389 503
96 208
596 708
393 983
212 636
4 561
487 890
185 978
472 983
440 898
178 503
300 305
800 805
289 538
131 294
631 794
55 703
368 527
8 32
508 532
395 674
490 570
303 567
32 442
532 942
43 898
265 674
189 912
52 978
479 723
43 767
47 751
263 527
220 657
204 850
204 506
311 978
55 561
487 576
237 561
1 503
53 722
180 834
245 576
487 703
55 536
180 503
4 703
215 714
46 536
125 834
37 743
516 633
16 133
566 859
440 924
393 503
372 538
431 538
395 983
56 767
16 103
8 294
508 794
516 603
170 538
313 505
178 767
66 359
349 640
708 760
204 692
289 978
313 703
381 518
208 260
381 748
532 631
32 131
381 506
255 722
472 503
204 718
180 983
289 751
440 561
88 172
588 672
381 883
487 536
14 72
514 572
125 767
118 767
280 834
4 977
53 848
311 767
237 723
479 536
185 567
381 662
183 848
209 751
306 722
365 640
245 674
306 848
134 743
393 834
56 834
490 640
372 527
149 751
168 767
381 615
367 567
621 925
294 442
133 201
633 701
794 942
289 567
190 503
479 669
294 425
196 538
372 751
133 258
633 758
255 848
794 925
532 716
84 834
85 718
395 703
32 216
381 703
220 522
208 210
708 710
116 848
388 751
227 714
46 505
448 864
4 912
466 503
37 576
280 864
121 425
316 767
85 505
204 747
130 503
46 703
118 834
125 978
560 805
457 834
220 799
60 305
237 977
269 567
159 978
313 748
487 722
29 567
52 864
400 538
440 743
116 722
479 561
316 714
316 503
118 978
130 983
134 722
180 767
389 567
199 538
53 864
427 538
43 674
237 570
308 503
14 300
514 800
208 242
708 742
399 538
448 767
395 503
431 751
321 722
55 743
178 978
212 567
220 718
265 983
204 650
404 751
46 748
387 714
234 527
215 567
349 864
220 548
180 864
139 767
66 476
566 976
204 548
393 767
220 518
185 834
479 655
164 743
50 567
1 983
265 703
82 834
128 767
53 834
237 890
50 714
43 983
134 503
490 576
588 744
479 851
270 300
770 800
372 714
237 640
313 561
308 983
440 576
88 244
368 751
220 862
85 655
464 767
72 305
572 805
404 538
313 655
190 640
381 650
47 538
280 640
60 121
189 503
306 834
560 621
46 718
349 834
322 714
255 640
204 518
313 718
393 978
588 757
368 538
88 257
440 674
280 978
472 978
220 730
134 983
82 538
457 978
208 266
46 655
322 978
72 408
367 527
208 392
708 892
220 885
159 567
360 527
367 714
365 864
708 766
52 983
85 561
85 748
306 640
466 983
306 978
103 258
37 703
52 714
603 758
381 799
245 834
56 978
321 640
204 838
168 834
572 908
479 924
572 934
54 767
103 201
381 890
603 701
621 758
349 983
46 561
204 657
4 890
185 538
59 208
559 708
4 576
313 924
204 862
220 512
72 434
280 983
149 538
289 527
289 714
316 567
43 703
52 767
386 538
121 258
55 576
349 503
53 978
311 714
220 545
472 767
178 714
55 636
448 834
487 640
472 834
85 924
52 640
128 834
440 834
204 799
381 505
395 636
220 650
82 751
168 978
72 270
381 669
572 770
4 536
473 527
484 714
237 536
193 208
693 708
4 640
322 751
53 640
255 834
265 567
322 538
204 912
459 751
381 655
209 538
159 538
381 718
431 834
90 527
46 924
457 567
479 650
321 864
280 767
118 567
389 640
621 701
185 751
388 538
190 864
381 802
322 567
212 640
464 834
121 201
85 703
349 767
386 767
54 834
159 751
321 848
265 503
332 751
43 503
311 567
82 978
440 978
159 714
303 527
84 978
306 983
245 703
280 503
82 567
52 503
514 560
125 567
139 978
449 527
53 983
245 978
189 983
255 978
381 977
14 60
237 576
183 640
33 751
125 714
479 570
139 834
190 567
112 743
112 978
46 650
386 527
116 503
0 751
560 770
280 714
386 751
220 669
168 567
78 208
85 650
578 708
130 767
60 270
255 983
487 848
313 650
43 567
204 522
159 527
479 880
139 527
116 983
7 208
164 848
85 978
507 708
220 903
133 301
633 801
60 103
139 567
208 376
560 603
708 876
431 567
588 859
85 576
56 567
37 834
245 722
164 722
88 359
393 714
225 408
457 527
479 718
560 633
16 294
516 794
725 908
725 757
472 567
633 800
60 133
133 300
516 532
16 32
621 800
53 767
313 576
54 978
208 418
395 567
708 918
32 258
532 758
225 434
725 934
118 714
306 767
185 714
4 722
134 527
381 636
121 300
457 538
180 978
204 669
234 751
332 538
225 257
33 538
56 714
466 767
50 527
431 527
437 751
82 527
381 864
381 723
46 880
245 848
84 567
183 834
237 743
118 527
4 864
459 538
53 714
306 503
306 714
53 503
130 834
112 640
52 567
32 201
532 701
457 751
180 714
139 538
431 978
393 567
168 527
457 714
37 978
204 730
419 751
255 503
178 567
440 703
204 512
349 978
220 570
66 195
566 695
265 636
255 767
245 714
46 576
381 548
103 300
603 800
440 714
85 880
84 714
389 864
708 853
479 548
313 880
208 353
183 503
183 983
263 751
479 576
1 767
487 864
55 864
313 978
43 636
495 527
139 751
725 976
566 934
215 527
175 208
112 848
225 476
675 708
183 864
128 978
472 714
0 538
204 748
37 722
66 408
220 748
472 527
66 434
204 885
395 640
134 538
263 538
381 561
37 848
386 567
85 834
566 908
258 294
381 570
82 714
758 794
212 864
54 567
168 714
204 655
168 538
220 655
112 834
84 538
204 570
416 751
490 743
29 527
381 924
183 767
349 714
255 714
37 636
419 538
84 751
466 834
130 978
250 743
280 567
168 751
50 751
308 767
381 536
220 883
125 527
437 538
204 545
440 848
313 636
189 767
306 567
367 751
234 538
250 848
367 538
313 864
50 538
440 722
204 903
269 527
220 615
365 527
316 527
464 978
220 882
4 848
308 527
386 978
164 503
46 636
201 294
46 978
701 794
245 767
56 527
32 301
103 301
532 801
53 567
37 714
603 801
479 640
55 722
46 864
220 662
128 567
54 714
112 722
311 527
128 714
245 636
112 983
139 714
416 538
134 751
85 714
431 714
84 527
386 834
118 538
245 983
308 538
164 983
118 751
180 567
255 567
321 503
55 848
54 527
1 538
55 640
134 767
90 751
464 567
130 567
112 714
303 751
208 425
708 925
464 714
440 767
72 133
572 633
313 834
116 767
490 848
321 983
56 751
85 743
134 567
250 983
220 977
487 503
308 567
220 890
220 723
56 538
112 567
204 883
308 978
708 716
631 708
131 208
37 767
250 722
349 567
208 216
322 527
448 714
32 300
532 800
265 640
220 674
464 538
183 978
220 505
37 983
88 476
588 976
360 751
393 527
308 751
1 751
464 751
303 538
237 722
43 640
204 615
204 662
112 767
66 305
566 805
8 208
508 708
90 538
130 714
54 538
440 983
208 442
708 942
220 802
204 882
1 834
250 978
448 978
54 751
128 538
128 751
490 722
85 636
189 834
134 978
183 714
237 848
473 751
125 751
46 834
66 270
112 503
566 770
532 560
245 503
294 300
32 60
794 800
440 636
250 503
14 66
514 566
487 983
37 864
308 834
116 527
204 505
381 576
60 294
560 794
125 538
29 751
313 714
245 567
116 978
621 801
313 743
448 751
695 725
395 864
440 567
294 301
449 751
195 225
794 801
121 301
46 743
448 538
250 527
130 527
85 848
360 538
389 527
204 723
448 567
472 751
116 567
472 538
321 767
37 503
466 978
128 527
85 567
116 834
212 527
37 567
29 538
85 864
52 527
204 977
178 527
4 503
204 802
313 848
204 743
490 983
37 640
265 864
72 103
130 538
321 834
572 603
381 640
46 714
473 538
311 751
130 751
464 527
386 714
32 72
532 572
306 527
215 751
1 567
440 503
250 567
85 767
220 924
55 983
55 834
313 567
85 983
588 934
112 527
220 743
190 527
116 538
479 978
365 751
490 503
88 434
466 714
466 567
466 538
46 848
204 674
245 864
495 751
393 751
245 640
204 890
449 538
1 978
189 538
466 751
311 538
85 722
220 561
487 767
313 983
280 527
88 408
269 751
43 864
55 503
588 908
183 567
220 536
250 767
4 983
189 751
393 538
215 538
116 751
255 527
134 834
53 527
55 978
1 527
204 924
178 751
220 703
250 834
164 767
313 640
46 567
313 767
237 503
46 983
55 767
316 751
308 714
313 722
265 527
46 640
479 848
180 751
381 743
164 538
516 708
16 208
495 538
269 538
487 834
46 722
204 561
440 864
237 983
178 538
365 538
46 767
621 725
121 225
572 621
479 743
164 527
1 714
72 121
180 538
440 640
316 538
588 695
88 195
116 714
212 751
479 983
180 527
72 294
389 751
572 794
208 258
708 758
321 978
490 978
349 527
220 576
85 503
189 978
204 536
164 751
43 527
190 751
189 567
395 527
479 527
204 703
85 640
66 133
566 633
250 714
313 503
490 767
189 714
55 714
479 567
220 636
490 527
134 714
349 751
725 805
225 305
4 767
466 527
201 208
164 567
701 708
46 503
204 576
479 722
313 527
490 567
321 714
164 978
479 834
55 567
204 636
349 538
190 538
490 834
321 567
280 751
479 503
212 538
448 527
389 538
381 848
164 834
66 103
566 603
52 751
395 751
566 621
85 527
725 770
66 121
225 270
46 527
306 751
381 722
255 751
479 767
280 538
479 714
53 751
37 527
208 301
237 767
708 801
603 725
103 225
4 834
245 527
588 770
88 270
487 978
52 538
250 538
189 527
32 66
532 566
220 722
255 538
306 538
440 527
208 300
708 800
265 751
588 805
88 305
204 722
250 751
183 527
220 864
183 751
43 751
633 725
133 225
53 538
395 538
487 714
381 983
560 708
60 208
487 567
490 714
321 751
321 538
514 725
220 848
183 538
14 225
66 294
566 794
487 538
487 751
381 503
321 527
490 538
55 527
164 714
381 978
220 640
204 848
490 751
237 834
204 864
4 538
237 538
112 751
265 538
204 640
514 588
14 88
43 538
4 751
237 978
237 527
4 978
237 567
237 751
112 538
4 567
381 834
72 208
572 708
381 767
588 621
88 121
725 794
225 294
381 567
4 714
487 527
220 834
381 527
220 983
245 751
532 725
88 133
588 633
32 225
37 751
220 503
55 751
88 103
588 603
4 527
237 714
381 714
220 767
55 538
220 978
204 503
204 983
440 751
245 538
479 751
37 538
204 834
479 538
204 767
313 751
88 294
588 794
532 588
32 88
220 714
85 751
46 751
440 538
66 208
566 708
313 538
220 567
204 978
46 538
85 538
381 751
381 538
204 714
204 567
708 725
208 225
220 527
88 208
588 708
204 527
220 751
220 538
204 751
204 538
*
