*
178 767
66 359
349 640
708 760
204 692
289 978
313 703
381 518
208 260
381 748
532 631
32 131
381 506
255 722
472 503
204 718
180 983
289 751
440 561
88 172
588 672
381 883
487 536
14 72
514 572
125 767
118 767
280 834
4 977
53 848
311 767
237 723
479 536
185 567
381 662
183 848
209 751
306 722
365 640
245 674
306 848
134 743
393 834
56 834
490 640
372 527
149 751
168 767
381 615
367 567
621 925
294 442
133 201
633 701
794 942
289 567
190 503
479 669
294 425
196 538
372 751
133 258
633 758
255 848
794 925
532 716
84 834
85 718
395 703
32 216
381 703
220 522
208 210
708 710
116 848
388 751
227 714
46 505
448 864
4 912
466 503
37 576
280 864
121 425
316 767
85 505
204 747
130 503
46 703
118 834
125 978
560 805
457 834
220 799
60 305
237 977
269 567
159 978
313 748
487 722
29 567
52 864
400 538
440 743
116 722
479 561
316 714
316 503
118 978
130 983
134 722
180 767
389 567
199 538
53 864
427 538
43 674
237 570
308 503
14 300
514 800
208 242
708 742
399 538
448 767
395 503
431 751
321 722
55 743
178 978
212 567
220 718
265 983
204 650
404 751
46 748
387 714
234 527
215 567
349 864
220 548
180 864
139 767
66 476
566 976
204 548
393 767
220 518
185 834
479 655
164 743
50 567
1 983
265 703
82 834
128 767
53 834
237 890
50 714
43 983
134 503
490 576
588 744
479 851
270 300
770 800
372 714
237 640
313 561
308 983
440 576
88 244
368 751
220 862
85 655
464 767
72 305
572 805
404 538
313 655
190 640
381 650
47 538
280 640
60 121
189 503
306 834
560 621
46 718
349 834
322 714
255 640
204 518
313 718
393 978
588 757
368 538
88 257
440 674
280 978
472 978
220 730
134 983
82 538
457 978
208 266
46 655
322 978
72 408
367 527
208 392
708 892
220 885
159 567
360 527
367 714
365 864
708 766
52 983
85 561
85 748
306 640
466 983
306 978
103 258
37 703
52 714
603 758
381 799
245 834
56 978
321 640
204 838
168 834
572 908
479 924
572 934
54 767
103 201
381 890
603 701
621 758
349 983
46 561
204 657
4 890
185 538
59 208
559 708
4 576
313 924
204 862
220 512
72 434
280 983
149 538
289 527
289 714
316 567
43 703
52 767
386 538
121 258
55 576
349 503
53 978
311 714
220 545
472 767
178 714
55 636
448 834
487 640
472 834
85 924
52 640
128 834
440 834
204 799
381 505
395 636
220 650
82 751
168 978
72 270
381 669
572 770
4 536
473 527
484 714
237 536
193 208
693 708
4 640
322 751
53 640
255 834
265 567
322 538
204 912
459 751
381 655
209 538
159 538
381 718
431 834
90 527
46 924
457 567
479 650
321 864
280 767
118 567
389 640
621 701
185 751
388 538
190 864
381 802
322 567
212 640
464 834
121 201
85 703
349 767
386 767
54 834
159 751
321 848
265 503
332 751
43 503
311 567
82 978
440 978
159 714
303 527
84 978
306 983
245 703
280 503
82 567
52 503
514 560
125 567
139 978
449 527
53 983
245 978
189 983
255 978
381 977
14 60
237 576
183 640
33 751
125 714
479 570
139 834
190 567
112 743
112 978
46 650
386 527
116 503
0 751
560 770
280 714
386 751
220 669
168 567
78 208
85 650
578 708
130 767
60 270
255 983
487 848
313 650
43 567
204 522
159 527
479 880
139 527
116 983
7 208
164 848
85 978
507 708
220 903
133 301
633 801
60 103
139 567
208 376
560 603
708 876
431 567
588 859
85 576
56 567
37 834
245 722
164 722
88 359
393 714
225 408
457 527
479 718
560 633
16 294
516 794
725 908
725 757
472 567
633 800
60 133
133 300
516 532
16 32
621 800
53 767
313 576
54 978
208 418
395 567
708 918
32 258
532 758
225 434
725 934
118 714
306 767
185 714
4 722
134 527
381 636
121 300
457 538
180 978
204 669
234 751
332 538
225 257
33 538
56 714
466 767
50 527
431 527
437 751
82 527
381 864
381 723
46 880
245 848
84 567
183 834
237 743
118 527
4 864
459 538
53 714
306 503
306 714
53 503
130 834
112 640
52 567
32 201
532 701
457 751
180 714
139 538
431 978
393 567
168 527
457 714
37 978
204 730
419 751
255 503
178 567
440 703
204 512
349 978
220 570
66 195
566 695
265 636
255 767
245 714
46 576
381 548
103 300
603 800
440 714
85 880
84 714
389 864
708 853
479 548
313 880
208 353
183 503
183 983
263 751
479 576
1 767
487 864
55 864
313 978
43 636
495 527
139 751
725 976
566 934
215 527
175 208
112 848
225 476
675 708
183 864
128 978
472 714
0 538
204 748
37 722
66 408
220 748
472 527
66 434
204 885
395 640
134 538
263 538
381 561
37 848
386 567
85 834
566 908
258 294
381 570
82 714
758 794
212 864
54 567
168 714
204 655
168 538
220 655
112 834
84 538
204 570
416 751
490 743
29 527
381 924
183 767
349 714
255 714
37 636
419 538
84 751
466 834
130 978
250 743
280 567
168 751
50 751
308 767
381 536
220 883
125 527
437 538
204 545
440 848
313 636
189 767
306 567
367 751
234 538
250 848
367 538
313 864
50 538
440 722
204 903
269 527
220 615
365 527
316 527
464 978
220 882
4 848
308 527
386 978
164 503
46 636
201 294
46 978
701 794
245 767
56 527
32 301
103 301
532 801
53 567
37 714
603 801
479 640
55 722
46 864
220 662
128 567
54 714
112 722
311 527
128 714
245 636
112 983
139 714
416 538
134 751
85 714
431 714
84 527
386 834
118 538
245 983
308 538
164 983
118 751
180 567
255 567
321 503
55 848
54 527
1 538
55 640
134 767
90 751
464 567
130 567
112 714
303 751
208 425
708 925
464 714
440 767
72 133
572 633
313 834
116 767
490 848
321 983
56 751
85 743
134 567
250 983
220 977
487 503
308 567
220 890
220 723
56 538
112 567
204 883
308 978
708 716
631 708
131 208
37 767
250 722
349 567
208 216
322 527
448 714
32 300
532 800
265 640
220 674
464 538
183 978
220 505
37 983
88 476
588 976
360 751
393 527
308 751
1 751
464 751
303 538
237 722
43 640
204 615
204 662
112 767
66 305
566 805
8 208
508 708
90 538
130 714
54 538
440 983
208 442
708 942
220 802
204 882
1 834
250 978
448 978
54 751
128 538
128 751
490 722
85 636
189 834
134 978
183 714
237 848
473 751
125 751
46 834
66 270
112 503
566 770
532 560
245 503
294 300
32 60
794 800
440 636
250 503
14 66
514 566
487 983
37 864
308 834
116 527
204 505
381 576
60 294
560 794
125 538
29 751
313 714
245 567
116 978
621 801
313 743
448 751
695 725
395 864
440 567
294 301
449 751
195 225
794 801
121 301
46 743
448 538
250 527
130 527
85 848
360 538
389 527
204 723
448 567
472 751
116 567
472 538
321 767
37 503
466 978
128 527
85 567
116 834
212 527
37 567
29 538
85 864
52 527
204 977
178 527
4 503
204 802
313 848
204 743
490 983
37 640
265 864
72 103
130 538
321 834
572 603
381 640
46 714
473 538
311 751
130 751
464 527
386 714
32 72
532 572
306 527
215 751
1 567
440 503
250 567
85 767
220 924
55 983
55 834
313 567
85 983
588 934
112 527
220 743
190 527
116 538
479 978
365 751
490 503
88 434
466 714
466 567
466 538
46 848
204 674
245 864
495 751
393 751
245 640
204 890
449 538
1 978
189 538
466 751
311 538
85 722
220 561
487 767
313 983
280 527
88 408
269 751
43 864
55 503
588 908
183 567
220 536
250 767
4 983
189 751
393 538
215 538
116 751
255 527
134 834
53 527
55 978
1 527
204 924
178 751
220 703
250 834
164 767
313 640
46 567
313 767
237 503
46 983
55 767
316 751
308 714
313 722
265 527
46 640
479 848
180 751
381 743
164 538
516 708
16 208
495 538
269 538
487 834
46 722
204 561
440 864
237 983
178 538
365 538
46 767
621 725
121 225
572 621
479 743
164 527
1 714
72 121
180 538
440 640
316 538
588 695
88 195
116 714
212 751
479 983
180 527
72 294
389 751
572 794
208 258
708 758
321 978
490 978
349 527
220 576
85 503
189 978
204 536
164 751
43 527
190 751
189 567
395 527
479 527
204 703
85 640
66 133
566 633
250 714
313 503
490 767
189 714
55 714
479 567
220 636
490 527
134 714
349 751
725 805
225 305
4 767
466 527
201 208
164 567
701 708
46 503
204 576
479 722
313 527
490 567
321 714
164 978
479 834
55 567
204 636
349 538
190 538
490 834
321 567
280 751
479 503
212 538
448 527
389 538
381 848
164 834
66 103
566 603
52 751
395 751
566 621
85 527
725 770
66 121
225 270
46 527
306 751
381 722
255 751
479 767
280 538
479 714
53 751
37 527
208 301
237 767
708 801
603 725
103 225
4 834
245 527
588 770
88 270
487 978
52 538
250 538
189 527
32 66
532 566
220 722
255 538
306 538
440 527
208 300
708 800
265 751
588 805
88 305
204 722
250 751
183 527
220 864
183 751
43 751
633 725
133 225
53 538
395 538
487 714
381 983
560 708
60 208
487 567
490 714
321 751
321 538
514 725
220 848
183 538
14 225
66 294
566 794
487 538
487 751
381 503
321 527
490 538
55 527
164 714
381 978
220 640
204 848
490 751
237 834
204 864
4 538
237 538
112 751
265 538
204 640
514 588
14 88
43 538
4 751
237 978
237 527
4 978
237 567
237 751
112 538
4 567
381 834
72 208
572 708
381 767
588 621
88 121
725 794
225 294
381 567
4 714
487 527
220 834
381 527
220 983
245 751
532 725
88 133
588 633
32 225
37 751
220 503
55 751
88 103
588 603
4 527
237 714
381 714
220 767
55 538
220 978
204 503
204 983
440 751
245 538
479 751
37 538
204 834
479 538
204 767
313 751
88 294
588 794
532 588
32 88
220 714
85 751
46 751
440 538
66 208
566 708
313 538
220 567
204 978
46 538
85 538
381 751
381 538
204 714
204 567
708 725
208 225
220 527
88 208
588 708
204 527
220 751
220 538
204 751
204 538
*
