*
52 608
237 778
32 126
532 626
631 672
131 172
419 506
118 512
164 741
580 800
381 601
84 747
468 864
311 838
245 784
4 775
250 591
16 323
265 793
448 544
50 650
473 851
125 825
234 615
360 851
164 814
168 967
46 981
168 502
393 747
399 730
389 548
103 333
516 823
313 535
487 851
56 838
263 506
280 571
130 804
311 902
368 883
208 417
88 288
135 561
80 300
96 476
596 976
1 830
291 983
178 506
708 917
168 804
189 619
82 967
85 540
93 718
112 786
379 538
404 548
318 890
199 793
484 784
368 882
112 594
490 896
33 851
675 859
318 548
437 545
227 924
233 743
84 862
37 784
234 883
464 884
265 799
386 591
580 758
449 619
269 825
128 989
0 730
55 921
139 827
85 911
399 924
185 880
395 647
175 359
73 723
85 827
368 662
557 588
250 592
50 512
487 563
308 838
57 88
183 540
388 655
80 258
90 512
588 599
128 969
457 748
183 595
311 502
88 99
84 902
416 518
466 502
760 976
1 814
190 799
459 662
372 674
464 718
172 442
672 942
118 825
459 650
260 476
663 805
306 969
405 538
37 577
449 851
55 896
21 898
621 980
24 864
1 571
53 989
159 506
448 591
163 305
55 819
457 862
199 505
55 831
84 518
387 804
189 906
170 945
349 986
374 743
261 506
130 531
170 722
21 743
258 436
758 936
448 601
130 837
47 669
183 911
466 650
185 825
132 636
210 476
710 976
321 896
440 540
472 986
50 518
367 851
303 506
261 977
118 502
66 288
53 754
471 527
588 788
37 592
265 506
116 577
250 545
792 934
46 540
269 851
142 880
178 989
103 126
389 544
112 827
360 545
262 270
762 770
93 531
289 903
321 594
316 571
261 655
47 531
465 924
85 594
603 626
372 662
261 880
33 662
437 723
355 864
381 778
37 911
377 802
180 548
14 296
514 796
134 698
0 880
234 657
369 636
261 650
37 517
149 655
288 301
395 641
308 858
52 902
280 989
372 669
360 512
86 912
24 503
307 722
532 697
24 983
82 655
121 480
130 850
1 650
90 862
234 655
116 730
368 615
448 684
73 864
484 924
292 434
393 850
365 601
178 754
349 502
419 977
159 655
413 848
473 619
200 924
183 880
125 522
280 884
195 235
695 735
508 744
473 522
232 636
387 669
43 826
427 924
413 640
312 570
603 997
261 851
265 788
215 502
90 545
386 837
204 610
316 777
130 967
237 629
311 825
47 810
32 197
393 502
211 640
306 608
321 601
490 540
55 793
8 244
53 884
164 969
189 587
386 605
1 850
280 902
269 506
215 657
261 902
215 898
464 608
134 602
294 480
4 858
1 772
280 754
361 864
306 945
212 981
448 587
386 674
149 505
794 980
103 497
377 723
50 718
227 561
578 580
39 834
484 640
234 512
164 896
416 890
133 461
427 561
633 961
168 545
24 834
464 754
90 518
199 548
566 788
189 921
457 545
47 570
365 969
342 864
250 741
29 799
329 880
289 505
318 570
199 561
204 952
215 522
78 80
130 692
90 730
211 722
516 773
103 485
183 544
372 882
112 644
183 673
308 545
90 880
258 298
495 850
139 851
185 862
73 561
321 921
468 640
603 985
54 784
73 924
116 850
191 408
215 825
16 273
459 802
487 558
195 292
393 912
695 792
758 798
196 536
484 802
307 848
400 924
404 505
370 767
185 827
419 862
292 408
372 505
43 502
237 517
440 826
312 674
185 703
322 743
139 912
250 522
227 640
111 121
200 561
116 608
190 706
308 591
263 674
611 621
46 698
280 608
53 912
788 801
190 601
332 802
459 655
269 777
320 503
178 619
437 882
318 536
631 744
209 505
578 637
691 908
484 506
178 945
355 719
232 567
321 673
54 838
93 902
400 561
131 244
381 981
269 850
440 858
404 890
112 619
495 777
289 662
460 714
792 908
84 748
449 522
716 795
29 657
393 902
263 880
204 857
393 880
93 799
329 703
440 804
448 911
466 825
234 522
37 804
393 825
387 864
320 864
216 295
128 718
691 934
316 902
78 137
322 706
360 903
220 826
332 531
495 851
250 657
263 518
116 858
149 748
377 674
365 838
56 902
859 918
255 945
196 924
399 561
55 577
47 505
237 673
309 864
47 978
473 657
237 981
85 958
93 804
196 674
255 531
466 595
389 912
191 434
395 673
367 880
64 270
342 640
349 706
289 545
0 662
255 912
365 692
465 570
766 934
329 834
606 801
359 418
52 571
303 880
33 977
419 531
84 506
419 662
43 851
255 969
316 850
372 883
266 434
54 502
564 770
93 576
311 657
322 969
52 969
88 171
100 767
185 502
139 825
201 436
701 936
237 644
125 730
313 673
176 898
168 912
53 837
368 505
416 615
142 714
54 825
588 671
178 969
261 669
495 885
224 294
448 862
724 794
484 804
388 505
215 885
377 924
479 898
441 538
465 723
306 837
289 548
466 837
472 512
167 751
168 650
495 619
289 885
265 647
464 969
212 544
118 885
43 641
125 902
84 838
355 576
106 301
56 522
379 767
387 506
178 814
308 512
139 748
484 864
367 903
465 561
457 518
211 714
211 983
50 885
472 571
693 859
29 898
413 722
387 802
183 830
386 525
164 778
368 570
14 282
514 782
185 882
149 674
490 814
189 911
55 858
183 902
484 561
490 741
130 747
332 703
250 608
449 657
90 903
32 224
532 724
404 802
416 883
215 851
413 978
164 540
368 674
193 359
801 810
112 747
365 518
479 778
564 621
86 538
69 983
128 902
134 847
404 977
50 545
53 608
313 741
440 647
209 748
245 525
255 608
322 657
479 513
209 619
312 802
349 825
37 719
367 674
301 310
416 882
381 606
83 743
54 730
393 838
404 570
64 121
388 650
318 576
306 788
313 698
365 754
47 561
464 989
360 862
116 591
269 799
437 730
196 561
379 751
306 531
377 977
303 862
0 802
580 701
200 723
190 548
54 522
316 986
1 884
73 548
321 772
266 408
766 908
386 650
179 538
56 650
373 570
263 799
80 201
366 983
365 570
255 619
46 741
209 730
189 502
400 674
116 694
473 903
139 502
466 772
360 730
365 814
237 898
242 476
742 976
180 650
355 655
490 819
55 981
490 602
925 933
249 767
220 878
149 650
367 862
24 767
332 723
112 814
204 759
381 614
744 942
381 513
90 548
4 562
261 723
280 912
321 851
321 804
33 669
389 579
55 594
170 848
344 503
265 673
139 885
159 545
255 837
250 838
56 730
55 673
466 718
201 257
701 757
308 558
316 522
472 804
29 522
296 305
796 805
112 692
289 882
459 898
289 883
159 669
134 912
758 933
244 442
164 602
308 986
139 650
395 880
1 754
200 977
199 924
116 522
365 747
457 718
440 577
220 810
366 503
464 902
472 885
473 862
112 608
294 485
332 518
263 882
663 770
360 518
112 562
322 692
164 824
399 576
321 595
372 615
621 658
29 518
200 799
296 408
425 433
234 882
21 703
163 270
473 518
313 989
280 851
261 561
794 985
164 777
245 587
130 657
265 502
168 862
306 619
473 512
306 814
316 657
209 924
572 581
427 576
185 662
466 591
200 890
261 799
234 619
250 777
73 570
46 673
388 880
55 601
168 748
437 662
404 723
309 640
258 433
471 714
466 830
473 548
603 663
112 831
280 969
29 862
121 474
103 163
457 912
303 799
237 595
588 656
431 804
457 885
88 156
53 969
459 748
185 650
355 636
231 848
311 522
266 476
321 605
566 810
149 880
437 650
190 884
381 698
0 650
313 754
796 908
621 974
307 767
365 850
134 810
766 976
416 669
159 903
245 605
312 723
303 903
43 825
320 983
487 531
237 741
455 640
560 871
227 902
66 310
180 608
405 751
72 81
139 674
56 862
128 692
381 535
487 684
73 536
240 834
159 885
388 748
153 714
1 906
464 518
479 747
311 880
215 506
121 158
29 885
316 885
50 748
265 911
245 531
484 967
479 591
303 518
448 619
212 912
416 977
413 834
422 751
393 657
416 548
227 723
316 898
465 977
321 880
189 718
60 371
178 850
0 655
125 512
132 743
392 476
892 976
55 706
321 531
33 802
209 743
479 738
201 298
386 694
572 652
257 258
757 758
265 608
112 558
178 799
209 834
566 606
290 864
88 375
588 875
215 545
361 983
112 592
796 934
701 798
770 997
134 824
4 544
313 579
464 862
588 810
199 703
312 924
46 579
149 561
178 548
190 880
487 804
263 883
245 819
479 814
317 767
209 561
56 912
395 911
189 786
53 571
88 310
377 561
39 538
234 662
269 885
8 257
180 518
196 743
265 587
487 594
508 757
386 563
427 834
365 862
437 802
85 967
168 885
220 736
72 152
29 548
60 137
270 497
189 825
344 619
308 694
178 777
139 862
449 512
280 945
170 767
211 767
66 106
387 924
336 743
1 594
52 945
448 641
367 902
233 912
377 743
532 840
189 641
388 924
212 579
178 718
33 748
449 903
289 799
395 587
149 924
560 637
395 608
90 718
296 434
56 506
84 784
306 692
631 859
322 754
255 814
128 518
473 545
180 799
263 615
431 505
116 558
50 799
744 925
322 989
449 862
56 512
805 997
43 647
321 906
130 502
200 640
404 703
215 730
84 522
56 518
395 718
131 359
233 722
419 802
32 340
261 924
437 655
234 802
466 945
185 851
449 518
53 945
128 862
55 591
388 561
487 605
490 810
1 969
400 576
190 989
237 706
245 911
290 503
311 506
84 655
305 497
56 718
118 862
316 502
125 545
134 591
368 802
50 903
85 824
53 902
21 848
349 608
204 575
261 536
116 838
289 615
183 837
377 636
306 747
112 906
459 505
212 518
389 884
29 718
231 743
82 506
52 814
244 425
495 522
130 825
183 502
312 636
389 706
43 673
416 570
1 837
33 723
387 561
360 548
82 784
263 748
321 981
308 788
178 692
313 786
55 540
466 898
185 636
234 743
142 743
128 657
487 544
132 864
215 512
449 548
321 786
490 644
427 978
220 775
332 536
211 567
322 505
490 793
448 850
212 570
472 531
237 772
427 898
316 825
204 962
611 695
757 997
128 506
185 883
258 295
758 795
84 730
135 636
82 545
183 986
280 986
43 548
84 512
46 989
135 576
235 408
263 662
20 503
377 890
234 748
449 545
46 754
360 898
90 669
250 819
37 673
125 885
419 518
59 476
559 976
227 977
387 902
199 834
329 714
735 934
448 655
255 571
52 692
349 506
112 810
269 657
464 506
457 903
368 723
111 195
103 461
39 751
448 629
265 825
37 544
603 961
64 305
313 914
701 933
176 636
82 669
427 743
448 669
280 502
312 977
190 912
377 703
220 629
372 799
395 914
457 655
220 568
370 527
1 827
265 912
269 522
312 703
459 536
133 352
633 852
342 834
257 497
416 662
495 657
735 908
21 767
372 636
487 641
479 692
365 885
372 703
204 826
280 814
508 859
55 558
413 983
564 805
199 655
134 885
82 903
54 512
50 548
49 751
212 718
457 902
29 512
199 576
199 748
440 517
365 718
466 777
220 930
464 692
125 506
47 924
235 434
130 784
209 576
4 641
159 548
180 706
168 518
50 669
8 359
367 518
46 580
372 548
201 433
490 719
365 669
47 793
368 977
316 545
193 476
693 976
457 506
349 784
588 606
386 571
431 662
54 650
178 518
128 747
1 825
55 786
80 225
419 723
487 587
125 862
72 257
572 757
1 502
4 587
39 978
473 570
464 748
86 751
185 518
43 608
46 914
773 925
308 837
233 848
85 706
321 830
464 657
201 295
701 795
448 748
386 885
52 747
365 777
566 581
159 662
349 884
308 605
389 518
431 669
88 106
313 601
289 674
633 663
4 880
566 652
126 294
183 601
32 461
532 961
367 748
466 850
133 410
633 910
133 163
0 898
472 825
1 748
306 571
386 636
200 548
626 794
183 981
580 725
484 723
130 838
493 722
312 561
313 594
691 695
191 195
360 890
134 784
84 548
800 933
1 989
245 902
82 505
311 885
116 788
245 831
199 714
1 657
309 527
263 650
112 967
4 601
250 824
308 674
431 903
257 266
393 506
465 890
66 152
311 730
367 506
349 619
473 890
189 540
440 587
185 615
388 834
215 799
82 902
273 425
389 989
185 967
386 862
307 898
33 505
84 669
66 81
255 692
53 814
332 669
204 719
85 981
212 884
211 503
270 296
0 748
770 796
185 505
159 505
322 838
118 902
118 650
139 531
393 522
516 795
212 880
368 890
263 669
321 540
16 295
300 433
1 608
164 657
55 563
431 636
37 819
47 719
487 896
395 570
180 619
389 570
116 545
373 548
448 777
85 544
490 517
342 983
472 502
261 718
321 619
374 848
307 674
21 567
448 981
139 903
33 703
395 518
1 531
178 747
710 934
399 898
82 662
33 570
237 945
329 743
39 567
313 884
227 890
369 527
43 911
250 694
381 673
50 655
100 538
490 824
250 644
200 536
190 969
473 669
487 571
196 576
757 766
332 505
280 619
386 906
37 981
323 425
210 434
0 536
289 636
280 825
96 195
596 695
484 902
118 903
189 967
416 723
386 958
239 767
46 786
134 986
322 747
227 799
316 730
372 802
180 862
43 986
823 925
190 754
386 825
381 754
93 570
255 747
237 824
82 885
189 837
388 576
360 669
52 502
468 527
419 703
46 601
54 912
290 912
490 747
308 784
72 288
37 831
46 513
317 834
448 799
307 983
33 548
118 518
311 512
232 640
37 525
472 851
180 850
440 592
0 505
60 298
400 743
367 882
369 640
280 692
321 571
125 518
159 799
200 570
263 718
313 513
134 703
209 978
306 902
159 882
621 626
52 986
212 706
29 730
427 674
560 798
112 838
387 723
389 601
321 967
159 883
159 912
431 967
465 640
43 587
90 570
405 767
118 748
20 983
168 903
374 722
139 967
386 703
237 830
490 692
54 862
265 851
185 655
14 235
514 735
360 570
455 527
178 862
431 545
399 834
388 978
189 981
805 833
308 525
263 890
360 615
47 748
183 825
387 640
349 945
313 827
274 751
349 754
349 989
56 748
313 958
116 958
367 650
128 748
437 748
479 580
185 864
204 513
466 706
56 545
416 718
487 601
190 718
33 880
440 911
365 945
404 924
53 692
231 722
135 743
53 619
479 614
355 548
190 518
389 718
52 838
33 655
121 126
33 718
316 506
311 545
466 902
168 718
457 674
465 864
386 784
37 605
46 594
303 718
316 512
466 814
495 518
220 647
495 862
289 570
306 838
85 673
180 884
322 662
301 436
801 936
134 748
164 692
56 885
170 545
360 883
131 257
631 757
245 673
604 805
487 673
387 977
104 305
178 838
381 619
308 912
21 722
54 545
473 730
308 880
24 978
495 548
312 890
416 674
90 650
572 788
66 407
566 907
298 300
580 925
29 903
190 814
249 834
90 883
516 672
16 172
305 333
29 545
85 562
212 862
798 800
37 914
234 505
588 609
88 109
116 986
316 851
557 725
60 323
130 522
139 518
142 848
112 517
90 615
495 512
21 983
255 902
125 650
196 703
289 802
449 570
164 850
235 305
735 805
800 936
300 436
308 563
416 802
387 890
80 425
167 538
353 434
853 934
139 804
493 848
86 767
404 561
487 906
227 536
280 747
239 538
46 827
85 580
130 730
633 997
52 825
29 669
320 767
29 650
220 741
708 909
464 747
322 512
311 862
449 730
231 983
212 989
431 506
112 563
596 934
560 823
237 602
149 576
318 743
366 767
180 777
118 506
487 921
96 408
431 882
85 906
465 536
280 506
342 503
59 408
204 863
386 903
495 903
53 747
168 674
473 615
322 903
133 497
322 883
389 969
116 512
128 838
37 912
82 882
633 833
342 978
178 650
353 408
449 669
116 562
4 525
46 958
116 605
621 961
457 669
853 908
487 911
892 934
57 225
52 506
559 908
301 482
52 851
289 924
227 548
368 924
317 978
189 684
208 409
96 434
245 793
158 208
180 784
178 912
596 908
33 650
208 451
308 958
437 505
313 580
658 708
708 951
269 862
449 890
215 862
367 883
46 884
419 669
349 814
377 536
604 770
437 536
189 898
104 270
212 669
269 518
265 548
90 882
85 513
457 662
392 434
473 977
204 920
180 814
270 292
770 792
466 518
265 986
100 751
572 606
459 924
716 908
180 945
349 718
303 650
464 548
419 536
367 662
116 563
389 862
360 882
366 834
116 784
311 799
313 824
360 977
204 684
269 512
1 591
118 674
559 934
204 741
190 692
215 903
376 476
876 976
216 408
234 545
250 850
142 636
413 767
464 655
159 615
164 747
46 824
290 983
303 669
37 706
465 743
121 461
312 743
484 977
473 883
133 333
311 518
393 730
190 850
637 925
82 883
355 714
303 548
479 602
413 503
164 730
112 858
307 703
365 880
263 655
332 748
372 924
116 525
389 838
418 476
918 976
368 703
55 906
212 601
4 619
59 434
208 228
472 880
708 728
392 408
198 301
437 898
560 936
55 967
431 674
495 545
349 969
130 650
479 545
100 834
60 436
388 743
431 883
220 513
355 834
387 799
204 644
389 880
708 782
47 576
125 718
54 518
1 692
466 608
365 903
208 282
72 106
4 911
389 692
52 619
1 786
440 605
128 548
168 902
54 748
427 714
457 882
448 608
185 531
73 576
892 908
84 799
78 476
578 976
137 425
292 305
792 805
386 502
465 576
393 862
404 536
308 748
134 636
227 570
4 684
231 503
53 986
4 694
82 674
255 986
637 758
572 810
4 958
159 674
514 840
250 517
349 548
210 408
367 615
54 902
801 982
55 788
386 851
116 912
342 767
168 506
168 655
291 767
516 744
85 920
490 912
400 703
234 536
269 548
431 885
16 244
289 703
295 301
795 801
227 576
370 567
137 258
50 883
72 310
33 536
1 718
710 908
49 538
459 561
216 434
413 714
142 567
484 548
209 714
116 837
90 890
440 525
698 801
83 848
37 579
716 934
332 570
189 777
794 997
245 837
269 545
53 851
14 340
393 512
422 538
386 655
258 323
416 880
215 518
389 850
125 903
50 882
303 882
399 722
263 977
112 819
393 518
4 673
770 833
758 823
308 885
440 912
466 862
466 884
128 784
200 576
303 883
73 640
195 474
321 591
220 620
372 723
473 718
360 718
355 567
50 662
400 834
294 497
313 969
263 548
389 669
263 505
316 799
386 562
372 570
189 850
164 577
386 662
389 814
611 757
47 655
139 655
53 502
204 592
457 505
249 978
306 986
37 531
235 270
280 838
735 770
134 837
190 862
306 777
265 981
54 718
377 576
255 838
368 561
212 969
212 850
393 885
457 883
149 703
332 561
484 799
183 506
7 476
507 976
83 722
190 838
212 838
263 802
180 669
54 885
349 850
303 615
289 723
190 945
56 903
118 718
449 615
404 636
220 602
255 851
308 906
195 242
695 742
46 920
85 558
294 461
1 862
695 974
84 903
514 663
472 903
142 767
400 978
794 961
758 773
336 848
270 333
139 882
487 786
220 920
128 655
269 903
466 506
24 714
14 163
395 981
139 662
419 505
313 920
307 567
250 810
133 285
633 785
52 799
172 258
111 257
672 758
322 615
479 535
212 692
280 777
289 912
29 570
185 804
484 912
280 850
464 838
473 882
344 703
255 777
303 748
50 615
190 747
322 723
258 273
349 777
487 629
250 512
372 561
180 989
269 898
440 719
112 577
39 714
90 662
220 641
464 669
416 748
389 754
56 799
321 706
134 864
386 505
490 730
472 674
53 838
449 883
199 718
448 570
386 882
170 983
190 777
366 978
82 636
47 548
250 793
55 525
1 804
242 408
484 576
621 985
56 669
134 778
386 594
349 799
448 595
52 850
794 833
239 751
125 799
395 669
180 969
440 902
381 920
142 983
90 977
308 562
742 934
490 591
130 512
52 777
490 777
320 834
367 718
250 885
449 718
82 615
306 850
234 730
0 924
56 548
484 570
393 718
4 851
367 799
449 977
637 701
389 747
472 862
329 848
56 655
336 722
237 754
742 908
321 986
289 561
395 862
190 570
180 754
54 506
90 748
479 730
116 906
215 880
487 986
269 730
53 825
60 273
128 669
112 522
242 434
204 824
255 502
393 799
130 862
185 802
212 814
137 201
560 773
43 912
234 924
204 736
103 352
490 657
372 977
312 536
416 655
603 852
82 548
440 673
388 714
853 976
189 518
69 538
484 536
125 748
249 567
269 880
294 333
37 793
220 824
121 485
459 743
112 545
178 669
393 545
261 570
387 536
134 577
168 662
353 476
220 644
365 890
431 615
448 830
178 657
245 981
168 882
311 718
311 903
303 662
189 945
431 703
263 703
245 912
255 850
139 718
90 655
84 885
237 921
349 518
280 799
322 924
306 502
367 669
55 754
413 567
103 410
457 615
322 784
133 262
419 570
361 767
633 762
0 561
381 989
473 723
603 910
132 848
245 544
85 989
322 882
495 570
360 723
263 723
386 912
367 655
116 594
440 531
199 851
50 570
39 527
360 662
317 567
135 864
431 784
128 522
33 561
164 608
495 730
316 903
344 674
130 902
393 650
118 882
55 804
466 748
4 563
159 570
4 558
381 921
208 287
416 650
176 640
708 787
416 505
495 669
479 522
249 538
172 201
672 701
757 760
66 198
291 538
46 969
189 748
261 640
365 977
368 636
139 703
360 880
303 674
395 544
859 942
1 747
245 788
164 858
100 567
263 570
487 967
381 945
487 619
313 967
472 902
257 260
240 538
1 518
466 754
386 518
204 878
307 503
132 640
507 859
431 902
255 825
298 301
112 837
449 882
455 864
250 719
50 505
484 890
359 442
142 722
180 570
128 512
479 608
201 323
387 548
139 505
112 898
798 801
448 772
265 914
322 522
479 920
233 503
419 748
701 823
306 825
93 548
183 706
168 669
190 669
448 814
7 359
399 848
53 777
90 723
139 883
490 608
308 571
566 698
449 898
466 969
437 924
32 352
532 852
308 594
189 862
100 978
185 669
405 527
349 692
37 902
42 751
37 837
479 838
84 545
212 747
466 548
237 896
134 558
130 518
459 674
637 800
134 858
349 650
389 777
14 292
514 792
118 662
245 914
33 924
168 883
118 655
183 718
84 662
240 751
245 571
395 579
84 505
43 570
53 506
448 945
149 978
130 718
134 903
50 674
159 802
170 730
312 576
332 924
368 536
329 636
53 850
137 300
588 661
367 505
427 703
311 548
212 754
88 161
130 912
372 890
387 570
388 898
367 703
204 568
185 718
128 730
128 799
289 977
118 883
303 655
32 410
47 834
220 719
4 827
532 910
178 898
316 862
311 650
1 655
112 885
185 506
54 903
250 674
189 629
457 799
183 548
386 864
490 694
116 880
306 851
64 103
303 570
269 718
322 802
559 695
59 195
47 714
125 669
564 603
43 981
164 522
261 576
459 576
55 989
479 694
365 522
168 505
204 602
212 777
303 890
132 722
249 751
29 883
178 570
332 655
112 719
479 698
416 536
495 890
88 198
4 896
516 859
43 914
386 786
490 522
118 669
313 906
695 760
490 784
269 669
365 657
440 837
183 608
437 561
388 674
180 692
349 862
448 743
365 615
195 260
321 945
757 853
52 885
16 359
495 718
82 703
234 561
82 799
464 512
431 924
69 767
457 548
440 819
473 662
586 588
189 591
342 714
86 88
473 898
84 883
449 880
701 773
514 604
393 548
215 548
7 195
199 567
125 548
507 695
14 104
55 605
29 615
130 748
365 512
329 767
139 636
306 657
306 522
621 760
121 260
46 967
365 723
175 408
369 864
280 880
389 885
449 723
308 650
473 880
466 989
588 698
132 978
329 567
175 476
159 636
675 976
112 657
29 748
464 799
313 608
464 522
112 777
201 273
220 694
386 883
130 545
379 834
419 561
675 908
90 802
360 802
118 615
365 883
139 615
29 655
695 892
195 392
257 353
479 741
355 718
399 978
265 544
130 506
249 527
85 644
472 518
374 983
274 538
100 527
118 799
168 615
306 885
116 674
55 884
112 605
85 754
55 619
85 884
663 794
149 834
37 608
149 743
399 674
84 570
185 890
84 882
859 876
300 323
163 294
431 802
269 570
440 831
466 655
588 652
393 903
21 636
116 786
381 896
316 518
54 655
255 898
308 825
800 823
245 608
495 615
82 802
164 788
464 784
189 814
261 548
744 758
387 576
220 592
265 570
381 602
329 983
472 506
313 558
237 577
159 924
88 152
4 921
321 837
37 989
0 674
29 882
1 730
349 747
374 503
291 751
370 834
189 595
46 562
139 506
487 540
311 669
437 743
289 743
313 562
112 730
359 376
189 902
373 848
85 563
419 788
367 890
196 636
159 703
306 506
440 981
43 518
427 848
490 545
244 258
159 723
368 743
457 703
69 751
37 601
303 977
78 195
578 695
329 722
215 669
204 517
0 743
231 527
495 883
472 748
255 657
381 741
125 655
487 981
215 718
464 730
313 747
116 885
178 522
495 880
82 924
47 864
308 903
308 786
495 898
370 978
332 788
21 503
448 898
308 862
204 930
367 802
313 945
134 605
46 906
693 934
212 885
265 884
139 669
381 884
473 802
656 725
332 864
695 710
56 662
195 210
581 588
449 662
56 883
4 605
193 195
693 695
55 945
189 655
180 655
204 775
116 571
56 882
255 506
306 898
250 558
479 657
220 562
204 647
490 838
24 567
318 722
0 576
431 548
372 864
55 784
321 502
404 576
81 88
193 434
37 884
125 882
84 615
322 730
245 706
295 300
795 800
234 576
66 482
377 640
132 834
90 505
389 945
204 562
170 567
178 885
85 914
4 981
495 977
50 802
190 619
142 864
52 522
125 883
185 561
399 714
457 636
164 986
237 884
290 767
193 408
53 799
134 882
156 225
1 838
400 714
64 133
479 831
170 503
66 371
566 871
130 885
189 506
185 902
215 883
211 527
466 657
52 657
318 848
255 522
393 669
360 650
46 558
757 833
29 662
118 505
487 502
379 567
215 615
564 633
1 512
675 934
189 830
773 800
381 592
204 793
317 714
183 784
596 805
96 305
349 838
701 744
355 650
90 674
204 620
693 908
313 692
185 924
237 540
54 669
312 640
215 882
4 629
308 703
317 527
190 650
332 548
457 802
322 977
82 912
472 882
175 434
50 723
472 650
466 692
365 650
303 505
273 300
170 619
493 503
280 657
366 567
360 655
303 802
209 848
484 743
386 615
431 561
178 512
566 982
440 544
303 723
419 655
180 747
47 636
201 244
125 662
85 608
1 522
280 548
427 722
46 608
466 669
164 838
209 722
490 850
190 885
237 989
381 540
56 615
199 788
183 799
495 882
185 977
183 884
180 838
621 910
139 902
918 934
389 903
125 615
46 945
419 924
308 502
46 606
168 703
367 977
134 662
265 518
381 831
372 536
84 912
237 788
270 474
404 864
289 890
50 977
168 799
395 884
195 266
183 619
373 743
125 674
269 615
237 814
37 754
322 561
418 434
46 644
103 285
332 851
257 333
405 567
189 608
604 621
395 850
360 748
603 785
112 850
265 989
280 518
269 883
368 576
621 852
440 608
233 983
1 967
159 977
280 885
695 766
159 561
82 570
55 531
395 650
400 848
72 482
29 890
121 410
437 576
164 558
212 903
691 805
191 305
308 851
43 718
239 834
379 527
395 912
212 650
448 884
487 595
128 903
321 754
104 121
189 548
311 748
449 802
72 198
220 827
245 579
29 977
312 864
419 548
697 708
237 858
116 827
487 650
47 567
322 885
43 544
321 825
393 748
321 884
54 674
419 851
770 974
307 636
56 505
178 903
416 561
240 714
257 474
255 885
269 890
37 788
367 548
197 208
164 880
265 706
516 757
53 657
332 636
263 561
232 864
227 743
32 285
355 851
16 257
263 924
532 785
46 747
121 352
180 748
313 644
249 714
53 885
199 650
280 522
212 945
250 958
103 262
306 799
55 969
306 545
215 890
183 518
321 898
408 418
386 718
603 762
280 862
82 561
231 978
473 650
72 436
572 936
416 924
196 722
431 640
473 655
342 567
185 723
240 978
178 655
133 296
633 796
50 890
37 571
33 636
263 536
490 577
265 838
183 650
366 714
14 96
514 596
116 748
208 480
427 767
112 793
708 980
381 898
908 918
572 698
355 527
134 880
82 723
54 662
29 723
291 527
472 883
311 883
200 743
118 548
53 522
377 722
365 882
132 983
215 570
308 636
349 669
83 983
54 882
135 640
372 640
96 270
572 982
289 640
596 770
532 663
472 662
189 772
245 506
56 570
83 503
381 969
399 703
142 503
56 674
32 163
4 571
588 935
377 864
367 723
487 825
365 619
88 435
603 611
164 512
611 770
112 525
215 650
85 601
437 674
487 772
355 983
237 969
449 650
336 503
85 969
209 674
311 882
269 882
321 814
183 945
317 538
313 814
85 579
195 376
695 876
134 862
464 903
234 898
495 723
757 974
103 111
209 898
311 615
431 799
130 903
360 674
73 743
168 548
250 837
46 692
360 505
111 270
54 799
440 706
578 859
361 538
400 722
52 548
289 536
490 858
291 567
416 703
316 880
180 657
4 594
708 840
164 591
611 805
43 669
215 662
54 883
240 567
52 518
43 862
14 64
472 615
116 825
20 767
239 567
291 834
168 636
118 703
289 576
245 799
308 882
457 570
14 78
514 578
43 884
250 858
130 655
332 576
135 848
479 606
64 294
306 730
220 517
631 976
131 476
183 989
128 885
306 512
78 359
564 794
209 767
52 862
128 570
208 340
404 743
336 983
487 837
431 723
250 594
449 655
111 305
220 772
139 802
464 570
388 848
365 655
178 748
164 545
85 606
457 924
183 814
269 650
349 898
317 751
514 564
208 485
349 657
190 657
308 662
183 850
196 848
4 986
708 985
311 570
389 650
190 903
255 799
675 695
269 977
175 195
372 576
493 983
135 722
183 754
316 548
381 810
134 650
212 977
250 577
168 802
4 898
294 410
344 636
399 767
560 795
4 531
311 655
457 723
388 703
280 718
54 548
794 910
134 694
294 352
265 692
389 977
464 505
794 852
250 786
245 502
220 579
60 295
37 969
479 777
32 262
321 989
395 601
532 762
355 640
440 914
116 851
239 527
393 655
313 838
349 912
180 898
495 662
265 969
316 615
176 527
245 884
321 777
189 884
373 722
52 512
245 989
134 505
100 714
395 706
316 883
487 830
672 800
172 300
466 747
316 882
118 802
389 890
490 558
231 567
84 802
425 476
925 976
321 608
313 606
42 538
125 570
322 722
311 662
265 862
93 848
125 505
215 977
473 748
472 718
33 576
367 636
316 669
465 722
159 890
149 714
360 536
112 512
204 694
231 767
487 718
291 978
185 799
104 133
604 633
487 591
257 300
47 718
189 669
54 505
757 800
459 703
367 570
29 802
263 636
395 989
4 595
7 14
507 514
204 819
212 723
250 906
572 795
72 295
472 799
164 605
560 672
128 662
215 748
130 669
112 804
128 505
395 838
60 172
183 777
372 743
50 924
280 898
212 890
183 969
204 827
479 885
29 505
464 662
55 608
431 570
365 662
54 615
189 706
172 301
672 801
400 636
242 305
742 805
313 563
332 718
85 858
427 983
255 545
255 880
116 502
46 814
88 482
355 848
265 669
98 751
33 864
448 969
255 730
716 976
164 694
321 969
466 799
316 890
386 802
84 674
199 636
216 476
365 802
386 640
386 669
178 730
55 814
448 706
381 824
393 883
183 862
389 723
473 536
52 545
164 525
84 723
710 770
349 570
210 270
255 512
379 978
457 977
440 571
134 525
381 644
473 505
195 418
695 918
199 767
215 674
373 983
321 850
449 748
128 883
1 669
457 561
329 864
388 722
560 744
60 244
185 640
361 751
269 662
442 476
942 976
4 540
448 657
82 977
395 692
280 512
52 903
495 650
365 545
321 902
55 837
472 669
190 522
237 777
532 997
308 655
393 570
289 864
50 703
128 545
389 615
322 576
53 898
393 882
588 982
395 814
4 906
116 650
139 864
212 615
395 969
239 978
204 629
43 838
508 976
8 476
7 408
116 862
142 640
46 563
185 536
103 104
90 536
1 506
316 718
603 604
431 864
32 497
308 518
43 989
472 655
269 723
20 538
464 883
373 503
691 770
191 270
84 924
393 615
440 793
308 505
388 767
725 935
321 650
265 747
199 983
234 834
355 767
395 777
159 743
220 587
389 883
490 958
116 903
220 958
245 825
212 883
134 883
134 563
215 655
118 890
4 804
164 837
245 601
265 850
55 912
507 908
419 864
661 725
466 838
367 924
190 512
199 848
459 834
134 906
265 718
55 571
427 567
479 824
419 718
464 885
308 827
132 767
399 983
495 802
265 885
4 945
56 802
367 561
389 657
53 880
329 503
332 650
225 435
448 692
128 882
43 706
130 548
413 527
53 518
393 662
53 862
178 883
50 561
90 924
405 834
386 924
130 799
132 503
134 825
440 989
1 505
215 723
85 837
457 890
381 912
449 505
118 977
204 579
53 512
255 862
46 838
448 505
377 848
265 814
589 725
306 862
161 225
490 512
149 636
389 512
400 767
312 722
208 224
708 724
149 848
0 703
4 772
118 570
43 880
269 655
440 884
139 924
196 834
368 864
234 722
85 747
118 723
72 298
389 522
308 883
245 851
52 880
250 563
189 657
495 655
125 802
209 703
189 969
204 577
134 788
128 615
0 834
361 912
14 242
514 742
465 848
381 694
455 751
332 978
621 762
572 798
132 714
321 718
89 225
361 834
355 788
487 945
53 548
464 882
265 579
405 978
280 903
178 615
311 674
303 703
56 723
168 723
164 563
212 655
47 851
255 518
280 669
431 977
43 850
386 561
306 903
419 576
472 505
43 692
53 545
316 570
52 730
316 662
311 890
168 924
744 800
588 589
178 545
88 89
139 799
472 703
85 692
419 636
164 748
209 983
449 536
90 561
215 802
204 641
242 270
742 770
621 785
322 636
507 934
4 830
244 300
440 799
250 562
306 518
479 592
269 748
400 983
86 527
125 890
121 262
344 898
82 640
514 691
290 834
245 986
14 191
168 570
125 977
204 788
212 657
86 834
386 827
78 305
578 805
280 545
220 793
374 767
320 978
37 692
43 969
139 561
308 864
86 567
386 531
316 977
464 615
7 305
507 805
125 723
130 662
84 977
52 898
245 754
190 655
7 434
212 512
121 285
490 562
311 977
180 903
159 536
168 977
305 474
250 605
265 601
133 235
633 735
631 934
134 655
220 595
484 722
84 743
134 615
118 636
280 730
316 674
60 359
176 864
183 692
349 522
366 527
303 924
381 814
56 977
52 718
130 882
131 434
440 506
245 969
487 898
134 571
560 859
8 408
532 833
416 576
395 747
128 912
53 730
43 579
1 902
265 754
389 655
29 674
269 802
103 474
52 669
349 655
133 292
633 792
180 743
180 512
190 883
85 577
84 636
1 662
508 908
46 831
318 503
37 506
55 692
190 615
130 883
37 747
419 650
805 974
381 819
313 831
360 924
199 864
189 754
280 570
387 743
367 536
37 814
448 989
164 958
495 748
168 561
311 505
37 502
164 674
437 834
168 890
313 837
603 974
212 522
381 591
139 723
487 902
20 751
303 536
360 561
448 754
237 694
220 819
285 294
52 570
47 650
130 674
508 934
311 723
303 561
126 208
466 512
85 804
785 794
464 545
626 708
84 561
427 636
308 615
178 882
695 853
313 885
621 766
32 333
322 536
82 890
50 636
388 983
82 864
183 669
1 903
93 743
85 838
178 662
190 977
204 958
32 64
215 505
8 434
85 605
322 890
220 577
320 714
93 983
227 722
472 890
121 266
82 743
404 640
195 353
349 512
459 978
487 777
367 864
365 748
381 719
532 564
204 831
227 848
0 978
53 903
255 903
139 977
4 706
313 858
473 674
479 512
55 747
46 858
487 706
263 864
55 851
190 723
311 802
316 650
801 933
139 890
370 714
118 924
365 730
131 408
559 805
237 558
59 305
204 858
85 810
484 848
43 814
466 570
37 799
180 522
103 296
56 890
349 748
159 576
349 885
876 934
50 536
306 880
374 978
4 650
225 433
472 802
280 650
603 796
631 908
37 945
178 723
132 567
725 933
487 850
313 619
43 747
37 838
149 722
130 505
490 594
611 633
46 592
449 674
209 567
399 636
388 567
237 562
220 914
381 517
21 640
490 563
395 903
255 548
368 640
301 433
4 786
54 802
84 703
621 691
98 538
329 640
344 640
134 958
437 703
111 133
200 848
431 743
393 505
193 305
693 805
164 562
73 848
316 748
376 434
305 392
805 892
473 924
130 615
190 890
54 570
440 579
395 655
395 723
195 425
46 810
237 850
695 925
431 576
43 885
189 692
321 692
448 838
121 191
231 834
46 619
365 536
395 754
37 825
139 548
490 837
393 674
78 270
710 805
210 305
265 903
578 770
56 924
262 294
265 777
116 703
459 722
399 503
118 561
479 850
53 718
349 903
762 794
265 890
321 506
389 882
232 527
90 703
473 561
306 548
312 848
220 858
196 864
466 522
369 751
448 662
395 885
490 885
178 977
189 989
200 722
196 978
54 703
116 882
263 576
21 864
395 977
586 725
82 536
37 986
376 408
50 743
134 502
479 644
316 723
490 906
250 986
250 903
237 880
365 505
116 531
69 527
180 885
457 864
164 650
233 538
43 601
307 640
389 619
495 505
183 747
180 883
46 837
237 657
400 567
116 967
234 848
55 986
431 912
459 848
32 296
47 983
56 703
245 692
532 796
193 270
93 503
220 544
693 770
185 570
93 722
85 814
14 376
514 876
270 376
212 882
770 876
313 592
374 834
116 518
82 576
318 983
514 997
490 605
440 502
440 788
386 506
78 408
237 692
472 548
379 714
876 908
255 718
365 743
183 570
448 883
112 986
164 571
395 743
220 911
440 754
237 525
231 538
164 906
621 792
85 592
440 969
250 827
431 536
69 834
487 814
472 977
116 662
265 977
85 831
125 703
464 743
322 545
269 505
448 747
220 831
69 567
86 225
135 834
381 784
85 517
14 497
457 536
159 640
393 977
29 924
316 802
770 892
270 392
135 983
393 723
128 802
313 522
313 545
578 934
128 723
4 777
20 527
134 640
427 503
393 890
321 518
578 908
121 292
135 978
183 838
320 567
245 838
448 903
308 531
159 864
305 376
805 876
112 571
85 945
316 655
84 890
185 548
149 767
112 902
212 743
1 882
419 978
1 636
196 640
180 912
490 674
440 601
431 890
449 924
4 502
73 722
178 505
490 786
43 777
466 730
55 898
1 548
149 983
464 802
393 802
466 505
1 883
103 292
185 576
437 978
603 792
381 747
308 718
464 723
237 958
180 615
479 786
78 434
46 885
55 777
245 747
487 518
190 882
53 669
83 767
381 793
389 662
466 784
199 743
134 518
190 748
245 814
142 527
1 545
112 903
54 723
212 662
449 561
47 767
46 577
46 517
168 864
321 862
495 536
56 561
448 512
468 751
744 801
29 536
760 805
373 527
52 615
134 594
52 890
47 848
55 902
212 802
43 903
260 305
178 890
389 802
189 799
289 722
313 810
180 723
464 924
237 747
116 804
90 743
125 924
52 883
487 608
93 527
170 703
321 747
313 577
196 983
472 723
381 692
440 825
43 754
4 814
180 662
47 788
43 977
448 723
37 851
490 525
212 619
20 567
112 531
4 837
244 301
139 570
466 903
344 527
54 636
487 506
128 743
116 655
250 525
395 615
479 674
29 561
479 594
490 986
859 925
220 830
487 884
237 608
313 605
321 657
234 674
164 784
178 802
355 503
306 718
395 883
237 563
85 885
128 924
4 825
190 662
14 193
514 693
237 986
43 890
54 977
386 967
269 674
239 714
134 802
725 907
633 691
133 191
306 669
313 517
255 669
395 890
220 594
204 914
245 548
386 723
180 505
349 730
758 859
760 770
231 751
0 848
4 850
359 425
20 834
611 794
308 967
260 270
368 722
237 605
190 545
479 958
56 636
395 945
440 692
360 703
934 942
225 407
149 567
1 885
258 359
0 722
90 576
773 801
448 615
400 503
280 883
53 570
111 294
54 924
134 786
130 570
466 662
309 751
116 883
265 723
55 850
487 862
55 838
291 714
139 640
490 788
116 636
479 558
164 851
366 751
440 838
374 567
559 770
59 270
316 505
280 615
434 442
164 885
320 751
55 502
85 902
46 522
21 527
408 442
209 503
386 804
125 561
50 576
118 536
495 674
29 743
308 802
479 819
220 896
103 235
164 825
273 301
86 978
46 605
46 545
164 594
603 735
116 505
308 669
320 538
472 570
20 978
47 527
459 714
389 743
178 743
7 270
507 770
366 538
52 882
437 722
908 942
212 748
220 921
43 723
532 604
32 104
448 924
459 636
103 191
52 977
168 536
457 576
603 691
54 890
180 882
128 674
135 503
265 880
365 924
322 848
457 640
139 536
190 730
0 714
196 767
128 977
234 978
360 576
440 747
336 767
14 425
514 925
386 977
490 827
290 538
603 760
189 505
189 747
437 848
1 615
493 767
416 743
1 784
472 636
294 474
301 323
183 657
103 260
104 294
265 615
349 883
4 967
604 794
4 884
321 548
85 525
215 536
321 784
112 825
208 461
399 567
389 748
801 823
170 674
266 305
708 961
487 548
455 538
457 743
466 883
322 703
233 751
440 986
255 650
164 862
237 730
580 801
514 559
1 674
189 570
794 974
332 880
14 59
4 591
306 615
55 825
306 883
149 864
190 802
766 805
487 754
4 754
416 636
84 536
400 864
180 730
80 301
24 751
83 978
269 536
52 650
303 636
69 978
473 576
130 802
308 804
386 890
8 195
280 882
508 695
237 591
121 216
24 527
621 716
116 615
54 561
183 655
118 864
464 912
448 882
266 270
180 977
37 850
199 722
220 788
387 848
389 545
37 885
404 848
233 767
306 570
342 527
306 882
112 502
183 898
96 133
349 615
596 633
404 722
466 743
280 655
72 172
368 848
265 883
572 672
464 977
766 770
290 751
265 945
199 527
388 636
367 576
419 880
196 503
245 945
33 743
234 714
189 838
321 838
135 767
322 640
134 561
190 743
215 924
196 714
280 890
250 703
190 898
388 503
83 834
4 718
53 650
204 587
164 502
199 503
495 924
479 906
305 418
805 918
440 814
164 912
46 819
487 969
84 576
311 924
306 890
770 918
270 418
365 561
56 743
189 512
255 570
374 527
43 615
387 722
195 442
695 942
56 536
125 536
464 674
37 777
448 784
464 561
303 576
245 850
116 718
472 924
53 883
133 474
32 235
53 615
532 735
675 805
372 722
175 305
128 561
121 353
621 853
125 636
473 743
215 561
448 802
255 883
472 561
437 714
280 977
52 723
289 848
313 657
349 545
280 748
695 716
215 703
32 292
532 792
240 527
195 216
479 517
43 650
701 859
465 503
495 561
255 615
322 674
14 392
514 892
313 777
464 636
52 662
514 833
1 924
16 476
516 976
633 974
621 796
349 662
466 882
308 506
381 608
180 802
245 885
231 714
134 924
55 657
313 819
201 359
43 883
261 743
479 837
112 674
261 848
487 748
234 703
280 662
130 723
220 563
400 640
199 880
212 505
263 743
405 714
386 536
1 799
313 804
227 503
355 722
255 882
466 615
487 989
85 819
637 801
360 743
220 558
24 538
130 703
349 882
269 924
29 703
250 967
308 924
190 505
449 576
389 505
381 958
311 561
176 751
800 859
484 503
134 562
46 804
250 882
311 703
47 640
121 296
0 636
183 912
164 786
189 743
183 748
329 527
355 743
137 301
66 436
566 936
53 882
300 359
308 561
209 636
321 748
4 969
1 703
14 333
280 723
306 650
448 522
164 903
137 225
303 743
134 851
311 536
393 924
631 695
131 195
637 725
53 890
232 751
212 545
128 636
395 512
395 657
1 802
377 503
716 757
349 723
220 786
55 880
459 767
73 983
4 608
168 576
560 757
216 257
389 536
468 538
269 561
212 536
168 640
449 743
189 662
381 562
237 522
204 594
373 978
440 885
130 977
313 730
265 512
245 777
178 924
466 885
139 576
306 662
386 902
621 735
245 518
164 636
164 703
372 848
112 506
332 834
306 977
149 503
46 777
355 880
46 657
52 655
316 536
200 503
369 538
395 748
128 890
93 978
4 989
234 767
459 983
479 810
66 298
33 640
237 851
37 619
60 257
237 906
566 798
473 703
365 576
204 772
83 567
43 945
29 576
472 536
130 924
237 837
313 850
265 522
294 296
55 522
373 767
112 788
389 730
121 235
204 563
588 907
88 407
116 864
794 796
116 506
237 594
305 425
805 925
395 882
292 294
381 577
116 669
792 794
16 408
90 636
373 567
349 505
204 544
440 851
255 748
128 703
465 983
237 571
516 934
73 503
516 908
308 640
53 977
307 864
255 890
220 673
487 655
395 802
1 570
130 636
199 640
313 525
170 636
255 662
395 662
16 434
349 977
572 933
393 561
321 799
381 858
621 710
448 977
112 799
472 864
46 525
118 576
133 242
633 742
321 669
386 576
449 703
559 621
399 640
377 983
381 730
336 978
121 210
220 981
0 767
52 802
250 571
200 983
135 714
85 522
52 748
265 657
393 703
180 924
237 838
59 121
227 983
130 890
245 570
464 703
220 967
332 640
50 864
189 522
72 433
159 722
164 655
309 538
381 558
53 662
374 714
55 506
189 903
96 103
365 898
183 522
621 892
596 603
633 760
56 576
514 710
14 210
149 640
321 655
258 476
758 976
437 636
133 260
381 777
183 512
349 743
180 545
255 655
220 601
245 862
220 591
321 522
427 640
180 890
37 548
395 522
514 675
381 657
14 175
46 730
121 392
466 723
204 558
316 703
1 561
183 903
479 827
54 536
93 567
490 571
306 748
220 804
37 522
86 714
204 525
487 692
168 743
313 512
448 561
263 640
43 655
250 825
164 662
189 883
466 924
33 978
0 983
46 850
280 802
566 580
367 640
487 669
189 730
487 657
440 945
53 655
265 882
316 924
431 722
66 257
566 757
381 522
132 527
464 890
212 924
255 977
134 669
125 743
66 80
116 802
381 838
393 536
361 567
83 527
130 561
306 723
316 561
164 518
112 890
336 834
204 911
466 802
386 799
416 978
84 640
134 890
183 885
265 650
448 722
212 730
204 804
53 748
308 890
336 527
211 751
164 882
178 561
53 723
43 512
306 655
389 924
170 898
234 983
596 621
381 594
440 548
312 503
332 714
336 567
349 802
112 882
440 850
416 864
427 864
437 767
479 562
381 545
4 748
708 997
116 902
47 503
220 706
220 525
408 425
321 512
220 540
1 723
306 674
448 730
237 827
332 567
484 983
82 722
85 531
308 723
495 743
103 266
96 121
178 536
208 497
46 719
603 766
313 902
250 662
479 858
490 903
479 563
381 827
493 538
59 133
559 633
204 595
112 862
85 545
308 977
308 902
33 848
4 862
135 567
37 657
514 918
14 418
4 657
125 576
220 906
4 518
164 505
290 978
250 788
321 730
908 925
495 576
419 834
280 505
349 890
190 536
322 912
204 896
373 538
925 934
250 862
55 730
261 983
250 883
265 802
270 425
770 925
269 743
306 802
290 567
37 518
225 323
255 723
190 924
128 536
85 799
307 527
265 655
235 294
261 722
437 983
43 657
466 545
112 615
735 794
43 522
448 885
725 823
43 882
311 743
55 885
118 743
393 743
425 434
237 512
250 615
532 611
303 864
85 719
46 512
367 743
725 798
47 743
365 834
225 298
85 777
290 714
93 767
50 640
416 834
312 983
189 882
245 669
196 567
37 862
332 848
250 502
112 883
4 692
464 576
395 505
54 864
85 850
255 674
164 827
32 111
52 505
69 714
805 853
178 674
204 921
54 743
134 718
46 902
59 103
559 603
464 536
572 744
269 703
133 392
633 892
514 611
381 786
250 748
128 576
265 662
386 570
318 767
305 353
361 714
212 561
103 242
440 777
43 743
189 615
134 977
603 742
215 576
43 802
159 848
490 825
245 718
479 577
389 561
55 545
237 786
374 538
53 802
493 834
413 751
459 503
361 978
118 640
237 650
487 799
245 903
395 619
490 967
14 111
72 244
189 924
255 802
495 703
7 133
507 633
387 503
84 864
47 722
269 576
20 714
621 742
1 640
479 719
487 747
336 538
55 512
313 719
183 883
566 933
37 903
180 561
234 636
708 833
572 773
479 793
431 848
54 576
493 751
232 538
201 476
701 976
84 722
448 576
473 834
29 636
572 580
386 548
416 848
66 295
566 795
332 983
85 571
1 743
121 242
374 751
404 983
245 522
134 723
66 433
37 512
663 708
342 751
43 662
163 208
311 576
204 786
72 80
479 903
72 273
311 636
250 864
211 538
164 883
103 392
603 892
306 505
381 563
208 352
208 410
208 333
708 852
313 898
479 605
708 910
133 266
255 505
85 657
56 864
85 506
32 96
633 766
532 596
459 567
237 545
381 906
190 561
532 691
32 191
234 503
466 977
82 848
46 898
72 323
419 640
675 770
466 561
175 270
183 615
183 743
360 636
373 751
580 588
116 924
204 531
237 825
215 743
572 823
55 799
80 88
473 978
320 527
134 536
490 502
170 640
4 902
419 714
212 576
176 538
440 518
237 748
479 967
387 983
261 503
37 545
381 850
204 967
139 743
85 619
245 657
261 978
393 636
164 718
440 570
116 561
33 722
55 862
83 714
33 834
125 864
490 880
133 193
633 693
308 536
633 710
133 210
395 536
0 567
112 518
52 674
313 903
183 730
53 505
50 722
389 576
37 570
1 977
308 799
130 536
225 273
770 853
164 864
725 773
336 751
344 864
349 924
237 502
55 518
490 748
189 723
191 294
178 576
760 794
691 794
0 503
116 890
270 353
472 576
487 838
413 538
260 294
164 531
204 830
4 747
189 802
220 531
103 210
459 864
404 503
603 710
47 880
215 636
183 662
183 723
78 133
578 633
440 862
112 662
490 862
419 567
130 743
52 536
395 924
185 743
466 636
204 906
459 640
321 903
280 674
725 871
4 655
393 576
621 675
4 506
419 848
180 536
416 722
85 512
368 983
83 538
321 570
53 674
440 903
373 834
204 673
245 512
265 536
377 767
121 175
388 640
245 619
225 371
164 615
32 474
342 538
220 605
368 503
204 601
289 503
73 978
250 890
116 977
344 751
360 978
332 743
112 977
360 834
399 864
116 723
321 885
37 669
245 880
33 983
245 890
116 799
183 882
263 848
133 175
633 675
493 567
440 522
318 538
532 974
572 637
93 538
457 722
490 703
233 527
56 640
85 825
90 722
54 640
112 851
209 640
265 743
73 767
46 793
490 882
85 903
322 503
265 545
305 442
805 942
437 503
85 502
83 751
493 978
490 851
72 137
183 505
365 674
8 305
180 576
250 804
516 695
449 834
508 805
316 576
237 531
16 195
64 208
189 636
55 718
564 708
85 986
280 536
448 636
725 936
46 903
250 636
46 531
90 848
389 898
437 567
313 571
50 848
90 864
225 436
372 503
190 576
195 258
695 758
43 536
419 983
280 924
313 531
189 784
448 536
321 912
183 977
204 605
237 784
14 266
332 767
37 718
440 890
464 640
263 722
419 743
46 571
381 605
365 722
588 871
195 201
695 701
88 371
258 408
490 804
487 570
464 722
245 977
365 978
388 864
448 890
96 294
603 853
514 766
404 834
1 864
103 175
52 924
404 978
134 506
313 799
189 561
596 794
349 561
313 986
37 890
603 675
0 864
466 674
55 548
449 978
103 353
1 576
43 748
261 527
758 908
250 505
204 851
381 837
84 848
237 862
321 545
130 576
270 442
770 942
189 885
32 242
332 527
440 669
532 742
621 693
233 567
250 518
631 770
131 270
204 981
103 193
183 545
490 531
37 730
603 693
457 848
313 793
487 512
493 527
465 767
758 934
93 834
514 760
55 903
360 848
208 285
85 730
306 536
708 785
121 193
212 834
440 657
416 714
14 260
60 408
245 615
301 476
801 976
164 669
381 525
473 848
85 890
377 834
0 640
258 434
178 703
427 527
280 743
308 576
46 986
289 983
4 838
52 561
131 305
631 805
73 834
280 561
372 983
490 662
560 908
265 505
85 793
416 640
93 751
395 561
133 376
633 876
43 505
440 512
621 918
128 640
318 751
201 408
303 640
233 834
128 722
308 548
4 548
265 748
308 570
321 662
250 802
130 864
250 531
349 536
313 890
416 983
245 883
473 636
313 825
185 848
321 883
336 714
381 512
389 834
212 898
29 722
183 802
121 418
473 722
134 576
204 540
1 536
245 545
313 506
381 885
487 522
701 908
180 722
404 767
55 650
360 722
116 640
1 912
112 669
7 103
4 669
134 827
133 418
633 918
365 848
507 603
220 754
234 567
321 505
53 536
449 636
210 294
164 804
487 784
710 794
112 802
395 576
237 804
400 527
37 615
395 545
800 976
316 636
300 476
1 890
37 880
46 799
204 591
466 703
312 767
261 567
479 986
466 576
265 619
472 640
313 502
125 640
466 890
316 743
164 967
490 883
306 924
56 722
361 527
116 548
164 802
245 723
46 825
473 714
37 977
66 172
566 672
303 722
440 977
332 722
466 912
349 674
208 262
255 536
37 883
708 762
200 767
14 474
4 730
365 714
479 525
60 434
566 773
560 934
33 714
255 924
321 882
303 848
490 650
73 567
237 674
66 323
306 561
449 848
212 722
116 536
4 512
566 823
134 531
33 767
322 983
149 527
603 716
437 640
66 273
53 924
266 294
46 506
490 518
487 730
318 527
183 890
14 442
514 942
43 545
4 522
321 615
103 216
633 853
766 794
46 502
33 503
112 723
189 977
419 767
332 503
133 353
8 270
508 770
33 567
135 527
701 934
490 615
514 974
381 788
322 864
168 722
449 722
472 743
416 767
448 848
437 864
55 669
237 885
466 536
566 637
261 767
386 743
250 851
255 561
381 967
265 924
367 848
29 848
220 989
201 434
134 967
90 834
66 137
43 924
479 882
532 710
440 545
32 210
716 805
269 636
250 506
190 674
242 294
237 518
742 794
216 305
440 615
487 505
368 767
227 767
116 570
318 834
250 977
250 902
53 561
395 730
532 760
318 567
52 743
431 503
360 864
90 640
103 418
306 703
603 918
185 722
43 619
32 260
368 834
164 506
204 706
440 718
448 545
532 559
32 59
220 619
180 674
250 880
73 527
265 730
487 903
209 864
560 976
60 476
484 538
311 864
178 722
112 703
215 864
389 722
245 882
532 892
32 392
220 884
46 890
365 703
164 924
37 882
290 527
495 834
237 967
130 640
168 848
237 912
373 714
367 722
7 32
507 532
204 571
349 576
128 864
234 640
32 78
532 578
395 722
318 978
294 392
794 892
178 636
159 503
440 883
255 703
261 834
233 978
440 619
419 722
112 748
250 655
220 571
220 851
189 545
265 834
237 718
8 14
508 514
56 848
360 714
479 703
183 924
250 650
32 193
464 864
532 693
164 561
37 723
265 561
112 570
220 945
487 662
495 636
466 722
388 527
227 538
78 103
37 898
164 640
82 503
59 294
578 603
559 794
90 978
263 983
237 655
220 784
118 722
490 505
139 722
139 848
245 650
416 567
189 576
245 730
419 527
464 848
312 834
29 864
487 743
125 722
440 723
495 978
395 834
52 576
490 636
112 505
493 714
112 548
484 767
381 986
280 576
43 561
237 903
300 408
93 714
449 714
118 848
393 864
43 834
487 883
800 908
588 933
416 503
204 880
52 703
280 703
313 615
190 722
128 848
88 433
313 882
344 538
265 576
159 983
88 298
170 527
508 621
55 748
212 848
588 798
419 503
250 669
307 751
490 655
490 864
53 743
263 978
448 640
514 853
321 723
195 301
695 801
495 848
43 576
621 631
448 703
8 121
85 615
800 934
85 977
495 722
360 983
473 767
245 662
189 722
21 751
189 703
32 266
121 131
473 983
55 883
465 834
300 434
313 674
14 353
55 570
103 376
532 766
566 744
377 978
54 722
116 576
603 876
125 848
368 978
180 703
37 662
321 802
386 848
32 376
43 730
532 876
90 983
404 567
313 883
389 848
365 767
55 882
209 527
490 506
220 837
440 882
321 743
66 244
53 703
479 890
220 969
85 862
55 615
250 723
180 636
142 751
316 864
245 655
133 425
322 767
633 925
431 983
466 640
245 802
250 799
484 751
479 615
189 674
112 536
507 621
389 674
490 902
193 294
1 722
693 794
360 767
255 743
250 561
381 674
479 883
269 722
4 799
29 640
204 619
134 799
387 767
487 882
189 640
263 503
349 703
311 722
82 983
85 883
487 615
55 655
225 359
7 121
200 527
801 859
134 804
313 977
404 714
4 505
633 716
227 751
37 650
112 718
725 859
183 561
313 862
132 751
112 655
133 216
134 902
386 722
185 983
46 615
200 978
263 834
104 208
269 848
301 359
46 882
604 708
487 885
178 848
85 882
73 714
389 978
164 902
306 576
180 848
393 722
185 503
237 662
55 662
479 825
212 978
46 674
37 802
220 608
479 571
4 903
381 571
448 674
4 784
189 536
215 848
164 723
306 743
490 802
14 131
514 631
479 662
88 436
311 640
588 936
200 538
53 576
321 977
440 730
54 848
360 640
200 567
215 722
449 983
190 703
196 527
381 804
200 834
321 924
311 848
46 883
250 536
695 800
195 300
255 576
85 518
449 767
237 882
50 983
46 862
289 767
457 503
4 662
258 305
758 805
393 640
269 834
212 674
490 669
237 505
50 503
183 536
321 674
250 924
365 983
37 655
90 767
212 714
372 767
220 814
490 890
8 133
508 633
208 296
716 770
708 796
490 718
216 270
227 527
473 864
32 418
532 918
164 977
29 834
112 880
190 848
389 714
399 527
14 201
514 701
449 864
465 538
349 722
90 503
261 714
201 305
701 805
189 890
395 848
220 902
190 834
84 503
55 674
112 650
303 983
164 890
457 983
132 538
225 244
725 744
487 723
46 977
611 708
33 527
532 675
32 175
8 103
508 603
393 848
440 662
560 695
516 805
16 305
265 978
672 725
349 636
130 722
72 476
572 976
60 195
134 570
794 853
111 208
377 567
172 225
312 978
367 983
465 978
237 703
479 862
263 767
294 353
440 802
303 834
215 640
112 561
473 567
479 502
440 880
294 418
220 986
237 636
200 751
794 918
322 834
237 506
14 301
514 801
85 570
479 804
14 258
514 758
208 292
237 883
55 890
708 792
329 751
495 714
234 864
360 503
4 883
621 876
4 570
487 924
237 669
355 751
204 986
395 898
487 802
90 714
85 898
313 518
269 978
360 567
208 474
204 754
250 718
245 748
303 978
204 837
133 442
465 751
633 942
7 294
507 794
465 567
377 714
85 788
487 545
313 662
121 376
220 912
473 503
204 945
708 974
46 788
55 977
233 714
1 848
269 864
183 576
227 567
466 848
308 743
725 795
37 748
389 703
4 882
321 561
381 531
265 714
84 983
78 294
225 295
621 942
85 723
4 885
112 924
578 794
321 890
294 376
367 503
46 518
245 536
29 983
794 876
255 636
387 527
142 538
85 669
365 636
4 545
164 799
472 848
121 442
631 633
131 133
490 977
220 502
387 538
55 723
245 505
303 503
307 538
55 505
306 636
21 538
85 548
103 131
237 902
603 631
381 825
381 903
43 722
368 567
212 767
204 884
578 621
490 799
473 640
164 536
258 270
758 770
237 615
220 692
168 503
245 898
227 834
130 848
316 848
175 294
280 636
318 714
675 794
55 802
220 880
204 902
472 722
204 502
212 703
368 714
183 674
495 983
208 235
37 505
708 735
215 834
227 978
139 503
204 989
4 615
170 864
78 121
495 864
170 751
389 767
46 662
386 503
381 502
29 978
449 640
85 662
73 538
448 912
449 503
516 770
16 270
404 527
43 978
479 864
215 978
168 983
449 567
312 567
495 767
313 723
37 536
220 747
316 722
365 503
313 788
103 442
603 942
440 655
159 767
73 751
387 978
313 802
43 714
479 902
490 561
139 983
387 567
490 723
220 825
532 853
29 503
263 567
459 527
118 983
164 548
487 977
303 767
32 353
440 650
801 805
301 305
189 848
32 425
532 925
588 637
85 802
465 527
265 722
88 323
103 425
372 834
88 137
588 823
56 503
603 925
490 924
321 703
588 773
479 977
321 636
484 527
50 767
50 834
29 767
387 751
313 669
190 636
118 503
56 983
440 536
52 636
88 273
135 751
349 848
355 538
85 851
479 802
487 561
466 864
134 548
178 640
0 527
316 640
387 834
448 503
220 777
365 567
204 825
263 714
53 636
289 834
164 576
164 570
516 621
116 743
381 851
212 983
183 722
269 640
16 121
269 983
386 983
395 714
313 570
245 743
316 978
90 567
464 503
46 723
280 722
220 898
43 848
204 969
204 608
215 983
389 983
479 748
125 983
479 531
46 669
301 408
46 802
329 538
312 714
377 538
204 814
367 978
377 751
479 506
316 834
265 848
220 850
4 743
245 924
4 924
321 536
484 567
128 503
801 908
801 934
250 570
308 848
178 834
395 978
180 640
72 195
572 695
4 802
37 674
135 538
85 674
201 270
701 770
495 640
125 503
572 859
4 636
269 714
270 301
301 434
770 801
46 851
716 794
479 518
237 802
487 636
82 767
484 834
250 640
216 294
269 767
112 636
46 570
261 538
465 714
72 359
381 862
372 978
178 864
190 978
514 516
14 16
479 788
4 674
440 505
245 561
112 864
220 838
312 538
395 767
495 503
479 505
52 722
416 527
311 983
514 716
490 536
367 767
200 714
4 723
37 924
14 216
479 799
321 576
183 703
280 848
261 751
427 751
220 506
367 834
308 722
487 912
199 751
312 751
431 767
487 674
440 748
313 851
437 527
52 834
311 834
52 848
85 536
54 503
464 983
128 983
313 548
588 795
88 295
159 834
377 527
50 978
37 561
313 536
265 898
399 751
400 751
112 576
29 714
381 902
457 767
204 784
303 714
250 576
191 208
691 708
381 880
495 567
84 767
54 983
185 527
46 548
185 767
381 882
250 548
237 864
178 983
215 767
190 767
237 924
215 503
237 548
389 636
306 864
134 848
212 503
196 751
372 567
269 503
55 924
204 898
311 503
448 983
490 548
479 636
190 714
237 799
204 777
189 864
190 983
484 978
255 864
316 983
312 527
265 767
183 636
389 503
96 208
596 708
393 983
212 636
4 561
487 890
185 978
472 983
440 898
178 503
300 305
800 805
289 538
131 294
631 794
55 703
368 527
8 32
508 532
395 674
490 570
303 567
32 442
532 942
43 898
265 674
189 912
52 978
479 723
43 767
47 751
263 527
220 657
204 850
204 506
311 978
55 561
487 576
237 561
1 503
53 722
180 834
245 576
487 703
55 536
180 503
4 703
215 714
46 536
125 834
37 743
516 633
16 133
566 859
440 924
393 503
372 538
431 538
395 983
56 767
16 103
8 294
508 794
516 603
170 538
313 505
178 767
66 359
349 640
708 760
204 692
289 978
313 703
381 518
208 260
381 748
532 631
32 131
381 506
255 722
472 503
204 718
180 983
289 751
440 561
88 172
588 672
381 883
487 536
14 72
514 572
125 767
118 767
280 834
4 977
53 848
311 767
237 723
479 536
185 567
381 662
183 848
209 751
306 722
365 640
245 674
306 848
134 743
393 834
56 834
490 640
372 527
149 751
168 767
381 615
367 567
621 925
294 442
133 201
633 701
794 942
289 567
190 503
479 669
294 425
196 538
372 751
133 258
633 758
255 848
794 925
532 716
84 834
85 718
395 703
32 216
381 703
220 522
208 210
708 710
116 848
388 751
227 714
46 505
448 864
4 912
466 503
37 576
280 864
121 425
316 767
85 505
204 747
130 503
46 703
118 834
125 978
560 805
457 834
220 799
60 305
237 977
269 567
159 978
313 748
487 722
29 567
52 864
400 538
440 743
116 722
479 561
316 714
316 503
118 978
130 983
134 722
180 767
389 567
199 538
53 864
427 538
43 674
237 570
308 503
14 300
514 800
208 242
708 742
399 538
448 767
395 503
431 751
321 722
55 743
178 978
212 567
220 718
265 983
204 650
404 751
46 748
387 714
234 527
215 567
349 864
220 548
180 864
139 767
66 476
566 976
204 548
393 767
220 518
185 834
479 655
164 743
50 567
1 983
265 703
82 834
128 767
53 834
237 890
50 714
43 983
134 503
490 576
588 744
479 851
270 300
770 800
372 714
237 640
313 561
308 983
440 576
88 244
368 751
220 862
85 655
464 767
72 305
572 805
404 538
313 655
190 640
381 650
47 538
280 640
60 121
189 503
306 834
560 621
46 718
349 834
322 714
255 640
204 518
313 718
393 978
588 757
368 538
88 257
440 674
280 978
472 978
220 730
134 983
82 538
457 978
208 266
46 655
322 978
72 408
367 527
208 392
708 892
220 885
159 567
360 527
367 714
365 864
708 766
52 983
85 561
85 748
306 640
466 983
306 978
103 258
37 703
52 714
603 758
381 799
245 834
56 978
321 640
204 838
168 834
572 908
479 924
572 934
54 767
103 201
381 890
603 701
621 758
349 983
46 561
204 657
4 890
185 538
59 208
559 708
4 576
313 924
204 862
220 512
72 434
280 983
149 538
289 527
289 714
316 567
43 703
52 767
386 538
121 258
55 576
349 503
53 978
311 714
220 545
472 767
178 714
55 636
448 834
487 640
472 834
85 924
52 640
128 834
440 834
204 799
381 505
395 636
220 650
82 751
168 978
72 270
381 669
572 770
4 536
473 527
484 714
237 536
193 208
693 708
4 640
322 751
53 640
255 834
265 567
322 538
204 912
459 751
381 655
209 538
159 538
381 718
431 834
90 527
46 924
457 567
479 650
321 864
280 767
118 567
389 640
621 701
185 751
388 538
190 864
381 802
322 567
212 640
464 834
121 201
85 703
349 767
386 767
54 834
159 751
321 848
265 503
332 751
43 503
311 567
82 978
440 978
159 714
303 527
84 978
306 983
245 703
280 503
82 567
52 503
514 560
125 567
139 978
449 527
53 983
245 978
189 983
255 978
381 977
14 60
237 576
183 640
33 751
125 714
479 570
139 834
190 567
112 743
112 978
46 650
386 527
116 503
0 751
560 770
280 714
386 751
220 669
168 567
78 208
85 650
578 708
130 767
60 270
255 983
487 848
313 650
43 567
204 522
159 527
479 880
139 527
116 983
7 208
164 848
85 978
507 708
220 903
133 301
633 801
60 103
139 567
208 376
560 603
708 876
431 567
588 859
85 576
56 567
37 834
245 722
164 722
88 359
393 714
225 408
457 527
479 718
560 633
16 294
516 794
725 908
725 757
472 567
633 800
60 133
133 300
516 532
16 32
621 800
53 767
313 576
54 978
208 418
395 567
708 918
32 258
532 758
225 434
725 934
118 714
306 767
185 714
4 722
134 527
381 636
121 300
457 538
180 978
204 669
234 751
332 538
225 257
33 538
56 714
466 767
50 527
431 527
437 751
82 527
381 864
381 723
46 880
245 848
84 567
183 834
237 743
118 527
4 864
459 538
53 714
306 503
306 714
53 503
130 834
112 640
52 567
32 201
532 701
457 751
180 714
139 538
431 978
393 567
168 527
457 714
37 978
204 730
419 751
255 503
178 567
440 703
204 512
349 978
220 570
66 195
566 695
265 636
255 767
245 714
46 576
381 548
103 300
603 800
440 714
85 880
84 714
389 864
708 853
479 548
313 880
208 353
183 503
183 983
263 751
479 576
1 767
487 864
55 864
313 978
43 636
495 527
139 751
725 976
566 934
215 527
175 208
112 848
225 476
675 708
183 864
128 978
472 714
0 538
204 748
37 722
66 408
220 748
472 527
66 434
204 885
395 640
134 538
263 538
381 561
37 848
386 567
85 834
566 908
258 294
381 570
82 714
758 794
212 864
54 567
168 714
204 655
168 538
220 655
112 834
84 538
204 570
416 751
490 743
29 527
381 924
183 767
349 714
255 714
37 636
419 538
84 751
466 834
130 978
250 743
280 567
168 751
50 751
308 767
381 536
220 883
125 527
437 538
204 545
440 848
313 636
189 767
306 567
367 751
234 538
250 848
367 538
313 864
50 538
440 722
204 903
269 527
220 615
365 527
316 527
464 978
220 882
4 848
308 527
386 978
164 503
46 636
201 294
46 978
701 794
245 767
56 527
32 301
103 301
532 801
53 567
37 714
603 801
479 640
55 722
46 864
220 662
128 567
54 714
112 722
311 527
128 714
245 636
112 983
139 714
416 538
134 751
85 714
431 714
84 527
386 834
118 538
245 983
308 538
164 983
118 751
180 567
255 567
321 503
55 848
54 527
1 538
55 640
134 767
90 751
464 567
130 567
112 714
303 751
208 425
708 925
464 714
440 767
72 133
572 633
313 834
116 767
490 848
321 983
56 751
85 743
134 567
250 983
220 977
487 503
308 567
220 890
220 723
56 538
112 567
204 883
308 978
708 716
631 708
131 208
37 767
250 722
349 567
208 216
322 527
448 714
32 300
532 800
265 640
220 674
464 538
183 978
220 505
37 983
88 476
588 976
360 751
393 527
308 751
1 751
464 751
303 538
237 722
43 640
204 615
204 662
112 767
66 305
566 805
8 208
508 708
90 538
130 714
54 538
440 983
208 442
708 942
220 802
204 882
1 834
250 978
448 978
54 751
128 538
128 751
490 722
85 636
189 834
134 978
183 714
237 848
473 751
125 751
46 834
66 270
112 503
566 770
532 560
245 503
294 300
32 60
794 800
440 636
250 503
14 66
514 566
487 983
37 864
308 834
116 527
204 505
381 576
60 294
560 794
125 538
29 751
313 714
245 567
116 978
621 801
313 743
448 751
695 725
395 864
440 567
294 301
449 751
195 225
794 801
121 301
46 743
448 538
250 527
130 527
85 848
360 538
389 527
204 723
448 567
472 751
116 567
472 538
321 767
37 503
466 978
128 527
85 567
116 834
212 527
37 567
29 538
85 864
52 527
204 977
178 527
4 503
204 802
313 848
204 743
490 983
37 640
265 864
72 103
130 538
321 834
572 603
381 640
46 714
473 538
311 751
130 751
464 527
386 714
32 72
532 572
306 527
215 751
1 567
440 503
250 567
85 767
220 924
55 983
55 834
313 567
85 983
588 934
112 527
220 743
190 527
116 538
479 978
365 751
490 503
88 434
466 714
466 567
466 538
46 848
204 674
245 864
495 751
393 751
245 640
204 890
449 538
1 978
189 538
466 751
311 538
85 722
220 561
487 767
313 983
280 527
88 408
269 751
43 864
55 503
588 908
183 567
220 536
250 767
4 983
189 751
393 538
215 538
116 751
255 527
134 834
53 527
55 978
1 527
204 924
178 751
220 703
250 834
164 767
313 640
46 567
313 767
237 503
46 983
55 767
316 751
308 714
313 722
265 527
46 640
479 848
180 751
381 743
164 538
516 708
16 208
495 538
269 538
487 834
46 722
204 561
440 864
237 983
178 538
365 538
46 767
621 725
121 225
572 621
479 743
164 527
1 714
72 121
180 538
440 640
316 538
588 695
88 195
116 714
212 751
479 983
180 527
72 294
389 751
572 794
208 258
708 758
321 978
490 978
349 527
220 576
85 503
189 978
204 536
164 751
43 527
190 751
189 567
395 527
479 527
204 703
85 640
66 133
566 633
250 714
313 503
490 767
189 714
55 714
479 567
220 636
490 527
134 714
349 751
725 805
225 305
4 767
466 527
201 208
164 567
701 708
46 503
204 576
479 722
313 527
490 567
321 714
164 978
479 834
55 567
204 636
349 538
190 538
490 834
321 567
280 751
479 503
212 538
448 527
389 538
381 848
164 834
66 103
566 603
52 751
395 751
566 621
85 527
725 770
66 121
225 270
46 527
306 751
381 722
255 751
479 767
280 538
479 714
53 751
37 527
208 301
237 767
708 801
603 725
103 225
4 834
245 527
588 770
88 270
487 978
52 538
250 538
189 527
32 66
532 566
220 722
255 538
306 538
440 527
208 300
708 800
265 751
588 805
88 305
204 722
250 751
183 527
220 864
183 751
43 751
633 725
133 225
53 538
395 538
487 714
381 983
560 708
60 208
487 567
490 714
321 751
321 538
514 725
220 848
183 538
14 225
66 294
566 794
487 538
487 751
381 503
321 527
490 538
55 527
164 714
381 978
220 640
204 848
490 751
237 834
204 864
4 538
237 538
112 751
265 538
204 640
514 588
14 88
43 538
4 751
237 978
237 527
4 978
237 567
237 751
112 538
4 567
381 834
72 208
572 708
381 767
588 621
88 121
725 794
225 294
381 567
4 714
487 527
220 834
381 527
220 983
245 751
532 725
88 133
588 633
32 225
37 751
220 503
55 751
88 103
588 603
4 527
237 714
381 714
220 767
55 538
220 978
204 503
204 983
440 751
245 538
479 751
37 538
204 834
479 538
204 767
313 751
88 294
588 794
532 588
32 88
220 714
85 751
46 751
440 538
66 208
566 708
313 538
220 567
204 978
46 538
85 538
381 751
381 538
204 714
204 567
708 725
208 225
220 527
88 208
588 708
204 527
220 751
220 538
204 751
204 538
*
