667 774
167 274
262 410
762 910
712 889
212 389
332 419
832 919
520 791
20 291
867 972
367 472
746 781
884 969
384 469
554 630
54 130
878 930
50 368
550 868
115 383
615 883
860 995
360 495
72 301
572 801
806 816
306 316
132 413
632 913
53 306
378 430
553 806
22 247
518 669
122 335
622 835
0 437
500 937
59 191
559 691
522 747
18 169
338 385
882 903
852 910
352 410
735 762
235 262
838 885
954 970
454 470
142 329
642 829
96 242
596 742
246 281
117 167
617 667
768 863
578 925
78 425
674 730
382 403
61 302
561 802
577 644
36 302
536 802
789 965
289 465
785 910
285 410
590 715
824 858
502 605
90 215
174 230
104 392
604 892
709 888
209 388
707 947
81 152
762 852
262 352
25 358
581 652
183 349
268 363
68 411
123 443
207 447
58 105
822 948
40 108
594 694
683 849
322 448
540 608
62 304
370 405
870 905
230 445
149 400
649 900
558 605
77 144
525 858
94 194
324 358
285 352
785 852
515 926
536 883
84 312
584 812
2 105
157 314
657 814
36 383
8 59
97 182
597 682
562 804
508 559
179 422
679 922
735 910
235 410
911 981
623 943
762 785
262 285
937 973
437 473
802 883
616 639
116 139
15 426
545 989
302 383
8 191
508 691
595 772
617 774
117 274
576 983
76 483
730 945
53 316
93 231
593 731
568 911
590 780
57 161
557 661
296 352
796 852
44 87
553 816
801 925
301 425
544 587
90 280
95 272
642 968
142 468
96 193
596 693
318 493
818 993
508 516
692 814
192 314
58 406
45 489
8 16
87 254
558 906
193 292
693 792
523 627
23 127
544 736
49 98
549 598
274 422
774 922
615 662
115 162
39 471
539 971
207 426
56 118
556 618
411 481
44 236
918 942
418 442
911 989
639 872
646 994
139 372
536 615
659 872
172 436
672 936
159 372
117 179
617 679
36 115
587 754
359 433
193 242
693 742
859 933
445 481
449 459
26 148
526 648
97 450
597 950
83 317
949 959
70 299
583 817
707 926
299 406
799 906
500 973
0 473
945 981
589 871
89 371
20 227
520 727
570 799
542 869
42 369
667 922
167 422
658 985
158 485
411 489
76 424
576 924
312 457
812 957
357 363
857 863
160 205
660 705
158 432
658 932
845 909
555 720
159 457
464 487
964 987
647 930
36 61
536 561
659 957
240 290
740 790
167 179
667 679
147 430
622 996
122 496
350 382
850 882
628 877
659 964
159 464
146 494
128 377
2 70
157 203
565 975
65 475
766 853
458 467
808 887
308 387
625 972
803 811
125 472
329 427
829 927
303 311
266 353
846 926
539 946
39 446
55 311
657 703
829 968
329 468
213 450
713 950
686 992
186 492
100 493
600 993
74 246
286 406
147 401
30 123
662 883
958 967
63 241
162 383
786 906
530 623
860 916
360 416
715 780
215 280
502 570
135 342
459 473
391 470
891 970
959 973
735 852
235 352
541 962
574 746
345 409
635 842
584 957
84 457
101 445
41 462
53 280
65 432
565 932
553 780
230 481
213 470
713 970
679 774
179 274
101 119
55 220
280 306
780 806
782 833
148 221
648 721
601 945
601 619
735 785
235 285
946 971
446 471
147 378
617 922
117 422
600 791
100 291
209 307
709 807
647 878
57 221
557 721
399 437
899 937
350 403
525 824
42 181
542 681
718 743
615 802
551 950
51 450
561 883
647 901
263 311
763 811
115 302
21 309
521 809
234 399
174 445
804 827
177 394
677 894
668 957
168 457
282 333
734 899
125 367
625 867
61 383
25 324
142 427
642 927
18 325
555 811
520 818
20 318
626 917
126 417
156 177
656 677
304 327
2 58
341 439
841 939
568 962
850 903
32 305
518 825
532 805
573 618
138 451
638 951
166 346
186 188
686 688
661 721
161 221
129 272
393 404
33 316
578 801
78 301
587 736
26 221
526 721
502 558
533 632
533 816
595 857
73 118
33 132
346 426
742 758
242 258
629 772
575 768
75 268
87 236
72 425
572 925
84 159
534 756
531 804
5 61
505 561
734 895
584 659
949 995
234 395
449 495
68 462
893 904
81 433
581 933
563 741
37 449
537 949
212 399
836 872
336 372
506 605
510 530
892 918
392 418
272 357
34 256
712 899
106 310
84 464
584 964
587 863
937 959
234 459
437 459
666 846
734 959
52 269
552 769
674 945
76 223
576 723
563 902
727 791
227 291
510 623
835 996
335 496
6 105
606 810
31 304
715 755
389 437
288 310
193 442
693 942
62 327
889 937
590 816
389 399
215 255
90 316
512 838
104 224
262 296
762 796
285 296
785 796
99 109
599 609
95 357
113 221
613 721
20 100
520 600
604 724
639 836
87 363
772 857
9 441
509 941
90 196
12 338
889 899
637 933
360 449
208 294
41 259
860 949
562 827
139 336
706 878
137 433
274 369
774 869
411 462
541 759
730 981
666 929
630 821
590 696
130 321
708 794
822 966
427 468
927 968
819 920
296 410
796 910
966 987
218 243
570 605
322 466
466 487
48 358
584 628
195 305
168 312
668 812
84 128
695 805
891 954
391 454
38 251
538 751
598 829
98 329
307 427
807 927
245 365
590 806
366 368
296 425
796 925
745 865
981 989
90 306
481 489
63 402
34 160
866 868
575 863
745 889
506 570
171 444
157 173
278 347
632 696
319 420
58 70
132 196
604 918
245 389
707 846
6 70
68 101
671 944
104 418
6 58
287 410
787 910
262 287
762 787
206 378
768 857
166 429
101 326
601 826
98 468
598 968
173 338
633 695
133 195
568 601
534 660
30 443
529 755
780 816
778 847
502 506
100 318
600 818
10 30
280 316
657 673
659 812
159 312
29 255
2 6
916 995
601 911
416 495
287 352
787 852
178 311
678 811
75 363
70 105
68 481
568 981
788 810
10 123
517 858
7 296
507 796
791 818
291 318
733 879
233 379
670 676
170 176
574 781
268 357
182 450
682 950
35 256
74 281
279 417
779 917
530 943
911 962
598 642
98 142
841 963
341 463
673 838
207 346
242 442
742 942
515 846
58 299
529 635
700 887
200 387
273 323
506 558
29 135
15 346
17 358
101 411
792 918
292 418
387 465
887 965
917 980
417 480
67 478
567 978
282 340
330 489
964 966
464 466
135 303
535 756
590 632
90 132
578 796
78 296
635 803
844 869
344 369
190 269
690 769
215 316
830 989
715 816
155 362
44 254
517 793
655 862
778 929
426 447
217 228
717 728
17 293
409 497
516 691
558 799
767 848
267 348
16 191
700 965
200 465
25 48
706 930
206 430
128 312
448 466
599 671
948 966
558 570
193 418
693 918
628 812
544 754
551 960
51 460
782 840
773 823
131 392
631 892
657 692
212 437
276 428
776 928
607 856
107 356
59 392
559 892
712 937
583 874
83 374
601 981
449 473
949 973
892 942
392 442
552 690
52 190
55 303
101 481
346 429
909 997
605 906
924 983
424 483
278 429
548 858
97 213
597 713
105 406
614 738
500 899
0 399
157 192
196 316
727 818
227 318
58 286
558 786
211 416
46 313
926 947
546 813
696 816
525 548
286 299
213 454
713 954
848 862
711 916
587 768
182 213
682 713
911 945
51 213
551 713
53 90
215 306
715 806
37 473
365 389
119 326
22 384
522 884
899 959
537 973
0 389
53 196
399 459
114 238
559 800
8 300
97 454
597 954
508 800
562 738
62 238
865 889
553 590
665 681
165 181
551 569
51 69
807 888
307 388
59 300
500 889
70 406
198 346
163 353
747 884
677 915
177 415
23 138
523 638
107 221
607 721
691 892
191 392
579 619
663 853
96 292
596 792
264 370
764 870
563 571
786 799
263 303
376 461
876 961
763 803
669 825
545 911
712 734
595 863
577 824
212 234
312 377
182 453
682 953
812 877
582 789
82 289
533 913
577 858
77 324
574 782
348 362
553 696
33 413
530 687
30 187
167 369
667 869
616 872
516 559
619 826
846 929
77 358
753 857
203 314
626 785
126 285
824 958
116 372
16 59
830 981
330 481
542 922
42 422
63 71
632 816
107 343
607 843
55 178
247 384
500 865
696 780
132 316
0 365
82 493
582 993
352 417
852 917
169 325
561 615
196 280
74 282
371 407
871 907
96 258
596 758
123 252
833 840
61 115
69 460
569 960
79 119
570 906
517 525
823 933
555 803
703 814
181 475
681 975
532 695
32 195
68 489
623 752
196 306
152 433
830 911
324 458
696 806
79 326
696 913
575 857
729 897
229 397
795 805
295 305
99 171
849 893
712 745
196 413
372 457
584 668
613 661
113 161
84 168
17 25
750 761
872 957
901 930
95 363
518 722
652 933
728 961
228 461
568 826
212 245
865 900
698 846
68 326
188 461
688 961
578 785
78 285
713 960
213 460
764 891
264 391
365 400
349 393
78 126
578 626
5 302
505 802
237 308
723 983
223 483
296 480
796 980
401 430
333 340
737 808
411 445
542 774
42 274
626 852
126 352
87 268
597 970
97 470
173 314
526 891
26 391
535 738
712 895
749 836
249 336
212 395
450 470
950 970
336 373
836 873
626 796
126 296
555 678
512 885
143 435
643 935
673 814
75 357
*
*
