num branch_node: 7
num leaf_node: 8
num feature: 57
tree_depth: 3
num label: 2
nDC: 2432

***variables
a: 1 - 399 -> 399
s: 400 - 32606 -> 32207
z: 32607 - 69414 -> 36808
g: 69415 - 69430 -> 16
x: 69431 - 78632 -> 9202
ml: 78633 - 80344 -> 1712
cl: 80345 - 81852 -> 1508

variables***
[debug] --> CL ML ratio 3
the cl header --> p wcnf 81852 3808028 6237

timeout 900s ~/SAT_Project/loandra-master/loandra_static -pmreslin-cglim=30 -weight-strategy=1 -print-model -verbosity=1 ./solutions/spam_0.1_mc0.7_s2352_r3/phase_1_clauses_final >./solutions/spam_0.1_mc0.7_s2352_r3/phase_1_loandra_res

Start to read loandra res
*loandra status: SATISFIABLE
-ml sat and violated: 1359 | 353  | total #ml: 1712 | -violated weight: 353
14 -- [1654 1511]
15 -- [1508 1032]
19 -- [2089 2076]
24 -- [3206 3986]
31 -- [599 664]
34 -- [1220  993]
39 -- [4336 2693]
40 -- [3301 4353]
61 -- [144 881]
62 -- [4121 3505]
63 -- [2124 2621]
65 -- [4372 3299]
66 -- [ 379 1463]
70 -- [4166 2495]
73 -- [1535 1138]
76 -- [4198 3814]
79 -- [645 685]
80 -- [3741 1883]
83 -- [1938 2938]
86 -- [3430 2441]
90 -- [619 407]
103 -- [4067 4375]
111 -- [3690 4479]
113 -- [ 750 1594]
115 -- [1654  233]
116 -- [635   6]
121 -- [1111  680]
125 -- [1585  551]
126 -- [1574 1581]
149 -- [1405  189]
157 -- [  57 1229]
172 -- [1005  163]
173 -- [2095 3622]
177 -- [1760  233]
182 -- [1821 3568]
186 -- [2087 1927]
187 -- [3050 4215]
189 -- [3642 2326]
195 -- [3872 4420]
201 -- [  57 1025]
204 -- [2381 2554]
205 -- [3197 2871]
207 -- [ 152 1226]
213 -- [294 742]
219 -- [1723  116]
221 -- [ 391 1704]
228 -- [4137 3235]
229 -- [ 516 1017]
233 -- [403  26]
237 -- [4388 4025]
238 -- [2661 1888]
245 -- [4369 2393]
246 -- [3430 4519]
247 -- [4082 2663]
254 -- [1985 3657]
256 -- [212 429]
257 -- [3307 4426]
259 -- [544 620]
261 -- [3356 2256]
269 -- [2735 2386]
270 -- [1399 1317]
275 -- [2838 2416]
279 -- [3607 3217]
284 -- [2680 2838]
294 -- [1514  730]
300 -- [ 650 1559]
306 -- [ 998 1410]
309 -- [1227 1292]
319 -- [2950 2538]
320 -- [2528 1872]
327 -- [1938 3277]
333 -- [1555 1727]
336 -- [873 588]
345 -- [4485 4072]
347 -- [2171 3059]
352 -- [ 399 1788]
355 -- [3923 4128]
356 -- [3188 4446]
362 -- [ 352 1560]
365 -- [1529  740]
369 -- [3526 3593]
370 -- [2189 3299]
378 -- [2436 3216]
383 -- [ 182 1108]
385 -- [3523 4137]
390 -- [3292 3427]
395 -- [2144 2304]
398 -- [2280 3805]
402 -- [3408 1886]
403 -- [2364 4097]
404 -- [2194 4461]
423 -- [3014 4502]
429 -- [4173 3185]
430 -- [454 792]
433 -- [1138 1563]
434 -- [611 634]
435 -- [2804 3738]
439 -- [1803 1721]
449 -- [1159  157]
453 -- [2370 3864]
457 -- [2064 2534]
464 -- [ 373 1594]
465 -- [3945 3922]
468 -- [ 412 1205]
479 -- [1722  502]
488 -- [3985 3206]
489 -- [1469  390]
491 -- [1641 1481]
498 -- [4463 3986]
501 -- [3978 4315]
510 -- [3428 2963]
516 -- [2342 2377]
517 -- [2461 1898]
520 -- [ 357 1387]
521 -- [403 525]
524 -- [3023 2791]
525 -- [852 543]
528 -- [ 206 1223]
531 -- [2826 2959]
533 -- [531 916]
534 -- [4138 3593]
538 -- [2016 4289]
545 -- [2382 4341]
552 -- [829 358]
554 -- [4012 3696]
561 -- [931 805]
572 -- [2772 2508]
574 -- [1675   84]
579 -- [2177 1890]
583 -- [1425 1677]
599 -- [2305 4470]
600 -- [592 117]
604 -- [3289 4076]
610 -- [2764 2809]
615 -- [786 324]
618 -- [1469 1284]
620 -- [3329 3233]
621 -- [4211 4541]
624 -- [241 781]
628 -- [ 719 1545]
634 -- [1488 1005]
635 -- [3197 2782]
637 -- [4485 3067]
639 -- [ 833 1265]
645 -- [693 152]
651 -- [304 886]
653 -- [2163 2588]
654 -- [ 245 1752]
656 -- [2411 2389]
662 -- [1571  473]
672 -- [2220 3325]
688 -- [4398 4258]
696 -- [2412 2865]
699 -- [3452 1979]
705 -- [3499 3821]
706 -- [3310 3022]
707 -- [1178  166]
714 -- [1056  519]
733 -- [1789 1413]
735 -- [4336 1952]
737 -- [4405 3233]
748 -- [4337 3483]
753 -- [2353 2809]
758 -- [2507 3190]
775 -- [3441 2830]
780 -- [ 455 1435]
783 -- [3228 2157]
792 -- [1091  687]
794 -- [4359 1971]
797 -- [4134 2284]
803 -- [ 597 1220]
807 -- [4358 3026]
834 -- [1415 1512]
843 -- [1932 3430]
845 -- [978 131]
849 -- [2826 2563]
850 -- [3738 4346]
865 -- [1365 1783]
869 -- [4459 2718]
870 -- [764 303]
873 -- [1377 1062]
875 -- [3653 3059]
884 -- [2076 3531]
903 -- [1901 2508]
904 -- [3337 1887]
909 -- [963 587]
910 -- [4307 4479]
911 -- [3174 4502]
926 -- [1342  263]
929 -- [628 860]
930 -- [2830 2077]
932 -- [1658  168]
933 -- [184 628]
936 -- [3934 3072]
954 -- [ 319 1396]
959 -- [2708 1860]
961 -- [ 967 1172]
968 -- [1412 1376]
970 -- [2540 2932]
971 -- [1706 1797]
979 -- [4138 4034]
980 -- [1455 1254]
983 -- [2315 3405]
984 -- [211 270]
987 -- [1614  377]
988 -- [4133 2392]
990 -- [4415 3009]
993 -- [1511  540]
998 -- [1219 1476]
999 -- [3382 4072]
1004 -- [2695 2322]
1007 -- [1199  768]
1008 -- [2473 3233]
1025 -- [1643 1463]
1038 -- [4002 4597]
1043 -- [2305 3552]
1044 -- [4264 4134]
1049 -- [1292 1032]
1050 -- [3958 1821]
1057 -- [ 325 1673]
1060 -- [2226 1895]
1063 -- [4455 4231]
1067 -- [431 677]
1072 -- [4055 2523]
1082 -- [3879 2392]
1085 -- [2177 2250]
1086 -- [3392 4134]
1091 -- [1182 1205]
1095 -- [1508  732]
1101 -- [773 273]
1107 -- [4570 3417]
1112 -- [2382 2033]
1116 -- [1199 1425]
1117 -- [1886 3080]
1126 -- [4104 2917]
1129 -- [659 974]
1134 -- [ 357 1289]
1135 -- [2884 4332]
1139 -- [3135 4055]
1141 -- [4299 4095]
1146 -- [1233  884]
1150 -- [ 886 1595]
1154 -- [2388 2931]
1155 -- [3501 2464]
1156 -- [620 859]
1162 -- [1255 1090]
1186 -- [1721  576]
1188 -- [2241 2304]
1190 -- [3326 2659]
1193 -- [2743 4415]
1195 -- [158 647]
1197 -- [2873 1993]
1199 -- [4231 2899]
1201 -- [ 53 478]
1208 -- [1382  959]
1216 -- [2632 3156]
1217 -- [2204 2323]
1222 -- [2884 2706]
1225 -- [ 536 1383]
1233 -- [3671 2545]
1243 -- [3085 2914]
1244 -- [1677  115]
1246 -- [1007 1233]
1248 -- [1451 1110]
1249 -- [198 916]
1250 -- [1723 1256]
1251 -- [2908 3966]
1263 -- [128   7]
1269 -- [2791 3498]
1271 -- [1605 1645]
1273 -- [2227 2302]
1278 -- [482 179]
1279 -- [ 634 1165]
1282 -- [609 152]
1284 -- [456 635]
1299 -- [ 574 1652]
1303 -- [2638 3244]
1306 -- [3957 2609]
1322 -- [3790 4211]
1328 -- [ 907 1109]
1330 -- [2753 1932]
1334 -- [1003   78]
1337 -- [3839 2988]
1344 -- [2634 4473]
1347 -- [199 826]
1359 -- [3962 4353]
1361 -- [4541 4415]
1366 -- [1287  776]
1367 -- [436 746]
1376 -- [2529 3217]
1380 -- [ 317 1446]
1384 -- [3289 3048]
1386 -- [38 92]
1388 -- [4453 2164]
1391 -- [ 824 1628]
1402 -- [2945 2815]
1405 -- [358 159]
1418 -- [2054 3570]
1420 -- [1276  805]
1424 -- [4571 3356]
1448 -- [  74 1571]
1451 -- [2262 2010]
1453 -- [2412 2160]
1454 -- [666 465]
1455 -- [2364 3250]
1461 -- [ 591 1414]
1463 -- [130 596]
1473 -- [3612 4325]
1474 -- [4284 2456]
1478 -- [1050  351]
1484 -- [2594 3196]
1491 -- [283 214]
1493 -- [2615 2539]
1503 -- [3508 4597]
1504 -- [2299 2495]
1505 -- [4137 3919]
1506 -- [2952 4347]
1516 -- [1565  634]
1517 -- [4192 4502]
1524 -- [2710 2171]
1535 -- [970 645]
1539 -- [2436 4038]
1541 -- [2679 4196]
1546 -- [1494  380]
1550 -- [1080  478]
1556 -- [3290 3356]
1562 -- [293 856]
1563 -- [294 301]
1570 -- [3883 3840]
1573 -- [2528 2622]
1576 -- [1585 1202]
1595 -- [3206 1966]
1596 -- [2687 4067]
1609 -- [1245  106]
1615 -- [2891 3839]
1617 -- [2931 2619]
1632 -- [1070  166]
1633 -- [  38 1250]
1653 -- [4377 3372]
1658 -- [2528 2583]
1661 -- [1111   27]
1662 -- [1055 1691]
1666 -- [ 32 323]
1668 -- [364 704]
1675 -- [2583 2930]
1676 -- [4023 4453]
1680 -- [2861 2334]
1688 -- [ 899 1151]
1692 -- [3571 1961]
1696 -- [1513 1472]
1697 -- [3278 3821]
1705 -- [1897 4231]
1711 -- [1047  877]
-cl sat and violated: 1128 | 380  | total #cl: 1508 | -violated weight: 1140
2 -- [1687 3645]
6 -- [4386  311]
13 -- [ 783 2451]
16 -- [3518 1363]
17 -- [3738  700]
19 -- [  39 3743]
25 -- [3663  593]
32 -- [3238 1399]
37 -- [1239 4398]
45 -- [ 351 2571]
49 -- [1126 3589]
56 -- [1587 2689]
60 -- [ 791 3196]
61 -- [3459 1531]
71 -- [2147  588]
72 -- [ 329 2166]
73 -- [1617 4457]
80 -- [4510 1201]
81 -- [4170 1424]
82 -- [2962 1808]
83 -- [2049 1039]
85 -- [2249 1508]
93 -- [1711 4374]
94 -- [1036 1989]
95 -- [  72 3598]
98 -- [2703 1645]
103 -- [4540 1623]
106 -- [3309 1311]
112 -- [4108 1745]
114 -- [ 139 3134]
116 -- [2036  679]
118 -- [2016 1646]
119 -- [4056 1709]
120 -- [1866  919]
122 -- [ 530 2495]
124 -- [1525 2921]
129 -- [1113 1905]
138 -- [3189 1342]
146 -- [1553 3192]
149 -- [2194 1711]
153 -- [ 592 3225]
160 -- [3774 1220]
163 -- [3426  256]
166 -- [3451 1279]
168 -- [3938  504]
178 -- [ 399 2387]
186 -- [3979 1487]
189 -- [2651  500]
191 -- [ 777 3143]
197 -- [ 550 2975]
198 -- [1789 2205]
204 -- [4012 1780]
206 -- [ 868 3292]
207 -- [2224 1017]
211 -- [1925  675]
215 -- [1090 3626]
217 -- [1686 4420]
220 -- [2703  378]
227 -- [1723 3319]
229 -- [ 282 2315]
230 -- [ 189 3043]
232 -- [1951 1782]
234 -- [2972  157]
237 -- [ 376 2931]
238 -- [  81 3963]
239 -- [ 675 2374]
245 -- [3052  391]
246 -- [2028 1109]
248 -- [ 631 1838]
250 -- [ 778 3217]
255 -- [2734  381]
261 -- [1773 3597]
265 -- [1332 2063]
274 -- [1504 2284]
276 -- [3417  519]
277 -- [2751 1726]
282 -- [3892  216]
286 -- [4410 1553]
290 -- [ 322 3180]
294 -- [1225 2532]
300 -- [4180   87]
301 -- [3597  860]
304 -- [3650 1131]
307 -- [4415  122]
309 -- [ 737 3413]
312 -- [3031  360]
313 -- [1086 2326]
316 -- [4127 1257]
318 -- [1635 2756]
319 -- [3136  893]
320 -- [4064  905]
322 -- [ 180 3526]
323 -- [3499  773]
330 -- [2661  728]
334 -- [3138  547]
337 -- [1015 2952]
338 -- [ 519 3949]
340 -- [4141  963]
348 -- [1649 4596]
351 -- [2809 1772]
356 -- [2883   59]
365 -- [3164 1746]
366 -- [ 194 3076]
370 -- [1326 2417]
372 -- [2512 1484]
374 -- [1999  250]
377 -- [1646 2071]
378 -- [3526  161]
380 -- [2226  288]
384 -- [ 664 4139]
389 -- [3615  916]
390 -- [ 586 3549]
394 -- [2291 1773]
397 -- [2166 1185]
400 -- [ 666 2490]
401 -- [2790   47]
402 -- [3583 1711]
405 -- [1717 2441]
406 -- [1800 2463]
410 -- [1774 3628]
417 -- [3488  595]
420 -- [2900  433]
423 -- [3788 1504]
425 -- [3439   71]
426 -- [4206 1327]
434 -- [ 462 1813]
436 -- [ 770 4471]
437 -- [ 478 4550]
439 -- [ 773 3061]
448 -- [2364  287]
454 -- [ 380 4446]
465 -- [2364 1003]
467 -- [3393  824]
473 -- [   0 3644]
484 -- [2156  546]
486 -- [3496 1762]
488 -- [3757  159]
489 -- [ 824 2281]
498 -- [3234  619]
505 -- [1318 3055]
506 -- [1931 1759]
515 -- [4218 1775]
517 -- [3016  545]
526 -- [1727 2543]
528 -- [   0 2212]
532 -- [1585 3938]
534 -- [1506 2738]
539 -- [3535  617]
554 -- [ 308 3429]
555 -- [4208 1205]
564 -- [ 585 2595]
566 -- [1188 4220]
568 -- [2845  381]
578 -- [2589 1723]
580 -- [ 749 2538]
582 -- [ 785 3930]
594 -- [   5 3216]
598 -- [ 945 3440]
599 -- [1745 3746]
604 -- [1852 1414]
608 -- [ 225 4107]
609 -- [ 569 2615]
615 -- [3463  167]
618 -- [ 152 4004]
621 -- [ 119 3426]
623 -- [1902 1560]
631 -- [2815 1675]
635 -- [4128  967]
637 -- [ 192 2480]
644 -- [2557  453]
650 -- [4137  129]
651 -- [1396 2655]
655 -- [1757 3872]
664 -- [4260 1383]
667 -- [4550  661]
668 -- [1357 2259]
669 -- [4055  464]
671 -- [2491  568]
672 -- [2788  585]
677 -- [1225 1828]
678 -- [3704  751]
679 -- [1705 4547]
681 -- [3345 1334]
682 -- [2083   72]
683 -- [ 454 2081]
684 -- [4057  216]
686 -- [ 762 4079]
694 -- [1616 2840]
696 -- [1373 2118]
702 -- [3863  681]
703 -- [1587 2079]
707 -- [1456 4536]
713 -- [2784 1232]
717 -- [ 358 4515]
718 -- [2142 1652]
720 -- [1109 3245]
721 -- [  23 2614]
724 -- [2803 1350]
727 -- [4183  546]
734 -- [1517 3840]
740 -- [ 552 4126]
743 -- [2235  727]
747 -- [ 455 2703]
748 -- [ 608 3615]
761 -- [1789 4483]
766 -- [ 107 3979]
770 -- [ 627 4245]
774 -- [3611 1424]
781 -- [4438 1270]
786 -- [2076  474]
793 -- [1560 3241]
798 -- [2738  438]
801 -- [3126 1658]
806 -- [2592  848]
808 -- [ 164 2049]
811 -- [3408 1281]
820 -- [ 500 4407]
827 -- [4212  622]
829 -- [4152 1494]
833 -- [1714 3028]
836 -- [3166  957]
837 -- [3984 1234]
845 -- [ 602 3502]
847 -- [4280  570]
852 -- [3032 1038]
853 -- [ 650 3710]
862 -- [1257 3463]
863 -- [1545 2395]
870 -- [1205 2787]
871 -- [2004  433]
873 -- [3761  235]
880 -- [4234  214]
884 -- [ 860 3618]
885 -- [2307 1399]
887 -- [2642  325]
888 -- [2500  533]
896 -- [  58 3956]
901 -- [1686 3425]
903 -- [2049 1565]
907 -- [ 121 3430]
909 -- [2773  214]
913 -- [1223 1910]
933 -- [ 638 2461]
938 -- [1526 2634]
939 -- [ 701 3360]
943 -- [3074 1550]
944 -- [3893  399]
946 -- [4002  138]
949 -- [ 735 2040]
955 -- [2536  567]
958 -- [ 997 3512]
964 -- [4557  533]
967 -- [ 637 2197]
975 -- [1933  858]
976 -- [1408 2259]
978 -- [ 188 2722]
980 -- [ 838 2930]
983 -- [1695 3787]
987 -- [3886  998]
999 -- [ 174 2713]
1001 -- [ 453 2472]
1013 -- [1865  481]
1021 -- [3309 1322]
1022 -- [  78 1929]
1029 -- [3485 1111]
1034 -- [ 378 3402]
1036 -- [4499  189]
1037 -- [1562 2757]
1038 -- [ 868 4241]
1044 -- [4321 1028]
1045 -- [3276  567]
1050 -- [ 683 3664]
1056 -- [3518   54]
1059 -- [1321 1920]
1060 -- [ 545 3213]
1063 -- [2076  760]
1066 -- [1623 3876]
1067 -- [3631 1488]
1075 -- [1695 3538]
1076 -- [2215  992]
1077 -- [1493 3197]
1079 -- [1569 2491]
1080 -- [ 166 3024]
1084 -- [4467  519]
1085 -- [1636 4092]
1092 -- [4329  770]
1094 -- [ 594 4474]
1096 -- [1550 3904]
1097 -- [4183 1198]
1112 -- [1498 4126]
1113 -- [ 675 3177]
1115 -- [3461 1789]
1128 -- [4597  452]
1132 -- [ 381 4555]
1133 -- [1236 3067]
1144 -- [3578 1301]
1151 -- [2304  572]
1152 -- [2943   15]
1153 -- [1011 2299]
1154 -- [2965 1804]
1161 -- [1336 2807]
1163 -- [3674 1233]
1166 -- [2644  172]
1168 -- [3183 1132]
1172 -- [ 146 4387]
1174 -- [2476 1188]
1176 -- [3026 1443]
1178 -- [ 793 4134]
1181 -- [2644 1450]
1193 -- [1796 1985]
1200 -- [1412 3744]
1215 -- [2830  128]
1219 -- [ 546 4532]
1225 -- [4383    0]
1232 -- [  14 2870]
1235 -- [1668 3429]
1244 -- [3043  445]
1248 -- [3777  683]
1249 -- [4157   71]
1250 -- [ 391 3074]
1263 -- [ 273 4335]
1265 -- [4400 1739]
1270 -- [1016 3843]
1274 -- [ 743 3275]
1276 -- [3239  236]
1279 -- [1111 2104]
1294 -- [4098 1789]
1296 -- [3678 1429]
1297 -- [1002 4453]
1300 -- [ 166 2622]
1302 -- [2672   57]
1308 -- [ 150 2141]
1314 -- [ 751 3642]
1319 -- [1382 3621]
1320 -- [2474  351]
1339 -- [4458  891]
1340 -- [ 751 2706]
1346 -- [1371 2068]
1347 -- [ 620 4398]
1350 -- [3603  666]
1357 -- [3841 1198]
1360 -- [ 194 2838]
1361 -- [4594  139]
1363 -- [1553 3622]
1368 -- [ 429 2569]
1369 -- [2064 1646]
1372 -- [1100 3626]
1375 -- [3918  436]
1379 -- [4221 1012]
1390 -- [4447  463]
1395 -- [4036 1685]
1400 -- [1287 2964]
1403 -- [2031  131]
1411 -- [1038 2443]
1412 -- [2597  777]
1413 -- [4303  305]
1414 -- [1145 3290]
1417 -- [ 147 2060]
1420 -- [1865  858]
1425 -- [1746 3887]
1427 -- [1668 4136]
1433 -- [4105  233]
1438 -- [2507 1711]
1441 -- [2196 1301]
1443 -- [1710 2499]
1444 -- [3306 1804]
1446 -- [1617 3574]
1455 -- [3742  359]
1460 -- [3816 1663]
1467 -- [4347 1774]
1468 -- [1553 2322]
1473 -- [2976 1429]
1475 -- [1951  705]
1478 -- [4543 1560]
1486 -- [3219 1623]
1492 -- [ 543 2804]
1496 -- [4552  397]
1500 -- [2574  843]
1503 -- [4558 1220]
1506 -- [1466 2952]
7 -time: 0.02230 -dim: (11172, 2)
8 -time: 0.00013 -dim: (7, 57)
9 -time: 4.07304 -dim: (1835400, 3)
10 -time: 5.85257 -dim: (1730141, 3)
11_12 -time: 0.19839 -dim: [110424, 2]
13 -time: 0.08045 -dim: (36808, 4)
14_15 -time: 0.03726 -dim: [798, 2]
16 -time: 0.00002 -dim: (0, 2)
17_18 -time: 0.40399 -dim: [73616, 3]
19 -time: 0.00013 -dim: (1, 1)
20 -time: 0.28613 -dim: (0, 4601)
21 -time: 0.00085 -dim: (1, 4601)
22 -time: 0.00005 -dim: (1508, 3)
23 -time: 0.00002 -dim: (1508, 3)
24 -time: 0.00003 -dim: (0, 5)
25 -time: 0.00005 -dim: (1712, 3)
26 -time: 0.00004 -dim: (1712, 3)
smtPr 22-26 -time: 0.01086 -dim: nan
slvr_header -time: 1.31857 -dim: nan
*solver* -time: 900.06173 -dim: nan
res_read -time: 0.02743 -dim: nan
-- SUM CL TIME: 10.96631          |  SUM other TIME: 901.40773          |  SUM TIME: 912.37404
