num branch_node: 7
num leaf_node: 8
num feature: 57
tree_depth: 3
num label: 2
nDC: 2432

***variables
a: 1 - 399 -> 399
s: 400 - 32606 -> 32207
z: 32607 - 69414 -> 36808
g: 69415 - 69430 -> 16
x: 69431 - 78632 -> 9202
ml: 78633 - 82898 -> 4266
cl: 82899 - 86683 -> 3785

variables***
[debug] --> CL ML ratio 5
the cl header --> p wcnf 86683 3822521 23192

timeout 900s ~/SAT_Project/loandra-master/loandra_static -pmreslin-cglim=30 -weight-strategy=1 -print-model -verbosity=1 ./solutions/spam_0.1_mc1.75_s2352_r5/phase_1_clauses_final >./solutions/spam_0.1_mc1.75_s2352_r5/phase_1_loandra_res

Start to read loandra res
*loandra status: SATISFIABLE
-ml sat and violated: 2199 | 2067  | total #ml: 4266 | -violated weight: 2067
0 -- [2185 3952]
1 -- [2919 3655]
4 -- [2715 2444]
7 -- [1980 2746]
10 -- [3271 3692]
11 -- [ 388 1634]
15 -- [1508 1032]
17 -- [2394 3638]
19 -- [2089 2076]
23 -- [154 247]
24 -- [3206 3986]
27 -- [1683 1778]
28 -- [2877 4373]
31 -- [599 664]
33 -- [3815 2522]
35 -- [3381 1957]
36 -- [2110 2490]
38 -- [1705  437]
40 -- [3301 4353]
41 -- [4312 3456]
44 -- [3471 3416]
45 -- [1361  524]
47 -- [ 804 1193]
48 -- [3415 3724]
49 -- [3542 2716]
51 -- [1384  610]
52 -- [3731 4222]
53 -- [3785 3696]
54 -- [3241 2582]
57 -- [3338 3746]
60 -- [3328 3332]
62 -- [4121 3505]
66 -- [ 379 1463]
72 -- [3064 3685]
73 -- [1535 1138]
74 -- [2078 2723]
75 -- [1851 2663]
76 -- [4198 3814]
77 -- [3244 2034]
78 -- [1876 3030]
80 -- [3741 1883]
82 -- [ 828 1103]
83 -- [1938 2938]
84 -- [3334 3996]
86 -- [3430 2441]
88 -- [3009 2786]
90 -- [619 407]
91 -- [251 270]
95 -- [3798 2479]
96 -- [3922 3925]
97 -- [4047 3616]
98 -- [4108 3603]
99 -- [2851 2165]
102 -- [4535 2902]
104 -- [3164 4271]
105 -- [3361 4384]
108 -- [2874 3097]
109 -- [1230  305]
112 -- [3246 1818]
115 -- [1654  233]
116 -- [635   6]
118 -- [ 418 1314]
119 -- [736  54]
120 -- [1798  628]
121 -- [1111  680]
124 -- [138 199]
128 -- [2869 2011]
129 -- [4472 2941]
131 -- [2556 2561]
134 -- [ 490 1020]
140 -- [159 686]
142 -- [2137 4562]
143 -- [4013 2521]
149 -- [1405  189]
150 -- [3291 4355]
153 -- [4028 4551]
156 -- [3108 2135]
157 -- [  57 1229]
161 -- [1601 1048]
162 -- [ 549 1040]
165 -- [2016 4514]
166 -- [3432 3933]
167 -- [3718 3930]
168 -- [2405 4115]
171 -- [4520 3109]
173 -- [2095 3622]
174 -- [4472 3464]
175 -- [4565 4495]
176 -- [3633 2071]
177 -- [1760  233]
180 -- [1914 4536]
181 -- [3584 4308]
185 -- [1647  899]
187 -- [3050 4215]
188 -- [1754 1258]
190 -- [505 346]
191 -- [3489 4489]
193 -- [2524 2574]
197 -- [3272 3564]
198 -- [2799 4046]
199 -- [3916 2594]
200 -- [884 825]
201 -- [  57 1025]
202 -- [742 193]
203 -- [2278 1853]
204 -- [2381 2554]
211 -- [2244 2889]
212 -- [4015 2319]
213 -- [294 742]
214 -- [4218 3511]
215 -- [2421 4588]
218 -- [3181 2228]
219 -- [1723  116]
220 -- [3100 4523]
228 -- [4137 3235]
230 -- [3304 3700]
232 -- [4278 4185]
233 -- [403  26]
235 -- [3141 4189]
236 -- [1983 2958]
242 -- [2961 2277]
243 -- [2776 1984]
245 -- [4369 2393]
246 -- [3430 4519]
248 -- [3614 2045]
249 -- [4467 4038]
250 -- [4033 4150]
252 -- [4058 3411]
253 -- [3989 3260]
255 -- [2291 3995]
258 -- [4383 2469]
260 -- [4524 1930]
263 -- [4364 1945]
266 -- [2275 2314]
270 -- [1399 1317]
271 -- [ 253 1325]
273 -- [723 646]
275 -- [2838 2416]
277 -- [2458 3726]
280 -- [4268 3982]
281 -- [1476  894]
282 -- [3368 4112]
283 -- [2783 3596]
284 -- [2680 2838]
285 -- [4416 3034]
288 -- [ 703 1656]
290 -- [ 133 1094]
297 -- [3730 3741]
299 -- [3532 3479]
300 -- [ 650 1559]
301 -- [2827 4435]
302 -- [1187  380]
303 -- [552 269]
305 -- [1299 1224]
306 -- [ 998 1410]
307 -- [4338 4079]
308 -- [1578 1307]
309 -- [1227 1292]
310 -- [2793 3174]
311 -- [3957 3678]
312 -- [2188 3158]
318 -- [3348 3199]
319 -- [2950 2538]
321 -- [1791 1626]
323 -- [2005 2973]
328 -- [3424 3065]
334 -- [1976 3532]
335 -- [4139 2843]
336 -- [873 588]
337 -- [4445 2323]
339 -- [2030 3767]
341 -- [4040 4467]
343 -- [4339 3565]
346 -- [3731 3541]
348 -- [2504 1902]
353 -- [463 969]
356 -- [3188 4446]
359 -- [3662 2757]
364 -- [2581 3108]
366 -- [2978 2649]
368 -- [2927 2171]
371 -- [654   6]
373 -- [1929 3100]
377 -- [2876 3453]
381 -- [ 852 1421]
382 -- [3562 4291]
384 -- [1467 1735]
387 -- [3842 2452]
389 -- [3853 1829]
390 -- [3292 3427]
391 -- [3071 4164]
392 -- [3699 3295]
393 -- [3291 1894]
394 -- [3143 2997]
397 -- [ 49 750]
400 -- [2176 3425]
401 -- [220 376]
402 -- [3408 1886]
403 -- [2364 4097]
404 -- [2194 4461]
406 -- [3293 4061]
408 -- [4195 2532]
409 -- [1338 1604]
410 -- [ 987 1497]
411 -- [ 110 1608]
412 -- [3108 3191]
414 -- [803 209]
418 -- [1945 3975]
421 -- [3703 1877]
422 -- [232 782]
423 -- [3014 4502]
424 -- [3345 3375]
425 -- [3112 4523]
427 -- [3737 2784]
429 -- [4173 3185]
431 -- [1329  710]
432 -- [4120 2878]
434 -- [611 634]
436 -- [1213 1178]
439 -- [1803 1721]
440 -- [3350 2648]
441 -- [3544 2362]
443 -- [4166 3280]
445 -- [1175 1307]
449 -- [1159  157]
450 -- [ 423 1543]
451 -- [2323 2141]
454 -- [1428  331]
455 -- [4348 4198]
456 -- [2995 3665]
458 -- [1876 2344]
459 -- [2428 2566]
461 -- [2020 2655]
462 -- [ 299 1467]
465 -- [3945 3922]
466 -- [3841 2689]
470 -- [ 480 1178]
473 -- [1914 2042]
475 -- [2203 3673]
477 -- [2417 2852]
478 -- [4277 4545]
489 -- [1469  390]
490 -- [ 825 1295]
491 -- [1641 1481]
492 -- [4246 1972]
493 -- [4118 2403]
495 -- [2542 4331]
496 -- [2352 4355]
502 -- [3555 2877]
506 -- [ 119 1273]
507 -- [402 459]
508 -- [2362 4235]
510 -- [3428 2963]
511 -- [3182 3508]
518 -- [4443 3778]
519 -- [ 789 1105]
520 -- [ 357 1387]
521 -- [403 525]
524 -- [3023 2791]
525 -- [852 543]
526 -- [2073 2075]
527 -- [2295 4576]
535 -- [2532 2890]
538 -- [2016 4289]
539 -- [2588 4575]
541 -- [403 620]
544 -- [1051  874]
545 -- [2382 4341]
548 -- [1986 1934]
554 -- [4012 3696]
555 -- [3439 2368]
558 -- [3698 4405]
560 -- [3278 2308]
562 -- [1954 2567]
566 -- [3793 2367]
569 -- [4517 3332]
570 -- [388 731]
571 -- [1610 1502]
573 -- [4553 3273]
576 -- [4359 4019]
580 -- [2840 4232]
581 -- [3795 2696]
582 -- [4312 2105]
584 -- [2627 4533]
587 -- [3859 2267]
588 -- [2463 2334]
591 -- [3611 2005]
593 -- [1951 3156]
594 -- [3996 2183]
598 -- [3325 2649]
599 -- [2305 4470]
600 -- [592 117]
603 -- [4001 2759]
604 -- [3289 4076]
605 -- [1531 1404]
606 -- [ 914 1443]
608 -- [4163 3358]
609 -- [3768 2712]
611 -- [442 246]
612 -- [2427 3416]
613 -- [1900 3241]
614 -- [3662 4416]
616 -- [2010 2489]
618 -- [1469 1284]
619 -- [3929 3822]
620 -- [3329 3233]
623 -- [3775 2701]
625 -- [1495 1031]
626 -- [3473 3239]
628 -- [ 719 1545]
632 -- [2643 4239]
636 -- [2776 2442]
637 -- [4485 3067]
638 -- [2701 3834]
641 -- [ 634 1687]
644 -- [1734 1716]
649 -- [4293 3681]
651 -- [304 886]
655 -- [2820 2598]
656 -- [2411 2389]
657 -- [2322 2874]
658 -- [2063 3344]
660 -- [2191 1845]
664 -- [4527 2088]
665 -- [2390 3894]
666 -- [1058  441]
669 -- [3974 3235]
671 -- [3663 3092]
673 -- [2742 3823]
676 -- [2112 3267]
679 -- [2149 3301]
680 -- [2540 4411]
685 -- [699 271]
689 -- [3352 2237]
690 -- [2920 3864]
691 -- [714 200]
692 -- [3765 4259]
697 -- [2631 4442]
698 -- [1466 1339]
699 -- [3452 1979]
702 -- [3019 3414]
703 -- [2323 3897]
705 -- [3499 3821]
710 -- [3251 3594]
711 -- [1599 1110]
713 -- [3463 2843]
714 -- [1056  519]
717 -- [3765 3829]
718 -- [3418 2451]
721 -- [ 405 1191]
724 -- [4265 2797]
726 -- [3292 3633]
727 -- [2954 1841]
729 -- [930 703]
730 -- [1908 2362]
732 -- [282 743]
734 -- [1173 1433]
736 -- [4221 4054]
737 -- [4405 3233]
740 -- [1162 1515]
742 -- [2138 2418]
743 -- [4464 3741]
744 -- [4033 3589]
746 -- [4241 1846]
747 -- [1445   81]
748 -- [4337 3483]
749 -- [880 110]
750 -- [982 623]
751 -- [2680 1897]
753 -- [2353 2809]
754 -- [1529  831]
755 -- [4394 3125]
758 -- [2507 3190]
762 -- [2156 2660]
767 -- [4270 3719]
771 -- [4489 2027]
773 -- [2310 2807]
777 -- [2614 4108]
779 -- [3870 3416]
782 -- [1969 3510]
783 -- [3228 2157]
785 -- [3782 4030]
787 -- [344 186]
789 -- [2544 3512]
790 -- [4513 3134]
793 -- [4229 4016]
794 -- [4359 1971]
795 -- [ 869 1159]
799 -- [3780 4432]
800 -- [2313 4548]
802 -- [3409 3118]
806 -- [3376 4384]
807 -- [4358 3026]
808 -- [2758 2751]
809 -- [2651 3570]
810 -- [3618 2600]
811 -- [2134 4102]
812 -- [3468 2388]
814 -- [3192 2113]
818 -- [3797 2513]
824 -- [4264 4527]
826 -- [1818 3374]
827 -- [4297 2853]
828 -- [4295 1903]
830 -- [2147 4087]
833 -- [2770 4004]
834 -- [1415 1512]
836 -- [749 676]
839 -- [ 488 1461]
841 -- [2172 3675]
844 -- [3823 4579]
848 -- [2096 3887]
849 -- [2826 2563]
850 -- [3738 4346]
856 -- [3273 2606]
858 -- [2487 3347]
859 -- [2459 1981]
860 -- [2673 4069]
861 -- [2886 2672]
864 -- [3109 3875]
865 -- [1365 1783]
866 -- [2620 2285]
867 -- [4153 3170]
868 -- [2971 2818]
871 -- [ 915 1693]
875 -- [3653 3059]
876 -- [3243 2117]
879 -- [4462 2662]
886 -- [1934 4260]
887 -- [3273 2343]
889 -- [2718 3909]
891 -- [ 626 1234]
892 -- [895  48]
893 -- [4378 2915]
894 -- [3960 3505]
900 -- [1523  605]
903 -- [1901 2508]
907 -- [2168 4356]
908 -- [2200 1936]
909 -- [963 587]
912 -- [3759 4391]
913 -- [3120 2552]
914 -- [1998 4139]
916 -- [2474 4312]
917 -- [4401 2394]
918 -- [2513 2743]
919 -- [2375 3063]
920 -- [2176 3058]
921 -- [4253 3277]
922 -- [4527 1854]
923 -- [2510 3012]
924 -- [1245  550]
926 -- [1342  263]
927 -- [2161 3532]
932 -- [1658  168]
933 -- [184 628]
937 -- [2423 3763]
938 -- [ 564 1763]
941 -- [3918 3853]
943 -- [3411 2591]
945 -- [3575 2526]
947 -- [3846 4108]
948 -- [2873 3688]
949 -- [ 104 1549]
955 -- [146  21]
958 -- [3617 1951]
959 -- [2708 1860]
960 -- [3517 3515]
961 -- [ 967 1172]
962 -- [198 435]
963 -- [1314  711]
965 -- [3160 3445]
972 -- [2837 3173]
976 -- [4234 3947]
978 -- [1952 3464]
979 -- [4138 4034]
980 -- [1455 1254]
981 -- [3877 2876]
983 -- [2315 3405]
986 -- [2796 4520]
989 -- [3294 3389]
990 -- [4415 3009]
992 -- [4022 2813]
993 -- [1511  540]
994 -- [2811 3150]
997 -- [3238 2314]
999 -- [3382 4072]
1002 -- [3229 4338]
1004 -- [2695 2322]
1005 -- [2081 2778]
1006 -- [ 852 1682]
1008 -- [2473 3233]
1009 -- [2442 2231]
1011 -- [987 812]
1014 -- [4421 3652]
1016 -- [4177 3976]
1017 -- [2580 4056]
1018 -- [4351 2572]
1020 -- [3362 2237]
1021 -- [3617 2996]
1022 -- [4252 4521]
1025 -- [1643 1463]
1026 -- [1255 1601]
1028 -- [2954 4392]
1031 -- [3369 4577]
1035 -- [4186 2114]
1036 -- [1305 1716]
1037 -- [2175 4357]
1040 -- [ 614 1665]
1043 -- [2305 3552]
1044 -- [4264 4134]
1045 -- [4470 3305]
1048 -- [3396 1857]
1049 -- [1292 1032]
1050 -- [3958 1821]
1051 -- [2658 3128]
1056 -- [485 905]
1058 -- [295 208]
1060 -- [2226 1895]
1062 -- [1092  605]
1065 -- [3317 2855]
1066 -- [ 35 716]
1067 -- [431 677]
1072 -- [4055 2523]
1074 -- [2553 3621]
1075 -- [2084 2505]
1077 -- [4145 2388]
1078 -- [ 254 1058]
1079 -- [4554 4177]
1080 -- [2582 2902]
1083 -- [3440 3252]
1087 -- [2431 3323]
1090 -- [1856 2155]
1092 -- [ 662 1499]
1093 -- [2136 4533]
1094 -- [1514  540]
1095 -- [1508  732]
1096 -- [625 810]
1097 -- [3892 2966]
1099 -- [1612   74]
1101 -- [773 273]
1103 -- [2300 4339]
1104 -- [2044 2565]
1107 -- [4570 3417]
1108 -- [3298 3736]
1109 -- [3298 2400]
1110 -- [4384 3409]
1111 -- [1130 1457]
1112 -- [2382 2033]
1114 -- [1040 1548]
1119 -- [2651 4281]
1120 -- [2103 4529]
1121 -- [3966 2812]
1122 -- [3735 4117]
1124 -- [4010 4175]
1131 -- [3087 3186]
1134 -- [ 357 1289]
1135 -- [2884 4332]
1140 -- [1502 1341]
1142 -- [3944 4541]
1148 -- [2082 1843]
1150 -- [ 886 1595]
1151 -- [3178 3733]
1152 -- [ 27 140]
1153 -- [1402 1236]
1155 -- [3501 2464]
1158 -- [2868 1869]
1159 -- [1859 2746]
1164 -- [2149 3549]
1167 -- [3906 3804]
1170 -- [2636 2620]
1171 -- [3417 4554]
1174 -- [1352  904]
1178 -- [200  36]
1179 -- [ 285 1147]
1182 -- [3655 3413]
1187 -- [4236 4383]
1188 -- [2241 2304]
1189 -- [3825 2994]
1190 -- [3326 2659]
1193 -- [2743 4415]
1199 -- [4231 2899]
1200 -- [4049 3709]
1201 -- [ 53 478]
1204 -- [1218  913]
1205 -- [ 451 1559]
1206 -- [2538 4478]
1207 -- [3214 4048]
1208 -- [1382  959]
1209 -- [2936 2468]
1210 -- [1911 3829]
1212 -- [1383   23]
1217 -- [2204 2323]
1218 -- [3022 3594]
1219 -- [4470 3146]
1222 -- [2884 2706]
1226 -- [3966 3359]
1228 -- [3946 3422]
1235 -- [1385  999]
1237 -- [3396 4417]
1240 -- [3776 4402]
1241 -- [3238 2642]
1243 -- [3085 2914]
1245 -- [2085 2096]
1248 -- [1451 1110]
1251 -- [2908 3966]
1252 -- [ 506 1756]
1253 -- [3491 3420]
1254 -- [3024 2601]
1255 -- [1988 2198]
1257 -- [3830 2957]
1258 -- [1857 3453]
1259 -- [2294 4135]
1260 -- [1747 1053]
1261 -- [2297 1962]
1263 -- [128   7]
1265 -- [3381 2084]
1267 -- [1478  449]
1269 -- [2791 3498]
1273 -- [2227 2302]
1274 -- [4370 2272]
1280 -- [4295 1933]
1282 -- [609 152]
1285 -- [2712 3956]
1286 -- [4352 4171]
1288 -- [2141 4259]
1294 -- [2843 3159]
1295 -- [3997 3790]
1296 -- [3124 3298]
1297 -- [2730 4421]
1299 -- [ 574 1652]
1301 -- [2939 2113]
1302 -- [3259 2267]
1304 -- [3295 3439]
1305 -- [ 446 1452]
1307 -- [2714 2058]
1309 -- [ 989 1121]
1310 -- [3809 4051]
1311 -- [991 979]
1314 -- [ 672 1806]
1315 -- [4299 4416]
1319 -- [2539 2181]
1320 -- [4319 3242]
1322 -- [3790 4211]
1325 -- [2611 3902]
1327 -- [3251 1940]
1329 -- [1218  999]
1330 -- [2753 1932]
1331 -- [2218 4300]
1336 -- [4286 4275]
1338 -- [4403 3087]
1345 -- [3152 2375]
1349 -- [2720 3250]
1350 -- [2647 4020]
1351 -- [570 847]
1352 -- [279 614]
1353 -- [3049 2696]
1354 -- [168 672]
1355 -- [1756  206]
1358 -- [2957 2115]
1359 -- [3962 4353]
1362 -- [2466 2478]
1365 -- [2616 2010]
1367 -- [436 746]
1373 -- [2701 3438]
1374 -- [3956 3132]
1375 -- [4505 3479]
1376 -- [2529 3217]
1381 -- [4394 2505]
1382 -- [2298 3379]
1383 -- [2561 3937]
1384 -- [3289 3048]
1388 -- [4453 2164]
1390 -- [4308 3995]
1391 -- [ 824 1628]
1394 -- [2995 2947]
1399 -- [1767 1379]
1400 -- [1890 3280]
1402 -- [2945 2815]
1403 -- [4517 3324]
1405 -- [358 159]
1410 -- [3525 4054]
1411 -- [1529  386]
1412 -- [1653 1761]
1413 -- [2125 3304]
1414 -- [3484 4102]
1415 -- [1345  696]
1418 -- [2054 3570]
1421 -- [1552 1448]
1423 -- [4408 2476]
1426 -- [2817 2345]
1427 -- [3883 3751]
1428 -- [3221 2675]
1429 -- [2898 2421]
1431 -- [2307 2762]
1433 -- [3022 2670]
1436 -- [1922 1859]
1437 -- [1061 1120]
1438 -- [3029 2755]
1439 -- [2655 4135]
1442 -- [2635 2138]
1447 -- [4360 3351]
1449 -- [4178 2128]
1450 -- [ 217 1591]
1451 -- [2262 2010]
1456 -- [3728 3136]
1458 -- [4168 2845]
1459 -- [3367 2919]
1460 -- [ 421 1379]
1463 -- [130 596]
1464 -- [2875 4166]
1465 -- [4111 4386]
1467 -- [2979 2271]
1470 -- [2765 2571]
1471 -- [2988 2989]
1473 -- [3612 4325]
1475 -- [2637 3030]
1480 -- [2132 4250]
1482 -- [ 131 1459]
1486 -- [1899 3439]
1489 -- [3574 3762]
1493 -- [2615 2539]
1496 -- [2637 4404]
1498 -- [3286 2176]
1499 -- [ 170 1720]
1500 -- [2323 3897]
1501 -- [934 258]
1503 -- [3508 4597]
1505 -- [4137 3919]
1506 -- [2952 4347]
1508 -- [3554 1937]
1510 -- [3017 3211]
1511 -- [1379  220]
1513 -- [3661 2245]
1514 -- [3535 2390]
1515 -- [3383 3490]
1516 -- [1565  634]
1520 -- [3674 3745]
1521 -- [3367 3900]
1522 -- [1829 2486]
1525 -- [2876 3400]
1526 -- [2295 2702]
1529 -- [2017 3168]
1535 -- [970 645]
1538 -- [2766 3338]
1539 -- [2436 4038]
1540 -- [3302 3883]
1542 -- [2572 3846]
1543 -- [3104 2139]
1544 -- [4039 3687]
1546 -- [1494  380]
1548 -- [ 419 1271]
1550 -- [1080  478]
1551 -- [4417 4445]
1552 -- [3235 2443]
1553 -- [1906 3736]
1555 -- [1669  720]
1557 -- [3669 3170]
1558 -- [3419 2001]
1560 -- [4297 3687]
1563 -- [294 301]
1564 -- [4380 3979]
1566 -- [3277 1893]
1567 -- [2921 2639]
1568 -- [3795 1882]
1571 -- [1857 2117]
1572 -- [3709 4218]
1573 -- [2528 2622]
1575 -- [3828 2144]
1576 -- [1585 1202]
1577 -- [2107 2241]
1585 -- [1881 3717]
1586 -- [ 303 1208]
1587 -- [2562 3000]
1590 -- [2353 3077]
1591 -- [4333 1987]
1593 -- [2145 2380]
1595 -- [3206 1966]
1596 -- [2687 4067]
1604 -- [3422 2407]
1607 -- [4164 4182]
1610 -- [3841 3780]
1611 -- [3744 3136]
1612 -- [3446 4298]
1613 -- [2058 3176]
1619 -- [2555 2378]
1620 -- [2990 2916]
1623 -- [ 2 37]
1627 -- [3152 3966]
1628 -- [2954 2088]
1630 -- [2385 3285]
1633 -- [  38 1250]
1635 -- [3390 3764]
1636 -- [4538 2834]
1637 -- [4431 4218]
1641 -- [4345 2530]
1642 -- [3342 2926]
1645 -- [4204 2694]
1646 -- [3542 2743]
1648 -- [3508 3700]
1650 -- [2851 4000]
1653 -- [4377 3372]
1655 -- [4594 1817]
1659 -- [3506 4038]
1660 -- [3240 2511]
1665 -- [ 145 1653]
1668 -- [364 704]
1670 -- [2941 4526]
1673 -- [4302 3181]
1674 -- [1266   37]
1677 -- [2416 3176]
1683 -- [3118 3787]
1685 -- [1472 1128]
1687 -- [1035 1428]
1689 -- [2618 2072]
1691 -- [2481 3400]
1693 -- [2598 2004]
1694 -- [2252 3036]
1695 -- [884 685]
1696 -- [1513 1472]
1697 -- [3278 3821]
1699 -- [1926 3563]
1700 -- [2814 4328]
1702 -- [3857 3908]
1703 -- [2885 4509]
1705 -- [1897 4231]
1707 -- [3062 4195]
1708 -- [3651 3902]
1710 -- [476  88]
1711 -- [1047  877]
1712 -- [3855 3870]
1715 -- [1959 3622]
1718 -- [3050 3740]
1719 -- [2159 3881]
1723 -- [3607 2528]
1726 -- [2265 3103]
1727 -- [2498 3251]
1729 -- [4442 2753]
1730 -- [1140  349]
1731 -- [3109 3237]
1732 -- [986 492]
1733 -- [2527 2120]
1735 -- [3106 3986]
1736 -- [2615 2411]
1739 -- [3916 2569]
1740 -- [2076 4078]
1743 -- [ 744 1506]
1744 -- [3010 3723]
1747 -- [2148 4030]
1751 -- [3102 2571]
1752 -- [598 334]
1753 -- [1656 1499]
1754 -- [2591 2833]
1756 -- [3621 2691]
1758 -- [4139 4040]
1759 -- [ 686 1211]
1760 -- [1314 1342]
1761 -- [1044 1384]
1763 -- [3320 2480]
1765 -- [2862 4599]
1768 -- [1313  239]
1770 -- [660 216]
1771 -- [3567 1940]
1772 -- [3748 3568]
1774 -- [2510 4434]
1775 -- [535 638]
1776 -- [1157 1322]
1778 -- [ 610 1132]
1779 -- [3776 3450]
1781 -- [1761  766]
1784 -- [2396 3686]
1785 -- [3383 1936]
1792 -- [3409 3317]
1794 -- [3245 4524]
1799 -- [1177  972]
1800 -- [3352 3751]
1806 -- [1149 1656]
1807 -- [3504 2676]
1808 -- [3629 3148]
1809 -- [2844 3888]
1810 -- [1538 1054]
1811 -- [3130 3054]
1812 -- [2651 2240]
1816 -- [3053 3873]
1817 -- [1821 3537]
1819 -- [2429 3582]
1821 -- [ 704 1407]
1822 -- [1170 1203]
1823 -- [4598 3963]
1826 -- [4035 2736]
1833 -- [3712 3412]
1834 -- [3855 2440]
1835 -- [980 540]
1836 -- [2780 3412]
1837 -- [2000 3741]
1838 -- [2705 2269]
1839 -- [2121 2295]
1841 -- [2288 4238]
1845 -- [863 532]
1848 -- [2302 2438]
1849 -- [1351 1389]
1852 -- [205  67]
1853 -- [2766 3239]
1857 -- [2258 3738]
1859 -- [3721 3714]
1860 -- [3879 3383]
1863 -- [1984 4257]
1865 -- [4342 3260]
1866 -- [3582 2478]
1868 -- [2566 3138]
1870 -- [4397 3214]
1871 -- [1869 2273]
1875 -- [3164 3637]
1876 -- [4455 3420]
1877 -- [1807  634]
1878 -- [  53 1319]
1880 -- [1714  217]
1882 -- [2262 4253]
1885 -- [3495 3374]
1886 -- [3858 2786]
1888 -- [3517 2034]
1889 -- [ 879 1601]
1892 -- [2121 2425]
1893 -- [3228 3715]
1895 -- [ 181 1079]
1898 -- [4224 4531]
1899 -- [2623 4082]
1902 -- [  34 1655]
1903 -- [2891 3411]
1904 -- [  80 1244]
1905 -- [3606 1875]
1910 -- [1204 1482]
1916 -- [461 386]
1917 -- [1978 2478]
1918 -- [3038 2632]
1919 -- [1902 3036]
1921 -- [2478 2366]
1926 -- [2908 3153]
1927 -- [ 867 1410]
1928 -- [3945 2075]
1929 -- [2550 1942]
1931 -- [4068 4119]
1933 -- [2180 4182]
1937 -- [2706 3462]
1938 -- [1462   18]
1939 -- [ 257 1561]
1942 -- [2199 3962]
1943 -- [716 793]
1944 -- [251 626]
1945 -- [ 409 1240]
1949 -- [819 430]
1950 -- [4184 3841]
1952 -- [4009 4345]
1956 -- [4192 3197]
1960 -- [4336 3333]
1962 -- [1933 2346]
1963 -- [1302  302]
1966 -- [1741 1335]
1967 -- [4186 2648]
1970 -- [1491 1788]
1973 -- [4311 2248]
1981 -- [2467 4431]
1982 -- [3643 4433]
1984 -- [1328  802]
1985 -- [4085 3588]
1986 -- [4258 3250]
1987 -- [ 129 1521]
1988 -- [2872 4215]
1991 -- [1314  659]
1993 -- [4210 3907]
1994 -- [2190 3530]
1995 -- [3543 2069]
1996 -- [1889 4150]
1998 -- [3563 4299]
1999 -- [2601 3371]
2001 -- [1440 1681]
2002 -- [3242 3806]
2003 -- [1905 3374]
2004 -- [1679 1279]
2011 -- [3795 2580]
2015 -- [2897 2795]
2017 -- [1609   96]
2018 -- [3560 3357]
2021 -- [2308 2453]
2024 -- [2992 3139]
2027 -- [ 924 1376]
2030 -- [2564 4341]
2034 -- [4511 3484]
2037 -- [2467 4061]
2039 -- [3239 4130]
2040 -- [955 699]
2041 -- [2424 4218]
2045 -- [1225 1692]
2048 -- [1760 1772]
2049 -- [1207  169]
2057 -- [ 853 1360]
2058 -- [2966 3438]
2062 -- [874 540]
2065 -- [784 511]
2066 -- [210 925]
2068 -- [1965 4486]
2069 -- [2927 2862]
2070 -- [1006 1749]
2073 -- [886 873]
2077 -- [4344 3599]
2080 -- [1481  152]
2081 -- [ 973 1175]
2083 -- [612  30]
2085 -- [1452  987]
2091 -- [3713 3328]
2093 -- [2148 3531]
2096 -- [3614 2955]
2097 -- [2908 2836]
2099 -- [631 960]
2100 -- [2150 2275]
2101 -- [2059 2766]
2102 -- [3451 2124]
2103 -- [ 255 1025]
2104 -- [2296 2654]
2105 -- [977 282]
2108 -- [3345 3312]
2110 -- [2986 3742]
2114 -- [ 565 1114]
2118 -- [3458 4319]
2119 -- [4149 2809]
2120 -- [3549 3056]
2121 -- [4420 2006]
2122 -- [1310  308]
2123 -- [2717 4269]
2126 -- [2753 3068]
2129 -- [3565 3816]
2131 -- [2617 4301]
2132 -- [881 854]
2134 -- [4239 2701]
2135 -- [789 966]
2137 -- [1016  178]
2138 -- [2470 3302]
2139 -- [ 191 1150]
2140 -- [3968 1851]
2141 -- [3392 3313]
2142 -- [3063 2593]
2144 -- [1807 1279]
2145 -- [1942 2363]
2146 -- [1928 4092]
2147 -- [1371 1542]
2151 -- [845  45]
2152 -- [4405 3900]
2155 -- [2593 4031]
2156 -- [2321 2009]
2162 -- [2410 2278]
2164 -- [3686 2589]
2168 -- [2833 3785]
2173 -- [3320 4210]
2174 -- [487   7]
2175 -- [ 454 1086]
2177 -- [4421 2481]
2179 -- [1263 1467]
2183 -- [3147 1901]
2187 -- [510 896]
2189 -- [4216 4209]
2190 -- [3471 2742]
2191 -- [1088 1302]
2196 -- [2995 3507]
2198 -- [ 564 1758]
2201 -- [2799 3142]
2205 -- [4578 3468]
2206 -- [ 602 1436]
2207 -- [3799 3347]
2208 -- [2798 4129]
2209 -- [ 216 1316]
2210 -- [ 121 1518]
2212 -- [4301 2698]
2214 -- [2769 4287]
2217 -- [2964 3614]
2220 -- [3133 3343]
2221 -- [ 342 1114]
2225 -- [2613 3043]
2227 -- [2584 4392]
2228 -- [4161 2026]
2230 -- [2128 3789]
2233 -- [370   1]
2234 -- [1833 2990]
2236 -- [1682  486]
2237 -- [3561 3288]
2238 -- [2548 2814]
2240 -- [3826 2747]
2241 -- [ 357 1767]
2242 -- [ 405 1298]
2244 -- [2828 2577]
2245 -- [349   7]
2253 -- [624 970]
2254 -- [1798  635]
2256 -- [1553  465]
2260 -- [3762 3924]
2261 -- [3003 2383]
2263 -- [3722 2479]
2264 -- [2398 3724]
2265 -- [2208 3782]
2267 -- [2566 3032]
2269 -- [352 432]
2272 -- [3555 1976]
2273 -- [2902 2895]
2274 -- [3286 2866]
2275 -- [1003 1343]
2276 -- [1673 1167]
2280 -- [4096 3392]
2281 -- [3096 2047]
2283 -- [ 796 1769]
2288 -- [4182 2607]
2289 -- [2890 3308]
2290 -- [1561  452]
2291 -- [2144 3228]
2293 -- [3398 4518]
2297 -- [3130 1962]
2301 -- [3698 3999]
2308 -- [2551 3373]
2309 -- [ 554 1353]
2310 -- [2159 2347]
2312 -- [1800 1035]
2318 -- [1398 1047]
2320 -- [1175  211]
2321 -- [3056 2887]
2322 -- [2474 4421]
2326 -- [2876 2423]
2328 -- [3732 3388]
2330 -- [ 434 1293]
2331 -- [3136 4535]
2334 -- [4017 3592]
2339 -- [2701 2563]
2340 -- [1483 1801]
2341 -- [3052 2573]
2343 -- [ 267 1340]
2347 -- [3732 1855]
2348 -- [2838 3527]
2349 -- [3752 2617]
2350 -- [3017 3028]
2352 -- [2163 3066]
2353 -- [3333 3620]
2355 -- [3535 3992]
2358 -- [3347 2704]
2359 -- [1339  123]
2368 -- [2254 4279]
2369 -- [1878 4545]
2370 -- [4262 4584]
2372 -- [4006 2534]
2373 -- [2959 1856]
2374 -- [111 731]
2376 -- [3465 4357]
2377 -- [3292 3021]
2379 -- [3421 3295]
2380 -- [4002 4219]
2381 -- [ 875 1493]
2383 -- [2154 4017]
2384 -- [3889 4446]
2389 -- [751 739]
2390 -- [1138 1489]
2394 -- [1940 4539]
2395 -- [3622 3369]
2399 -- [2312 2080]
2401 -- [855 841]
2402 -- [3367 3950]
2404 -- [1613 1442]
2405 -- [2263 2168]
2407 -- [ 748 1684]
2408 -- [2672 1935]
2413 -- [4084 3147]
2415 -- [3646 1872]
2416 -- [4303 1911]
2417 -- [2929 2006]
2419 -- [3482 3754]
2426 -- [ 308 1042]
2427 -- [2639 4125]
2429 -- [1426   60]
2430 -- [2152 2982]
2433 -- [3868 4333]
2434 -- [1960 2863]
2436 -- [2159 3844]
2438 -- [140 860]
2442 -- [4222 2520]
2445 -- [2922 2791]
2447 -- [2527 2053]
2448 -- [2505 4174]
2449 -- [3577 4579]
2450 -- [3524 2413]
2453 -- [ 966 1803]
2456 -- [1514 1683]
2458 -- [ 840 1458]
2459 -- [3834 3486]
2461 -- [2611 2917]
2464 -- [3704 4229]
2468 -- [1539 1530]
2469 -- [602 208]
2470 -- [4396 3866]
2471 -- [2857 2021]
2472 -- [4590 4566]
2474 -- [1669 1686]
2475 -- [4343 3566]
2476 -- [2158 4318]
2477 -- [450 695]
2480 -- [4175 3751]
2481 -- [3510 4092]
2485 -- [ 356 1803]
2486 -- [ 825 1013]
2487 -- [2968 4374]
2488 -- [2298 4600]
2493 -- [1766 1510]
2495 -- [4212 3551]
2498 -- [  32 1050]
2499 -- [2548 3170]
2500 -- [2872 3494]
2501 -- [   6 1048]
2503 -- [1851 2584]
2505 -- [2497 4242]
2506 -- [1740   62]
2508 -- [4470 1859]
2510 -- [2642 1994]
2511 -- [3252 3856]
2515 -- [2402 1925]
2516 -- [2683 2214]
2517 -- [1482 1646]
2521 -- [1382   35]
2524 -- [2855 2915]
2526 -- [ 398 1569]
2528 -- [4542 3654]
2533 -- [ 310 1810]
2541 -- [2633 3953]
2542 -- [ 780 1340]
2544 -- [2361 3376]
2545 -- [1952 4435]
2547 -- [1923 2418]
2548 -- [3379 3808]
2549 -- [1080  113]
2552 -- [1434 1101]
2554 -- [4255 1817]
2556 -- [4509 3631]
2558 -- [3501 2181]
2562 -- [2587 2232]
2563 -- [4169 3176]
2564 -- [3655 3752]
2566 -- [369  43]
2571 -- [314 858]
2573 -- [2964 3606]
2576 -- [2046 4556]
2578 -- [1423  955]
2580 -- [4545 2895]
2583 -- [4431 2946]
2585 -- [1498 1791]
2588 -- [2793 4547]
2590 -- [2603 2486]
2595 -- [2834 1842]
2596 -- [3385 2051]
2598 -- [4165 4425]
2599 -- [1367  411]
2602 -- [1820 2269]
2606 -- [2174 3740]
2607 -- [3910 4175]
2609 -- [2055 3071]
2610 -- [2093 4420]
2611 -- [509 968]
2614 -- [1915 3218]
2618 -- [ 404 1619]
2620 -- [3863 3843]
2624 -- [2115 2907]
2629 -- [2531 2512]
2630 -- [2076 3139]
2631 -- [3016 1963]
2632 -- [4209 2095]
2633 -- [4353 3037]
2634 -- [1641 1724]
2637 -- [179 358]
2638 -- [1888 1837]
2639 -- [2520 3629]
2641 -- [2659 2848]
2643 -- [2801 3029]
2647 -- [3767 3118]
2648 -- [2164 1829]
2655 -- [2381 2528]
2656 -- [ 45 678]
2666 -- [3584 3177]
2668 -- [3866 1930]
2671 -- [1354 1361]
2672 -- [ 739 1241]
2674 -- [2146 3903]
2675 -- [1878 2862]
2678 -- [3502 2795]
2681 -- [ 592 1404]
2682 -- [529 246]
2683 -- [2156 2088]
2688 -- [2370 4520]
2689 -- [3928 2105]
2691 -- [114 788]
2695 -- [4411 3331]
2699 -- [3829 3521]
2701 -- [974 514]
2704 -- [4106 3859]
2705 -- [4323 3496]
2706 -- [ 984 1713]
2707 -- [1451  516]
2709 -- [419 656]
2710 -- [2134 3284]
2719 -- [2703 2419]
2720 -- [4447 4262]
2724 -- [4579 3001]
2727 -- [219   4]
2728 -- [2382 4427]
2730 -- [4035 2586]
2731 -- [ 681 1048]
2733 -- [3485 3811]
2735 -- [4577 4427]
2736 -- [1932 2245]
2738 -- [3473 2613]
2740 -- [1546  445]
2741 -- [223 369]
2742 -- [4439 4465]
2749 -- [2539 4559]
2750 -- [2238 1851]
2751 -- [3807 3556]
2752 -- [   4 1516]
2757 -- [889 267]
2759 -- [ 156 1555]
2761 -- [2315 3907]
2762 -- [2994 4531]
2768 -- [2220 2977]
2769 -- [3070 3293]
2770 -- [3001 3154]
2771 -- [1780 1724]
2772 -- [3394 3191]
2773 -- [368 866]
2779 -- [2944 4139]
2781 -- [4267 3120]
2784 -- [3531 3231]
2790 -- [3974 2799]
2792 -- [1104 1413]
2793 -- [3400 2859]
2795 -- [4232 3886]
2796 -- [3616 2650]
2797 -- [2658 3273]
2800 -- [3921 4530]
2801 -- [1968 2914]
2802 -- [2715 4499]
2803 -- [3905 3713]
2804 -- [1422  558]
2805 -- [1298 1308]
2807 -- [ 63 901]
2808 -- [497 383]
2809 -- [147 428]
2810 -- [1693 1765]
2815 -- [558 229]
2816 -- [1011  624]
2817 -- [2378 3604]
2818 -- [3205 2667]
2819 -- [2707 2603]
2822 -- [1993 3915]
2828 -- [1953 3748]
2830 -- [3745 2711]
2832 -- [1286  736]
2836 -- [1716  413]
2837 -- [2226 4262]
2838 -- [ 485 1051]
2840 -- [2228 2596]
2844 -- [2511 2760]
2845 -- [3262 3739]
2846 -- [3768 2203]
2847 -- [ 780 1158]
2849 -- [ 599 1009]
2850 -- [617 384]
2851 -- [2308 4271]
2854 -- [4428 4053]
2858 -- [4466 4210]
2860 -- [3701 1942]
2861 -- [3916 4556]
2862 -- [ 904 1811]
2863 -- [ 143 1238]
2864 -- [ 321 1772]
2865 -- [3536 2271]
2867 -- [2683 2486]
2868 -- [2010 3569]
2870 -- [3380 2167]
2873 -- [2434 1877]
2877 -- [2471 3031]
2880 -- [3854 3838]
2882 -- [3436 2643]
2883 -- [521 857]
2888 -- [3722 2151]
2889 -- [4225 2953]
2890 -- [ 544 1700]
2893 -- [2524 3505]
2895 -- [1919 2553]
2897 -- [3984 4119]
2899 -- [ 129 1639]
2901 -- [2469 2240]
2902 -- [4481 2292]
2903 -- [ 254 1262]
2910 -- [4390 2300]
2911 -- [4145 4562]
2912 -- [4408 2373]
2915 -- [4381 4454]
2916 -- [3193 2503]
2917 -- [ 467 1309]
2920 -- [958 975]
2921 -- [2568 4441]
2922 -- [3289 3740]
2923 -- [3704 3590]
2924 -- [729 157]
2925 -- [4419 3919]
2926 -- [2938 2379]
2928 -- [2584 3258]
2932 -- [993 898]
2933 -- [ 981 1438]
2935 -- [3048 2066]
2936 -- [3429 1983]
2937 -- [2537 2845]
2938 -- [ 817 1183]
2939 -- [3062 3693]
2940 -- [ 609 1523]
2941 -- [ 631 1442]
2942 -- [4267 4327]
2943 -- [3627 4464]
2945 -- [1451 1604]
2952 -- [ 306 1740]
2954 -- [2991 2752]
2955 -- [4309 2831]
2957 -- [3902 3137]
2960 -- [4268 3915]
2961 -- [4341 4330]
2962 -- [2170 2275]
2965 -- [3623 2753]
2966 -- [2008 2441]
2969 -- [1567 1285]
2970 -- [3636 2385]
2973 -- [4558 2201]
2975 -- [ 288 1482]
2978 -- [3022 3013]
2980 -- [3440 3851]
2981 -- [1926 3385]
2982 -- [ 106 1385]
2983 -- [3761 4384]
2984 -- [4486 4526]
2985 -- [1061 1447]
2986 -- [2422 1832]
2987 -- [3107 2585]
2988 -- [2992 2967]
2991 -- [3501 2165]
2992 -- [3775 2734]
2993 -- [3905 3992]
2997 -- [2399 2469]
2998 -- [1101 1012]
2999 -- [4063 4284]
3000 -- [3777 3672]
3003 -- [4389 2715]
3004 -- [2477 2386]
3005 -- [4598 3125]
3009 -- [4250 3476]
3010 -- [1692 1015]
3012 -- [3312 3630]
3015 -- [1816 3440]
3016 -- [1173  708]
3017 -- [1701  908]
3018 -- [4545 2786]
3019 -- [ 319 1540]
3021 -- [4323 3678]
3022 -- [1250  783]
3023 -- [4360 4093]
3028 -- [1142   64]
3029 -- [149 781]
3033 -- [1936 4212]
3035 -- [2544 4070]
3038 -- [4486 3633]
3041 -- [3680 2858]
3043 -- [2075 4413]
3044 -- [4528 2004]
3046 -- [ 288 1614]
3050 -- [1245  144]
3051 -- [4336 2118]
3053 -- [1394 1322]
3054 -- [3144 3416]
3055 -- [3636 2093]
3059 -- [3044 3296]
3060 -- [3476 1915]
3062 -- [3978 3703]
3063 -- [2551 2616]
3064 -- [2858 2988]
3065 -- [180 656]
3067 -- [683 394]
3069 -- [1837 3716]
3072 -- [3120 4390]
3075 -- [3633 2420]
3077 -- [2591 2446]
3078 -- [1047  162]
3079 -- [1224 1382]
3080 -- [4570 4497]
3082 -- [3238 2147]
3084 -- [2564 2340]
3088 -- [2328 2904]
3090 -- [1328  381]
3091 -- [2707 4270]
3092 -- [2157 4336]
3093 -- [4437 3955]
3095 -- [3916 2811]
3102 -- [3106 4209]
3103 -- [  45 1326]
3109 -- [ 782 1283]
3110 -- [2861 4027]
3112 -- [2173 2575]
3113 -- [2985 3814]
3114 -- [1511 1319]
3115 -- [2783 2914]
3118 -- [ 307 1398]
3119 -- [3701 2979]
3120 -- [3632 4288]
3121 -- [1104  708]
3124 -- [3794 3351]
3125 -- [2930 4146]
3127 -- [3187 1921]
3128 -- [4023 3278]
3129 -- [3396 3978]
3130 -- [4138 3462]
3131 -- [710 155]
3132 -- [197  96]
3133 -- [4496 3073]
3134 -- [ 88 944]
3136 -- [2572 3937]
3139 -- [2943 2216]
3140 -- [1057 1338]
3142 -- [1338  569]
3144 -- [3026 3061]
3146 -- [2802 4047]
3147 -- [2539 3885]
3149 -- [1699   38]
3152 -- [3393 2654]
3153 -- [1331  503]
3155 -- [532 306]
3157 -- [3193 3118]
3162 -- [3504 2647]
3167 -- [1877 3413]
3169 -- [3565 3408]
3170 -- [4586 2545]
3172 -- [833 780]
3173 -- [2915 3633]
3174 -- [2935 2488]
3176 -- [1139  370]
3177 -- [3138 3677]
3179 -- [2401 2419]
3180 -- [2199 4175]
3183 -- [4215 4281]
3184 -- [2073 2853]
3185 -- [ 851 1704]
3187 -- [2285 4364]
3189 -- [3043 3025]
3190 -- [2848 2028]
3194 -- [903 454]
3195 -- [2872 4047]
3196 -- [2466 2322]
3199 -- [2947 2149]
3200 -- [2924 3306]
3201 -- [1373  293]
3204 -- [3999 3400]
3207 -- [ 705 1191]
3208 -- [3604 2908]
3210 -- [816 356]
3216 -- [1178 1101]
3219 -- [1941 4116]
3220 -- [2190 3973]
3226 -- [4525 2933]
3227 -- [3173 3069]
3229 -- [648 374]
3231 -- [3245 3583]
3232 -- [3870 3347]
3233 -- [4424 2910]
3234 -- [2427 3561]
3235 -- [4035 2940]
3237 -- [2376 1860]
3240 -- [4590 2770]
3242 -- [2658 2602]
3244 -- [2656 3435]
3245 -- [ 149 1036]
3247 -- [3092 4251]
3248 -- [2714 3600]
3249 -- [3491 2870]
3250 -- [2604 1943]
3251 -- [2102 2244]
3252 -- [3931 2188]
3254 -- [2026 4012]
3257 -- [3822 2153]
3258 -- [1364  295]
3259 -- [1872 3565]
3262 -- [2062 3559]
3267 -- [2344 2797]
3268 -- [4128 3917]
3270 -- [1438  506]
3271 -- [4333 3194]
3272 -- [ 75 278]
3275 -- [ 615 1783]
3278 -- [ 609 1010]
3281 -- [4457 2804]
3282 -- [4517 3566]
3284 -- [3025 3113]
3285 -- [4452 4284]
3286 -- [139 916]
3289 -- [2905 2387]
3290 -- [4109 4133]
3292 -- [2741 2809]
3293 -- [684 378]
3296 -- [3578 4504]
3298 -- [4249 2026]
3299 -- [  5 658]
3302 -- [2547 3646]
3304 -- [3492 3069]
3305 -- [488 456]
3306 -- [1826 2959]
3309 -- [1751  215]
3310 -- [3921 3187]
3311 -- [3620 3327]
3315 -- [4323 3175]
3318 -- [2501 3509]
3320 -- [ 500 1127]
3321 -- [ 258 1519]
3322 -- [4042 3272]
3323 -- [1984 3422]
3327 -- [2849 1968]
3328 -- [2146 3106]
3329 -- [4368 3900]
3330 -- [2445 3872]
3331 -- [2714 1877]
3332 -- [1480   50]
3335 -- [2297 2106]
3338 -- [ 988 1177]
3340 -- [3314 2872]
3341 -- [3257 1858]
3342 -- [4399 4233]
3345 -- [4397 4301]
3346 -- [2100 2937]
3351 -- [4013 2954]
3352 -- [1539  982]
3354 -- [4249 2745]
3357 -- [2123 3892]
3358 -- [1454  739]
3360 -- [4249 3241]
3361 -- [3895 3435]
3364 -- [337 228]
3365 -- [2358 4398]
3366 -- [2640 2495]
3368 -- [3907 4411]
3369 -- [357 599]
3370 -- [2761 2520]
3371 -- [2620 3350]
3373 -- [1533  267]
3376 -- [3287 3498]
3380 -- [2539 3659]
3382 -- [ 695 1575]
3383 -- [2452 2665]
3384 -- [3078 4038]
3385 -- [2906 2292]
3386 -- [2647 2894]
3391 -- [2245 3013]
3393 -- [1240 1079]
3394 -- [3078 3369]
3395 -- [3683 3574]
3398 -- [ 623 1297]
3400 -- [1989 2869]
3401 -- [2990 3393]
3405 -- [4011 4054]
3407 -- [1537 1432]
3409 -- [296 653]
3411 -- [3886 2974]
3412 -- [3291 4223]
3419 -- [1468  331]
3420 -- [3018 3845]
3421 -- [3590 2508]
3422 -- [3295 2996]
3423 -- [1502 1457]
3428 -- [4518 2405]
3430 -- [2730 2231]
3431 -- [2266 2368]
3433 -- [ 196 1473]
3434 -- [1979 2979]
3435 -- [3692 1895]
3436 -- [3094 3862]
3438 -- [ 597 1443]
3441 -- [3400 3431]
3443 -- [2533 3014]
3444 -- [3950 3131]
3446 -- [4146 2249]
3448 -- [2441 4239]
3449 -- [1425 1069]
3453 -- [2414 3104]
3455 -- [680 703]
3460 -- [1946 3062]
3461 -- [1027  408]
3463 -- [2056 4239]
3465 -- [4272 3695]
3466 -- [2548 3923]
3469 -- [ 365 1590]
3470 -- [3923 3034]
3472 -- [2241 2633]
3480 -- [1015  333]
3487 -- [4306 3749]
3489 -- [1455 1297]
3490 -- [2864 3031]
3494 -- [2713 3296]
3495 -- [ 348 1554]
3497 -- [2272 3466]
3500 -- [4307 4350]
3502 -- [1875 4580]
3504 -- [ 525 1218]
3508 -- [2208 3205]
3510 -- [4000 3272]
3513 -- [1227  106]
3514 -- [520 891]
3518 -- [4441 3613]
3520 -- [2872 2874]
3521 -- [4358 1833]
3522 -- [ 495 1319]
3525 -- [3358 1975]
3526 -- [1879 4439]
3527 -- [2773 2916]
3528 -- [2419 2459]
3530 -- [3512 2229]
3532 -- [1296 1550]
3537 -- [1896 4306]
3538 -- [254 457]
3539 -- [ 886 1176]
3540 -- [3092 2943]
3542 -- [3846 2362]
3543 -- [2858 3402]
3548 -- [4325 4294]
3549 -- [3312 2413]
3550 -- [2010 4162]
3551 -- [1960 3298]
3555 -- [3253 3407]
3557 -- [ 179 1619]
3558 -- [1890 3521]
3559 -- [3007 3618]
3560 -- [1244 1759]
3562 -- [2353 2368]
3565 -- [2616 2002]
3566 -- [3439 3928]
3569 -- [3373 2277]
3570 -- [ 696 1279]
3572 -- [3798 3694]
3575 -- [4177 3988]
3578 -- [ 685 1547]
3579 -- [3344 4253]
3584 -- [3422 3772]
3585 -- [2927 2120]
3587 -- [1865 3281]
3588 -- [907 240]
3589 -- [3634 2600]
3591 -- [ 328 1602]
3594 -- [1472  603]
3596 -- [4159 2878]
3597 -- [2974 2855]
3598 -- [4289 1993]
3599 -- [2067 1987]
3600 -- [799 825]
3601 -- [4379 3124]
3602 -- [4225 2745]
3606 -- [4199 3931]
3607 -- [4278 2792]
3609 -- [748 602]
3610 -- [754 166]
3611 -- [1993 2113]
3613 -- [2703 4003]
3614 -- [2325 4362]
3618 -- [2215 1946]
3619 -- [1135 1073]
3622 -- [4285 4517]
3624 -- [4555 4309]
3628 -- [1823 1992]
3629 -- [3952 3684]
3631 -- [4587 2657]
3632 -- [3037 2149]
3633 -- [  57 1261]
3634 -- [3353 3070]
3636 -- [2631 2515]
3638 -- [867 552]
3641 -- [1632  687]
3642 -- [3999 2415]
3645 -- [3421 2517]
3646 -- [3872 2219]
3647 -- [4270 3372]
3650 -- [667 869]
3652 -- [2446 3269]
3662 -- [2539 4049]
3671 -- [ 869 1059]
3672 -- [321 758]
3680 -- [2906 2581]
3682 -- [ 963 1408]
3685 -- [4342 2973]
3686 -- [4137 3027]
3687 -- [695 850]
3689 -- [2392 3681]
3690 -- [2753 2108]
3691 -- [1916 2595]
3694 -- [3749 3728]
3696 -- [4431 4518]
3697 -- [732 928]
3702 -- [3535 2190]
3703 -- [2662 4049]
3705 -- [3415 3350]
3706 -- [2465 3379]
3707 -- [2475 2099]
3709 -- [2833 1836]
3711 -- [3860 3166]
3715 -- [3136 2220]
3717 -- [558 324]
3722 -- [3376 2501]
3723 -- [1715   45]
3724 -- [2749 4516]
3726 -- [166 825]
3727 -- [2947 1941]
3729 -- [2215 3554]
3730 -- [2890 4316]
3733 -- [4474 2655]
3735 -- [3989 3143]
3742 -- [3150 3754]
3743 -- [3843 2118]
3744 -- [1731 1071]
3746 -- [2546 3347]
3755 -- [1263  666]
3759 -- [ 142 1162]
3760 -- [2934 1893]
3762 -- [3162 2632]
3763 -- [1199  121]
3764 -- [2491 3609]
3768 -- [1577  855]
3769 -- [3757 1907]
3770 -- [2480 3321]
3771 -- [123 927]
3775 -- [2380 3449]
3778 -- [560 558]
3780 -- [ 568 1680]
3784 -- [2977 3658]
3785 -- [3060 1896]
3788 -- [444 218]
3790 -- [1298  144]
3791 -- [1893 3962]
3793 -- [ 306 1793]
3794 -- [1675 1748]
3796 -- [3987 3232]
3797 -- [4422 2665]
3798 -- [2169 3236]
3799 -- [2979 3256]
3800 -- [3130 4276]
3802 -- [3168 1839]
3804 -- [3756 3702]
3812 -- [3519 2055]
3813 -- [832 856]
3814 -- [ 641 1071]
3817 -- [840  84]
3821 -- [1821 3955]
3822 -- [1872 2901]
3825 -- [2496 3918]
3826 -- [4155 4459]
3827 -- [178 871]
3828 -- [1751   38]
3831 -- [1544 1780]
3834 -- [692 469]
3835 -- [2150 2126]
3836 -- [3551 2356]
3840 -- [4280 4322]
3841 -- [1998 1819]
3842 -- [3029 2477]
3847 -- [2006 2973]
3848 -- [2166 1970]
3850 -- [2503 3654]
3852 -- [2901 3453]
3853 -- [402 375]
3854 -- [2468 2575]
3855 -- [3464 3265]
3861 -- [3783 2986]
3862 -- [2635 1998]
3864 -- [1313  256]
3867 -- [ 732 1765]
3869 -- [2709 3099]
3870 -- [2140 2644]
3871 -- [2838 4087]
3873 -- [3453 3406]
3875 -- [4451 2982]
3876 -- [2990 2231]
3879 -- [2480 2626]
3880 -- [3492 3938]
3883 -- [1096 1089]
3887 -- [ 100 1750]
3890 -- [1465 1812]
3891 -- [3938 1860]
3892 -- [4506 4566]
3894 -- [3305 2042]
3897 -- [4185 2764]
3898 -- [1044  155]
3899 -- [679 821]
3901 -- [3923 4370]
3904 -- [2366 2421]
3905 -- [233 637]
3908 -- [1685  352]
3911 -- [4320 2837]
3912 -- [379 368]
3914 -- [376  70]
3915 -- [1847 4360]
3918 -- [3268 1852]
3919 -- [4363 2913]
3920 -- [3094 2449]
3921 -- [1915 2043]
3923 -- [1877 2317]
3924 -- [3627 2454]
3927 -- [4326 2300]
3932 -- [230 658]
3933 -- [2064 3779]
3934 -- [2612 3380]
3935 -- [2532 3733]
3939 -- [2682 2872]
3942 -- [3009 2984]
3943 -- [1495 1244]
3946 -- [2913 2004]
3948 -- [2279 2457]
3951 -- [  17 1016]
3952 -- [3570 4222]
3955 -- [3339 4437]
3957 -- [1138 1780]
3959 -- [3005 2914]
3960 -- [3802 2954]
3962 -- [2122 2437]
3963 -- [ 938 1372]
3965 -- [1121 1056]
3966 -- [2992 4469]
3969 -- [1307 1491]
3971 -- [4342 3427]
3974 -- [  0 430]
3976 -- [3565 2983]
3979 -- [ 276 1232]
3980 -- [4104 2797]
3982 -- [1896 2811]
3983 -- [1863 2766]
3985 -- [2013 4591]
3986 -- [3366 1868]
3991 -- [1772  839]
3999 -- [ 722 1402]
4000 -- [4404 2264]
4003 -- [4567 2869]
4004 -- [2890 2784]
4005 -- [2242 3975]
4009 -- [2737 2953]
4010 -- [2423 3657]
4012 -- [3752 1975]
4013 -- [4435 2866]
4014 -- [4030 1871]
4015 -- [2852 3460]
4016 -- [2921 4177]
4017 -- [3156 2183]
4018 -- [3100 2820]
4022 -- [3394 2443]
4023 -- [3216 3388]
4025 -- [2622 3830]
4027 -- [4447 1891]
4028 -- [2097 4292]
4030 -- [3764 1994]
4031 -- [3880 3890]
4034 -- [1957 3825]
4037 -- [2086 1906]
4042 -- [340 458]
4044 -- [1491 1563]
4046 -- [3552 3993]
4049 -- [4547 2711]
4054 -- [282 653]
4057 -- [ 283 1044]
4065 -- [4384 3662]
4066 -- [3580 2491]
4069 -- [2824 3305]
4070 -- [2783 3367]
4071 -- [3865 3317]
4072 -- [2522 1831]
4073 -- [3889 3525]
4075 -- [1448 1519]
4076 -- [ 78 943]
4083 -- [2461 4585]
4085 -- [2169 3853]
4087 -- [1907 4049]
4088 -- [3837 4357]
4090 -- [2634 3725]
4092 -- [3180 4125]
4093 -- [2929 3908]
4097 -- [3267 2951]
4098 -- [3115 2832]
4099 -- [3068 2232]
4102 -- [216  69]
4104 -- [2674 4159]
4109 -- [2600 3470]
4111 -- [1280 1239]
4113 -- [3003 2637]
4114 -- [ 933 1262]
4116 -- [3209 3291]
4118 -- [ 256 1398]
4121 -- [1034  214]
4123 -- [581 790]
4124 -- [3242 2293]
4127 -- [4214 3409]
4129 -- [2021 2499]
4132 -- [103 969]
4133 -- [1263 1322]
4135 -- [2249 3471]
4136 -- [2151 3871]
4138 -- [1901 2968]
4141 -- [4507 4547]
4142 -- [3525 2809]
4143 -- [2662 3612]
4144 -- [1692   21]
4148 -- [2311 2104]
4150 -- [4576 2399]
4151 -- [3446 2385]
4152 -- [667 585]
4154 -- [1578 1128]
4155 -- [1578  532]
4156 -- [1047  337]
4157 -- [3385 3079]
4158 -- [1370 1251]
4159 -- [   6 1676]
4162 -- [2636 2966]
4164 -- [589 975]
4165 -- [2995 2689]
4166 -- [1395   45]
4168 -- [ 423 1635]
4169 -- [ 180 1005]
4170 -- [2926 3082]
4172 -- [3368 2786]
4173 -- [658 290]
4174 -- [2287 3865]
4175 -- [144 592]
4183 -- [2062 1939]
4186 -- [3653 3115]
4190 -- [3525 2930]
4192 -- [2348 4298]
4195 -- [3557 4067]
4199 -- [2599 3543]
4200 -- [4408 2264]
4206 -- [2591 4233]
4207 -- [3157 3334]
4208 -- [2718 2935]
4209 -- [2647 4426]
4210 -- [4375 4441]
4212 -- [2823 3714]
4215 -- [4558 3240]
4216 -- [2122 2570]
4217 -- [2516 3238]
4219 -- [2362 3581]
4220 -- [934 509]
4224 -- [4093 3821]
4225 -- [1063 1006]
4227 -- [3810 1970]
4232 -- [1005  509]
4236 -- [1855 2935]
4238 -- [3059 2474]
4241 -- [1903 1844]
4242 -- [1657  832]
4244 -- [1101  270]
4245 -- [3289 2217]
4247 -- [3649 1934]
4249 -- [1850 4373]
4251 -- [2862 2582]
4252 -- [1385 1328]
4253 -- [2312 1817]
4254 -- [4085 3769]
4257 -- [2467 3075]
4258 -- [1299 1115]
4260 -- [1423 1508]
4261 -- [2400 4127]
4262 -- [ 688 1812]
4265 -- [2793 3489]
-cl sat and violated: 1964 | 1821  | total #cl: 3785 | -violated weight: 9105
5 -- [2991  819]
6 -- [4386  311]
8 -- [1280 3646]
11 -- [2249  616]
12 -- [3254  544]
13 -- [ 783 2451]
15 -- [2674 1498]
16 -- [3518 1363]
17 -- [3738  700]
18 -- [1314 2569]
20 -- [2904  558]
21 -- [2661  850]
26 -- [2805 1319]
27 -- [ 200 3991]
32 -- [3238 1399]
35 -- [1084 4591]
40 -- [4450  501]
43 -- [1086 4270]
44 -- [1050 2643]
46 -- [2734  371]
50 -- [ 591 3924]
53 -- [2103  853]
59 -- [3784  260]
62 -- [2646 1648]
64 -- [4523  787]
66 -- [3967  353]
67 -- [3849 1048]
70 -- [ 878 3235]
71 -- [2147  588]
72 -- [ 329 2166]
76 -- [3458 1418]
79 -- [1718 1951]
80 -- [4510 1201]
83 -- [2049 1039]
85 -- [2249 1508]
86 -- [1266 2805]
90 -- [ 210 2474]
91 -- [1228 3817]
92 -- [4223 1443]
93 -- [1711 4374]
98 -- [2703 1645]
101 -- [ 892 3060]
102 -- [ 348 3899]
107 -- [3510  912]
108 -- [1231 3443]
110 -- [2083 1161]
111 -- [1976  774]
114 -- [ 139 3134]
120 -- [1866  919]
123 -- [ 748 1950]
126 -- [1458 3245]
129 -- [1113 1905]
132 -- [4281  853]
133 -- [2649  950]
134 -- [1855  492]
137 -- [ 529 3168]
142 -- [2643 1544]
143 -- [ 884 2072]
144 -- [4023  799]
146 -- [1553 3192]
147 -- [1489 3660]
151 -- [3468 1788]
153 -- [ 592 3225]
158 -- [1727 2967]
164 -- [1885 1035]
165 -- [ 443 2415]
167 -- [2018  206]
170 -- [2888 1213]
171 -- [1513 2987]
174 -- [2939  971]
175 -- [  31 3192]
178 -- [ 399 2387]
179 -- [2974 1096]
180 -- [1462 1819]
181 -- [2612  754]
189 -- [2651  500]
190 -- [4535 1612]
192 -- [1539 2703]
193 -- [ 713 2841]
194 -- [2847 1669]
196 -- [3728 1647]
197 -- [ 550 2975]
198 -- [1789 2205]
201 -- [3164   69]
202 -- [1115 2313]
204 -- [4012 1780]
205 -- [3441  376]
207 -- [2224 1017]
210 -- [1887 1700]
211 -- [1925  675]
212 -- [2773  287]
213 -- [ 804 4527]
216 -- [ 147 3976]
217 -- [1686 4420]
219 -- [4104   73]
220 -- [2703  378]
225 -- [4093  802]
227 -- [1723 3319]
230 -- [ 189 3043]
237 -- [ 376 2931]
238 -- [  81 3963]
239 -- [ 675 2374]
240 -- [3023 1076]
243 -- [3106 1098]
245 -- [3052  391]
248 -- [ 631 1838]
249 -- [ 448 3163]
250 -- [ 778 3217]
251 -- [   6 3311]
252 -- [2363 1788]
254 -- [ 269 3148]
256 -- [3932   86]
258 -- [4486 1730]
259 -- [4426 1485]
260 -- [4534 1076]
263 -- [1792 3921]
265 -- [1332 2063]
266 -- [2533 1048]
268 -- [2181 1561]
269 -- [ 245 2649]
271 -- [ 337 1967]
273 -- [2654 1360]
275 -- [1015 3200]
277 -- [2751 1726]
279 -- [2671 1206]
285 -- [1935  363]
286 -- [4410 1553]
289 -- [ 990 2844]
290 -- [ 322 3180]
291 -- [2487 1708]
292 -- [ 459 4192]
296 -- [ 401 2580]
297 -- [ 839 4372]
298 -- [2888  499]
299 -- [ 733 3975]
300 -- [4180   87]
303 -- [  68 3013]
305 -- [3588  509]
307 -- [4415  122]
308 -- [1155 2760]
309 -- [ 737 3413]
311 -- [1086 2840]
313 -- [1086 2326]
315 -- [2236 1304]
317 -- [1713 3968]
318 -- [1635 2756]
319 -- [3136  893]
320 -- [4064  905]
321 -- [2683  750]
322 -- [ 180 3526]
323 -- [3499  773]
326 -- [3317 1603]
329 -- [2395 1296]
331 -- [ 980 2328]
333 -- [4343 1460]
335 -- [ 953 4517]
336 -- [3673   99]
337 -- [1015 2952]
341 -- [2082  417]
343 -- [1206 2831]
344 -- [1250 4378]
347 -- [ 964 4338]
349 -- [ 676 3387]
350 -- [ 926 3018]
352 -- [2211 1582]
354 -- [3715 1037]
355 -- [1136 4323]
358 -- [2948  974]
361 -- [3433   31]
363 -- [2672  201]
364 -- [3847 1241]
365 -- [3164 1746]
367 -- [1361 4548]
368 -- [ 881 4027]
369 -- [3149   91]
370 -- [1326 2417]
373 -- [4004  807]
376 -- [1953  933]
379 -- [3691  815]
380 -- [2226  288]
382 -- [3442  669]
383 -- [ 128 3857]
384 -- [ 664 4139]
386 -- [1168 3363]
387 -- [4583  263]
388 -- [  86 4538]
390 -- [ 586 3549]
391 -- [ 159 4371]
392 -- [1025 3888]
394 -- [2291 1773]
395 -- [2824 1032]
397 -- [2166 1185]
398 -- [4323 1409]
400 -- [ 666 2490]
401 -- [2790   47]
402 -- [3583 1711]
403 -- [ 733 3134]
404 -- [3220 1269]
405 -- [1717 2441]
406 -- [1800 2463]
408 -- [2143  109]
409 -- [1755 2397]
410 -- [1774 3628]
412 -- [1044 3909]
417 -- [3488  595]
418 -- [ 923 3005]
420 -- [2900  433]
421 -- [3141 1280]
422 -- [ 255 2041]
423 -- [3788 1504]
424 -- [1325 3201]
432 -- [3926  974]
439 -- [ 773 3061]
442 -- [3272  408]
443 -- [ 854 2939]
444 -- [4114  313]
449 -- [1472 3995]
454 -- [ 380 4446]
456 -- [3729  301]
460 -- [3768  220]
461 -- [1661 3476]
463 -- [ 514 3043]
464 -- [   2 2677]
467 -- [3393  824]
469 -- [2061 1323]
474 -- [2111  780]
477 -- [2763 1640]
478 -- [4341  709]
481 -- [2516   66]
485 -- [3760  984]
486 -- [3496 1762]
489 -- [ 824 2281]
493 -- [1310 2174]
496 -- [2550  491]
497 -- [1518 3731]
498 -- [3234  619]
502 -- [2440 1611]
503 -- [3405 1123]
505 -- [1318 3055]
506 -- [1931 1759]
509 -- [1651 1935]
510 -- [1372 2804]
511 -- [1517 2991]
515 -- [4218 1775]
517 -- [3016  545]
519 -- [1181 4007]
520 -- [3419  511]
521 -- [1613 4115]
523 -- [1586 3989]
524 -- [2833  487]
528 -- [   0 2212]
532 -- [1585 3938]
533 -- [2110 1433]
536 -- [ 656 2301]
541 -- [2496  423]
542 -- [4212 1346]
543 -- [4431  909]
544 -- [ 259 4422]
545 -- [  17 3116]
548 -- [  81 3435]
549 -- [3162  778]
552 -- [ 926 2636]
554 -- [ 308 3429]
557 -- [ 310 4223]
559 -- [2189 1506]
560 -- [3716  269]
564 -- [ 585 2595]
565 -- [ 790 2805]
567 -- [ 363 3355]
569 -- [3787   45]
571 -- [2597   45]
574 -- [ 414 2421]
578 -- [2589 1723]
579 -- [3112 1613]
582 -- [ 785 3930]
585 -- [3574  484]
587 -- [2815  818]
596 -- [ 964 3328]
598 -- [ 945 3440]
599 -- [1745 3746]
602 -- [2217 1110]
604 -- [1852 1414]
606 -- [ 964 2431]
608 -- [ 225 4107]
609 -- [ 569 2615]
611 -- [ 326 3152]
612 -- [1359 3956]
619 -- [4185 1609]
620 -- [3713 1174]
621 -- [ 119 3426]
623 -- [1902 1560]
624 -- [3142 1322]
625 -- [3019 1035]
626 -- [3745 1122]
627 -- [2322 1375]
628 -- [ 839 1988]
629 -- [ 554 4290]
631 -- [2815 1675]
632 -- [3337  802]
634 -- [ 797 2372]
635 -- [4128  967]
636 -- [3028  817]
638 -- [2417 1348]
639 -- [1582 3024]
640 -- [ 187 4390]
641 -- [3113  497]
646 -- [3004  333]
647 -- [ 696 4009]
651 -- [1396 2655]
654 -- [ 826 2673]
655 -- [1757 3872]
656 -- [1106 4454]
660 -- [3295 1547]
661 -- [ 778 1991]
662 -- [1974 1377]
663 -- [2491  677]
666 -- [2768   86]
671 -- [2491  568]
672 -- [2788  585]
673 -- [ 757 3776]
674 -- [ 396 4545]
675 -- [1262 2426]
676 -- [1972 1663]
677 -- [1225 1828]
678 -- [3704  751]
679 -- [1705 4547]
680 -- [2026 1524]
683 -- [ 454 2081]
684 -- [4057  216]
685 -- [2752 1204]
689 -- [4532  540]
691 -- [3245  335]
692 -- [2782  804]
693 -- [1422 3561]
695 -- [ 576 2420]
696 -- [1373 2118]
697 -- [3472 1473]
699 -- [ 841 3391]
701 -- [1486 3967]
708 -- [2522 1167]
712 -- [2691 1458]
713 -- [2784 1232]
715 -- [ 334 2563]
716 -- [2857 1076]
719 -- [ 699 3290]
720 -- [1109 3245]
721 -- [  23 2614]
722 -- [2012 1162]
723 -- [ 755 2102]
724 -- [2803 1350]
725 -- [1606 2547]
726 -- [ 618 3031]
727 -- [4183  546]
728 -- [3203 1001]
729 -- [ 529 2156]
730 -- [4461 1504]
731 -- [1590 3449]
735 -- [ 171 4191]
736 -- [ 587 2309]
737 -- [ 812 2527]
738 -- [4120  122]
739 -- [1536 3260]
740 -- [ 552 4126]
741 -- [  15 2765]
742 -- [1436 3707]
743 -- [2235  727]
745 -- [ 305 3925]
746 -- [3173 1302]
750 -- [ 911 2633]
752 -- [ 459 3990]
754 -- [2741  435]
755 -- [4122 1268]
756 -- [ 508 2423]
758 -- [1803 4027]
760 -- [3602 1285]
763 -- [ 779 3955]
767 -- [1430 4265]
769 -- [1154 2667]
771 -- [ 441 3579]
772 -- [1325 3908]
776 -- [ 299 3794]
780 -- [2299 1464]
783 -- [2942 1729]
784 -- [2693  122]
785 -- [2944 1515]
787 -- [1237 4269]
791 -- [3107  363]
793 -- [1560 3241]
798 -- [2738  438]
803 -- [4111 1634]
804 -- [ 864 3949]
805 -- [2171 1203]
808 -- [ 164 2049]
809 -- [ 726 3977]
810 -- [2077 1272]
811 -- [3408 1281]
814 -- [2245  798]
815 -- [1432 2631]
820 -- [ 500 4407]
821 -- [ 225 2886]
822 -- [3919 1393]
823 -- [3236  503]
824 -- [ 672 4568]
826 -- [ 281 4015]
827 -- [4212  622]
831 -- [3920 1408]
833 -- [1714 3028]
835 -- [2835 1357]
836 -- [3166  957]
837 -- [3984 1234]
839 -- [1715 1936]
844 -- [ 569 2273]
845 -- [ 602 3502]
847 -- [4280  570]
848 -- [3543 1765]
849 -- [ 286 1977]
855 -- [1123 1932]
856 -- [3748  109]
858 -- [4312  571]
861 -- [3388  906]
863 -- [1545 2395]
864 -- [1676 1914]
866 -- [1533 3303]
868 -- [  60 2284]
871 -- [2004  433]
873 -- [3761  235]
875 -- [1600 4437]
877 -- [1206 3066]
878 -- [ 249 3235]
879 -- [ 986 2438]
883 -- [1085 4474]
885 -- [2307 1399]
886 -- [4240 1716]
892 -- [2942  159]
894 -- [1536 1969]
896 -- [  58 3956]
902 -- [4363  458]
903 -- [2049 1565]
907 -- [ 121 3430]
910 -- [1568 2131]
912 -- [ 484 3863]
915 -- [ 544 1824]
916 -- [2557  838]
917 -- [4235 1452]
918 -- [ 234 3996]
919 -- [1094 2603]
920 -- [1672 2443]
921 -- [3260 1250]
923 -- [ 440 2302]
926 -- [4236 1043]
928 -- [ 993 2951]
931 -- [ 132 3554]
932 -- [1276 3832]
934 -- [  81 2926]
935 -- [3801  707]
936 -- [2195  575]
939 -- [ 701 3360]
940 -- [3064 1316]
941 -- [1765 2843]
945 -- [1973  621]
946 -- [4002  138]
949 -- [ 735 2040]
950 -- [1037 2421]
954 -- [3657 1302]
955 -- [2536  567]
956 -- [3849 1080]
961 -- [ 576 3408]
964 -- [4557  533]
965 -- [1023 3956]
970 -- [4163  569]
971 -- [ 466 2362]
975 -- [1933  858]
977 -- [1177 2680]
979 -- [2562    1]
980 -- [ 838 2930]
981 -- [4562 1559]
983 -- [1695 3787]
985 -- [4594 1502]
988 -- [3413  231]
989 -- [1213 1953]
991 -- [2802  918]
994 -- [1208 2196]
995 -- [1311 2984]
997 -- [ 930 3647]
1001 -- [ 453 2472]
1003 -- [ 892 4548]
1006 -- [2276  909]
1009 -- [2580  706]
1010 -- [ 782 2041]
1011 -- [1432 2837]
1012 -- [ 697 3628]
1013 -- [1865  481]
1014 -- [ 210 3623]
1017 -- [ 894 1847]
1018 -- [ 450 2368]
1019 -- [1030 3665]
1023 -- [4051 1169]
1025 -- [2551  935]
1027 -- [2718  515]
1028 -- [1048 4254]
1029 -- [3485 1111]
1030 -- [1735 2561]
1031 -- [1492 2290]
1034 -- [ 378 3402]
1036 -- [4499  189]
1038 -- [ 868 4241]
1039 -- [2156  247]
1040 -- [2137  228]
1042 -- [4370 1381]
1045 -- [3276  567]
1048 -- [2687  312]
1051 -- [  81 3303]
1055 -- [4588 1708]
1056 -- [3518   54]
1059 -- [1321 1920]
1060 -- [ 545 3213]
1068 -- [1497 3389]
1073 -- [4553  918]
1075 -- [1695 3538]
1079 -- [1569 2491]
1080 -- [ 166 3024]
1082 -- [3319 1767]
1083 -- [ 744 3404]
1084 -- [4467  519]
1087 -- [1045 3239]
1089 -- [3214  125]
1090 -- [1294 2067]
1094 -- [ 594 4474]
1097 -- [4183 1198]
1099 -- [2434   94]
1100 -- [ 802 2816]
1101 -- [ 498 2490]
1102 -- [2575 1779]
1103 -- [ 852 3879]
1106 -- [ 338 4352]
1116 -- [3850  148]
1119 -- [ 464 2817]
1121 -- [ 912 1962]
1122 -- [1855  605]
1130 -- [3662 1478]
1132 -- [ 381 4555]
1134 -- [ 849 2242]
1137 -- [3620 1783]
1139 -- [2885 1712]
1140 -- [4435 1734]
1141 -- [3598  223]
1147 -- [1615 3889]
1148 -- [1861 1693]
1149 -- [ 674 2907]
1150 -- [1156 3777]
1151 -- [2304  572]
1154 -- [2965 1804]
1155 -- [ 765 2498]
1156 -- [2629 1386]
1160 -- [ 758 4250]
1161 -- [1336 2807]
1165 -- [2582  541]
1166 -- [2644  172]
1167 -- [2891 1727]
1175 -- [2862  841]
1177 -- [1229 3710]
1178 -- [ 793 4134]
1180 -- [ 542 2287]
1182 -- [3587 1349]
1183 -- [ 875 2786]
1184 -- [2187  994]
1185 -- [ 335 3042]
1189 -- [1053 3951]
1191 -- [1291 2769]
1194 -- [3819 1655]
1195 -- [  19 3075]
1196 -- [1647 4086]
1198 -- [ 965 2982]
1200 -- [1412 3744]
1201 -- [ 655 4184]
1202 -- [ 320 2864]
1203 -- [ 450 2714]
1204 -- [2027  475]
1206 -- [1771 3845]
1210 -- [ 510 3456]
1211 -- [2179   79]
1212 -- [3460  686]
1214 -- [1973 1253]
1215 -- [2830  128]
1216 -- [  15 2687]
1218 -- [1296 2069]
1220 -- [4454  484]
1221 -- [1624 2073]
1222 -- [4053  224]
1225 -- [4383    0]
1226 -- [ 820 2216]
1227 -- [ 952 2579]
1228 -- [ 609 2059]
1230 -- [1863 1274]
1232 -- [  14 2870]
1233 -- [4046  862]
1234 -- [ 490 2586]
1237 -- [4256  655]
1238 -- [ 522 3300]
1239 -- [2219  700]
1243 -- [ 156 3993]
1245 -- [4140 1628]
1246 -- [1441 3099]
1250 -- [ 391 3074]
1252 -- [2854 1389]
1253 -- [2168  177]
1256 -- [3230  788]
1260 -- [2296  383]
1266 -- [3224 1651]
1267 -- [2270 1565]
1270 -- [1016 3843]
1272 -- [ 794 4375]
1274 -- [ 743 3275]
1275 -- [ 884 2655]
1277 -- [  50 3067]
1281 -- [1138 3272]
1288 -- [  67 3618]
1290 -- [1665 3881]
1292 -- [1544 2613]
1293 -- [ 520 4051]
1295 -- [ 839 2422]
1297 -- [1002 4453]
1299 -- [4530  121]
1302 -- [2672   57]
1303 -- [1992  680]
1305 -- [3969 1490]
1306 -- [3601  313]
1311 -- [3064 1375]
1313 -- [2535  215]
1317 -- [2298  195]
1319 -- [1382 3621]
1322 -- [1161 3652]
1323 -- [2550 1028]
1329 -- [1878  394]
1333 -- [ 432 4300]
1336 -- [ 745 3129]
1344 -- [3038  921]
1345 -- [2149  609]
1348 -- [ 859 2216]
1350 -- [3603  666]
1352 -- [3067  824]
1353 -- [ 100 3874]
1354 -- [3158 1249]
1355 -- [2608  336]
1356 -- [2030 1201]
1357 -- [3841 1198]
1359 -- [ 778 2100]
1361 -- [4594  139]
1365 -- [3749  289]
1370 -- [1908  244]
1371 -- [2052  472]
1373 -- [2199 1371]
1375 -- [3918  436]
1376 -- [3815  529]
1377 -- [1479 2214]
1380 -- [1596 3643]
1381 -- [ 885 2088]
1382 -- [  20 2525]
1384 -- [3628 1033]
1387 -- [ 733 2416]
1389 -- [ 320 3576]
1392 -- [1855  642]
1393 -- [3905 1373]
1394 -- [ 279 3794]
1396 -- [1398 2279]
1400 -- [1287 2964]
1402 -- [3225  156]
1405 -- [3145  686]
1406 -- [2813 1731]
1407 -- [1916 1371]
1408 -- [ 444 2288]
1414 -- [1145 3290]
1416 -- [1046 1921]
1421 -- [3000 1112]
1423 -- [3849  560]
1424 -- [ 814 4039]
1428 -- [3908  982]
1429 -- [2812  704]
1431 -- [1669 3742]
1433 -- [4105  233]
1435 -- [1223 2157]
1438 -- [2507 1711]
1439 -- [1095 2992]
1440 -- [ 513 4046]
1442 -- [3714  136]
1444 -- [3306 1804]
1445 -- [1753 2332]
1446 -- [1617 3574]
1447 -- [  80 3919]
1449 -- [2731  129]
1452 -- [2686 1201]
1453 -- [2772 1372]
1454 -- [1317 2861]
1456 -- [ 494 2078]
1457 -- [4135  337]
1459 -- [1242 2477]
1460 -- [3816 1663]
1462 -- [1089 4263]
1467 -- [4347 1774]
1468 -- [1553 2322]
1469 -- [3749  492]
1472 -- [ 460 4408]
1473 -- [2976 1429]
1474 -- [1869  228]
1475 -- [1951  705]
1476 -- [3595  516]
1479 -- [2580  300]
1480 -- [1331 3505]
1482 -- [3018 1108]
1483 -- [3908  618]
1484 -- [ 601 2257]
1488 -- [ 595 4483]
1489 -- [1466 1864]
1491 -- [4597 1091]
1493 -- [3143  739]
1495 -- [1084 2614]
1496 -- [4552  397]
1497 -- [1747 1854]
1500 -- [2574  843]
1501 -- [3539 1305]
1502 -- [3326 1598]
1508 -- [4024   92]
1510 -- [3286  515]
1513 -- [1603 4590]
1514 -- [ 854 3798]
1517 -- [1503 2042]
1518 -- [1397 2321]
1520 -- [2544  864]
1521 -- [ 588 3557]
1522 -- [1738 2078]
1523 -- [3097 1623]
1525 -- [ 318 4428]
1526 -- [2062 1264]
1527 -- [1189 3546]
1529 -- [ 694 2743]
1530 -- [1409 3706]
1532 -- [2812   17]
1533 -- [1133 3388]
1535 -- [3935   61]
1538 -- [1375 3716]
1539 -- [ 969 4107]
1540 -- [1143 3453]
1542 -- [4117  733]
1544 -- [1493 3737]
1545 -- [1088 2606]
1546 -- [ 888 2806]
1548 -- [3925 1186]
1549 -- [2205 1373]
1550 -- [ 417 4450]
1552 -- [4334  659]
1553 -- [ 627 2608]
1554 -- [ 867 2244]
1557 -- [ 353 4012]
1559 -- [4578  702]
1560 -- [2191  166]
1562 -- [2511 1678]
1563 -- [3263 1334]
1566 -- [2389 1032]
1568 -- [2188  983]
1569 -- [1571 4542]
1570 -- [4125 1171]
1574 -- [ 158 3918]
1575 -- [2107  809]
1576 -- [ 685 4299]
1577 -- [2116 1029]
1580 -- [1237 4016]
1581 -- [2391  719]
1583 -- [3258  427]
1584 -- [1804 3211]
1585 -- [1153 2033]
1586 -- [1366 1891]
1587 -- [2400 1088]
1589 -- [4432  112]
1600 -- [1639 4148]
1603 -- [2062  517]
1604 -- [ 124 4435]
1605 -- [1321 2817]
1607 -- [3815 1502]
1611 -- [ 162 3182]
1613 -- [2637 1053]
1614 -- [2168  618]
1617 -- [ 214 4147]
1621 -- [2232  461]
1622 -- [2956 1188]
1623 -- [4489   86]
1626 -- [3817 1788]
1628 -- [ 337 2914]
1629 -- [ 504 4340]
1631 -- [3419 1737]
1632 -- [3955 1103]
1633 -- [2153  639]
1634 -- [3895 1794]
1636 -- [3400 1024]
1639 -- [ 319 2633]
1640 -- [1681 3500]
1645 -- [2943 1150]
1649 -- [ 646 1905]
1650 -- [ 836 1825]
1656 -- [ 758 2594]
1664 -- [1373 2412]
1665 -- [4436 1460]
1666 -- [1537 1955]
1667 -- [4323 1409]
1670 -- [1330 3388]
1672 -- [ 665 4278]
1679 -- [4600 1758]
1680 -- [3264 1282]
1683 -- [2567  300]
1684 -- [ 151 3151]
1686 -- [4233 1509]
1691 -- [2452  747]
1692 -- [1863 1328]
1693 -- [ 766 2099]
1694 -- [1515 2260]
1695 -- [3385 1216]
1699 -- [3722  160]
1700 -- [1016 4313]
1701 -- [3894 1728]
1702 -- [1932  424]
1703 -- [1057 2251]
1706 -- [ 838 4010]
1707 -- [1205 4194]
1710 -- [ 540 4556]
1715 -- [3113 1678]
1716 -- [1543 4486]
1717 -- [ 454 3563]
1719 -- [4499 1135]
1721 -- [  93 3199]
1722 -- [1849  621]
1723 -- [2057  180]
1724 -- [2490 1540]
1725 -- [  28 3053]
1727 -- [3339 1496]
1728 -- [3070  220]
1729 -- [3007  191]
1730 -- [3264  630]
1731 -- [4435 1788]
1733 -- [3584 1611]
1736 -- [3096  502]
1739 -- [ 502 2412]
1740 -- [ 288 3236]
1743 -- [1658 3489]
1747 -- [1154 3511]
1753 -- [4518  624]
1755 -- [2306 1036]
1758 -- [1235 3767]
1760 -- [1977  974]
1762 -- [ 493 2441]
1763 -- [2881 1468]
1767 -- [ 375 1822]
1768 -- [2568  227]
1769 -- [2509  433]
1771 -- [1174 4518]
1773 -- [ 218 2473]
1774 -- [ 828 3509]
1776 -- [3077 1598]
1777 -- [3086  194]
1778 -- [2272  508]
1779 -- [4108 1458]
1782 -- [ 264 3919]
1783 -- [2984  765]
1784 -- [3993  946]
1785 -- [1333 2053]
1788 -- [3160  711]
1789 -- [3612  441]
1790 -- [3269 1121]
1791 -- [ 267 3592]
1792 -- [1446 2488]
1794 -- [1559 3744]
1796 -- [1260 4338]
1797 -- [2452  367]
1802 -- [ 246 4464]
1803 -- [ 406 2772]
1806 -- [ 909 1833]
1810 -- [1493 3022]
1812 -- [1490 4513]
1813 -- [ 713 3160]
1815 -- [3487  715]
1817 -- [1950  839]
1821 -- [1489 4364]
1822 -- [ 359 4411]
1825 -- [ 610 3444]
1826 -- [ 872 1818]
1827 -- [4464  713]
1829 -- [1768 3019]
1831 -- [  95 3737]
1832 -- [3722 1242]
1833 -- [1494 3316]
1834 -- [3539  219]
1835 -- [1248 2912]
1836 -- [2106   26]
1839 -- [2806  665]
1842 -- [4518  831]
1845 -- [3788  488]
1851 -- [ 668 2732]
1852 -- [4302  641]
1853 -- [1724 3232]
1854 -- [ 529 2614]
1855 -- [3637 1226]
1861 -- [2972 1789]
1866 -- [   1 3277]
1874 -- [1389 3033]
1876 -- [ 792 3495]
1878 -- [ 998 2941]
1880 -- [1990 1484]
1884 -- [2431 1782]
1886 -- [2204  241]
1887 -- [ 805 2858]
1895 -- [2343 1717]
1898 -- [1053 2373]
1900 -- [3144 1240]
1901 -- [1678 3893]
1903 -- [4004 1363]
1906 -- [ 855 3946]
1908 -- [ 346 3593]
1909 -- [3344   88]
1911 -- [2784  253]
1913 -- [1405 3849]
1917 -- [ 452 2534]
1918 -- [3573 1417]
1919 -- [1602 3100]
1920 -- [ 537 2063]
1924 -- [1877 1727]
1926 -- [1975  497]
1927 -- [3347 1238]
1930 -- [ 654 3106]
1931 -- [ 874 4085]
1933 -- [4003  942]
1940 -- [1170 2207]
1941 -- [ 267 3311]
1942 -- [3677 1350]
1943 -- [ 503 2914]
1944 -- [3622  296]
1946 -- [1013 1825]
1947 -- [3241  842]
1949 -- [4524  353]
1954 -- [ 697 2847]
1956 -- [4171 1104]
1957 -- [1777 3933]
1958 -- [1531 2494]
1960 -- [2285 1073]
1962 -- [1646 3604]
1965 -- [2936 1041]
1968 -- [ 469 2563]
1971 -- [ 394 3950]
1972 -- [3985 1458]
1977 -- [1887 1704]
1978 -- [2228  383]
1981 -- [2928  766]
1982 -- [ 361 3127]
1983 -- [4001  437]
1984 -- [3364 1141]
1986 -- [ 135 4288]
1987 -- [  96 2804]
1991 -- [3537  989]
1993 -- [2480 1676]
1994 -- [1311 3187]
1996 -- [ 750 3071]
1998 -- [  17 3203]
2001 -- [3975  840]
2003 -- [2037  480]
2005 -- [4422 1093]
2006 -- [4091  633]
2008 -- [ 958 4176]
2009 -- [2186  490]
2010 -- [1182 3798]
2011 -- [2227  586]
2014 -- [3354  624]
2015 -- [2545 1314]
2019 -- [4336 1751]
2020 -- [2647  334]
2021 -- [2012 1746]
2023 -- [ 924 3673]
2027 -- [3147 1336]
2028 -- [ 699 3552]
2030 -- [1022 3739]
2031 -- [ 747 2910]
2033 -- [1537 1992]
2035 -- [3968 1412]
2036 -- [1657 2601]
2038 -- [2894  396]
2039 -- [ 917 4230]
2040 -- [2045  712]
2041 -- [1444 3270]
2043 -- [ 343 3109]
2044 -- [2038 1592]
2045 -- [4016  678]
2047 -- [ 756 2729]
2049 -- [2064 1329]
2050 -- [1448 4460]
2051 -- [2306  757]
2052 -- [3503   37]
2053 -- [4200 1551]
2056 -- [1172 4259]
2059 -- [1905 1453]
2060 -- [1433 4475]
2063 -- [4075 1258]
2064 -- [1674 2010]
2065 -- [1212 4070]
2066 -- [  22 3303]
2068 -- [4144 1740]
2069 -- [1141 3117]
2070 -- [1352 2804]
2073 -- [3332 1712]
2076 -- [1006 3136]
2077 -- [ 953 3307]
2079 -- [2895  892]
2080 -- [1152 4130]
2081 -- [3915  465]
2084 -- [2014 1306]
2087 -- [3705 1741]
2093 -- [ 337 2159]
2095 -- [1589 3867]
2100 -- [2949  814]
2101 -- [3050  759]
2102 -- [1919  142]
2104 -- [ 416 2229]
2105 -- [2251 1438]
2106 -- [ 480 4162]
2108 -- [4497  525]
2110 -- [ 310 2876]
2111 -- [4310 1765]
2112 -- [ 693 1939]
2113 -- [ 138 2706]
2116 -- [3719 1444]
2117 -- [4524  149]
2119 -- [ 651 4527]
2120 -- [1392 4077]
2122 -- [2826  444]
2124 -- [3304  948]
2125 -- [ 718 3307]
2126 -- [ 987 2674]
2128 -- [4515  738]
2132 -- [3836  634]
2133 -- [1062 2667]
2134 -- [2476 1726]
2138 -- [1539 3100]
2139 -- [2338  580]
2141 -- [1430 4475]
2144 -- [4569  287]
2146 -- [3589 1693]
2149 -- [1024 3504]
2151 -- [3749 1433]
2155 -- [4026 1216]
2159 -- [2742 1793]
2160 -- [2746  541]
2161 -- [ 957 2017]
2164 -- [ 317 2378]
2166 -- [2508 1665]
2170 -- [3943  765]
2171 -- [2119  191]
2172 -- [3720 1172]
2175 -- [ 868 3946]
2176 -- [1408 4551]
2180 -- [2790  829]
2181 -- [ 111 3553]
2182 -- [1629 4532]
2183 -- [ 305 1993]
2185 -- [1295 2405]
2188 -- [3354 1534]
2194 -- [3469 1172]
2197 -- [1354 4280]
2199 -- [4498 1597]
2202 -- [ 283 2917]
2208 -- [1206 4455]
2211 -- [4172  325]
2213 -- [4493  684]
2214 -- [ 516 2907]
2215 -- [ 596 3896]
2216 -- [1269 1927]
2218 -- [3365 1053]
2220 -- [3139 1712]
2221 -- [ 631 2459]
2225 -- [ 427 1872]
2227 -- [2718   60]
2230 -- [3570  561]
2232 -- [1072 4031]
2234 -- [3387  242]
2235 -- [ 956 1960]
2237 -- [2958 1437]
2238 -- [4383 1593]
2242 -- [2235 1355]
2244 -- [ 357 2700]
2245 -- [3352 1272]
2247 -- [2964 1401]
2248 -- [ 428 4334]
2249 -- [4302  883]
2252 -- [3909  728]
2257 -- [ 177 2509]
2258 -- [4368 1285]
2262 -- [1111 3561]
2265 -- [4482  613]
2266 -- [3450  625]
2271 -- [4207  144]
2272 -- [ 881 3688]
2274 -- [2000  703]
2275 -- [ 600 3643]
2280 -- [1537 4008]
2281 -- [1117 4408]
2283 -- [2305  493]
2290 -- [ 437 3815]
2293 -- [1398 3298]
2296 -- [2631   75]
2299 -- [1471 2745]
2308 -- [2935 1664]
2309 -- [ 990 2817]
2314 -- [1639 2020]
2318 -- [ 281 3454]
2324 -- [1538 2989]
2326 -- [1567 3847]
2329 -- [1454 3878]
2332 -- [ 459 4376]
2333 -- [3202  357]
2334 -- [ 801 2560]
2342 -- [3960 1054]
2344 -- [3777 1226]
2345 -- [1096 3420]
2346 -- [2197  846]
2347 -- [ 123 4462]
2351 -- [2180  298]
2353 -- [2087 1149]
2356 -- [1675 2006]
2360 -- [1628 4238]
2362 -- [4090 1732]
2365 -- [ 659 2288]
2367 -- [4435  608]
2370 -- [3358 1301]
2371 -- [4534 1771]
2372 -- [4464 1352]
2373 -- [1897 1400]
2381 -- [2112 1067]
2382 -- [2467  930]
2384 -- [3653  314]
2385 -- [2257 1580]
2386 -- [ 663 3315]
2390 -- [2093  156]
2392 -- [1919 1798]
2393 -- [4443 1434]
2397 -- [3118  601]
2400 -- [ 229 3486]
2402 -- [2583 1041]
2403 -- [1893 1615]
2404 -- [2359 1535]
2405 -- [2686 1577]
2406 -- [2782  862]
2412 -- [ 247 3153]
2416 -- [ 309 4451]
2417 -- [2652  235]
2418 -- [ 124 2482]
2421 -- [1152 3223]
2422 -- [ 177 2362]
2425 -- [2876  498]
2427 -- [2320 1670]
2432 -- [1821 1634]
2434 -- [  58 3890]
2435 -- [4139 1252]
2436 -- [1908 1180]
2437 -- [4235  699]
2439 -- [2595  986]
2443 -- [ 343 2400]
2445 -- [3900 1740]
2448 -- [ 617 4225]
2449 -- [2010 1615]
2451 -- [1546 2309]
2453 -- [3065  901]
2456 -- [1293 4363]
2457 -- [4350  316]
2458 -- [2930  629]
2459 -- [1631 4439]
2461 -- [1547 2391]
2462 -- [1724 3297]
2465 -- [3487 1021]
2466 -- [ 424 2832]
2468 -- [ 999 4003]
2471 -- [ 147 2042]
2472 -- [2485 1658]
2476 -- [ 646 3302]
2478 -- [1875 1533]
2479 -- [1709 1824]
2482 -- [ 796 2783]
2483 -- [ 280 2118]
2484 -- [1084 1955]
2485 -- [2461 1365]
2486 -- [1045 3007]
2487 -- [1556 4273]
2488 -- [3988  697]
2493 -- [4131  952]
2495 -- [2069  467]
2496 -- [2201 1188]
2500 -- [ 694 3574]
2501 -- [2563 1592]
2502 -- [1346 4006]
2504 -- [2060  399]
2507 -- [ 508 2143]
2508 -- [4454   12]
2512 -- [1203 4278]
2514 -- [2444 1604]
2516 -- [2998 1092]
2517 -- [ 327 3916]
2520 -- [ 720 2056]
2524 -- [ 925 1988]
2529 -- [ 586 3247]
2531 -- [ 871 4184]
2535 -- [1798 3526]
2536 -- [ 661 2532]
2538 -- [1748 4111]
2539 -- [2163  307]
2540 -- [ 531 3160]
2541 -- [2326  550]
2542 -- [1271 3725]
2544 -- [1153 3897]
2549 -- [1570 2701]
2551 -- [1457 2858]
2552 -- [1703 2386]
2556 -- [2027  187]
2557 -- [2564 1438]
2558 -- [4031 1495]
2560 -- [2963   17]
2562 -- [1930  291]
2563 -- [2140  894]
2564 -- [2285  526]
2571 -- [2147  584]
2572 -- [3719 1176]
2574 -- [3630 1692]
2576 -- [  11 3652]
2579 -- [3054 1325]
2581 -- [ 361 2131]
2584 -- [ 932 3012]
2588 -- [ 845 1872]
2589 -- [ 599 3275]
2594 -- [3714 1149]
2595 -- [3374  790]
2596 -- [3434 1644]
2597 -- [1694 2938]
2598 -- [1485 4031]
2602 -- [ 136 2095]
2605 -- [1467 2827]
2606 -- [ 336 3328]
2607 -- [2006 1396]
2608 -- [1540 3986]
2609 -- [ 421 2133]
2610 -- [ 292 2939]
2615 -- [2404  524]
2616 -- [ 343 2429]
2618 -- [3969 1321]
2623 -- [1811 2368]
2624 -- [ 206 3089]
2627 -- [ 716 3507]
2628 -- [2689  920]
2629 -- [2519 1278]
2630 -- [2317   65]
2631 -- [4597 1101]
2633 -- [3612   18]
2638 -- [ 405 4144]
2640 -- [4012 1657]
2648 -- [3041  393]
2650 -- [ 548 1859]
2652 -- [1117 4353]
2653 -- [2482  280]
2654 -- [1517 3239]
2656 -- [3422 1223]
2657 -- [1203 2640]
2658 -- [3134 1664]
2659 -- [4252   82]
2660 -- [ 993 2129]
2663 -- [ 853 2317]
2668 -- [ 236 1840]
2670 -- [3401  699]
2672 -- [1674 1960]
2675 -- [3590 1020]
2676 -- [1947 1500]
2677 -- [3261  752]
2679 -- [ 487 2960]
2681 -- [1288 2506]
2685 -- [ 999 3546]
2689 -- [3282 1195]
2690 -- [ 973 3371]
2691 -- [2328   26]
2693 -- [3505  277]
2694 -- [2800 1037]
2701 -- [  24 2674]
2703 -- [4084 1110]
2704 -- [ 104 3170]
2708 -- [2812 1373]
2713 -- [ 709 2080]
2714 -- [3981 1605]
2717 -- [ 560 2566]
2718 -- [ 721 2850]
2719 -- [1257 2189]
2720 -- [1052 2255]
2721 -- [ 347 3005]
2722 -- [3449  509]
2723 -- [1143 4312]
2728 -- [1260 2147]
2729 -- [ 432 3645]
2731 -- [4139 1348]
2732 -- [ 482 4445]
2734 -- [ 301 2456]
2735 -- [ 521 3972]
2739 -- [1455 4124]
2740 -- [4314  556]
2745 -- [2674  813]
2747 -- [ 938 3872]
2748 -- [ 253 2250]
2749 -- [3048 1703]
2751 -- [3338  257]
2753 -- [4363  672]
2754 -- [2753  161]
2755 -- [ 260 2139]
2757 -- [4557  788]
2759 -- [2817  496]
2760 -- [2733 1603]
2761 -- [2846  447]
2762 -- [ 469 3496]
2763 -- [2221 1677]
2769 -- [ 172 2528]
2770 -- [2744 1216]
2776 -- [3765 1154]
2780 -- [1237 3973]
2781 -- [ 379 3821]
2782 -- [1871  437]
2784 -- [2160  269]
2785 -- [ 611 3073]
2786 -- [1846 1075]
2789 -- [1493 2118]
2791 -- [3769  453]
2794 -- [  53 3279]
2795 -- [4078 1152]
2797 -- [3368  741]
2802 -- [ 449 2362]
2804 -- [ 366 2344]
2805 -- [ 881 3502]
2807 -- [1590 3449]
2813 -- [3136  365]
2817 -- [2327  845]
2818 -- [1576 3583]
2819 -- [3474  499]
2822 -- [1194 2214]
2823 -- [4236  778]
2824 -- [3026  738]
2827 -- [2145  663]
2828 -- [  29 2155]
2833 -- [3434  610]
2834 -- [2646  809]
2838 -- [ 656 2128]
2839 -- [1468 3344]
2840 -- [1678 2250]
2841 -- [2993  148]
2843 -- [3854 1179]
2849 -- [ 786 3521]
2850 -- [4266 1414]
2852 -- [ 212 1983]
2853 -- [3797  983]
2858 -- [3169  937]
2860 -- [4184 1407]
2861 -- [2496   32]
2863 -- [1268 3814]
2864 -- [1885  134]
2866 -- [4253 1505]
2867 -- [ 257 4177]
2868 -- [4501  906]
2869 -- [4080  595]
2870 -- [2371  103]
2872 -- [2857 1019]
2874 -- [ 107 2306]
2876 -- [2234  291]
2877 -- [2690 1496]
2879 -- [1556 2775]
2880 -- [2015  376]
2881 -- [2366 1345]
2883 -- [3968  410]
2884 -- [3248 1310]
2889 -- [3293 1691]
2891 -- [2573 1501]
2894 -- [2832  556]
2895 -- [2305  450]
2897 -- [1002 2219]
2898 -- [2189  704]
2899 -- [3030  377]
2900 -- [ 596 3017]
2901 -- [1109 2194]
2902 -- [1071 4081]
2903 -- [ 828 2138]
2908 -- [3042 1499]
2909 -- [4219  914]
2917 -- [1108 4119]
2919 -- [1968  512]
2921 -- [ 693 3122]
2923 -- [1692 2682]
2926 -- [2308  968]
2930 -- [ 468 2520]
2931 -- [ 977 4031]
2937 -- [1643 3672]
2938 -- [1633 3918]
2939 -- [ 511 1869]
2945 -- [2148 1640]
2946 -- [3043 1634]
2948 -- [1453 2036]
2949 -- [1016 2065]
2950 -- [1040 3210]
2952 -- [1501 2742]
2953 -- [4077 1486]
2955 -- [ 899 1863]
2958 -- [ 649 4421]
2960 -- [1638 4403]
2962 -- [1507 3250]
2966 -- [1239 2841]
2970 -- [2351  355]
2971 -- [3055 1407]
2972 -- [3707 1585]
2974 -- [1322 3594]
2975 -- [ 510 2383]
2978 -- [4145  370]
2981 -- [ 967 2865]
2982 -- [3698   54]
2985 -- [4451  217]
2988 -- [2657 1354]
2989 -- [ 340 2262]
2990 -- [1098 4040]
2991 -- [2998 1772]
2992 -- [3501   34]
2993 -- [1072 2534]
2995 -- [3176  957]
2996 -- [2646  642]
3003 -- [3744  308]
3004 -- [1139 3055]
3005 -- [3237 1653]
3007 -- [2311 1386]
3008 -- [ 414 3440]
3021 -- [1747 1839]
3022 -- [3011  592]
3025 -- [2259 1080]
3026 -- [ 543 3469]
3027 -- [2510  267]
3028 -- [1863  489]
3029 -- [  11 3247]
3030 -- [ 983 3073]
3031 -- [1447 4155]
3033 -- [ 389 4514]
3034 -- [2828 1279]
3039 -- [1023 3511]
3041 -- [3123  590]
3043 -- [ 571 3964]
3044 -- [3440 1802]
3045 -- [2947 1450]
3046 -- [2950 1196]
3048 -- [2350  614]
3049 -- [2144  530]
3051 -- [1659 2997]
3054 -- [ 227 3699]
3056 -- [3313  898]
3057 -- [  74 3510]
3058 -- [4411  762]
3059 -- [3062 1069]
3061 -- [1665 3803]
3062 -- [ 589 2958]
3064 -- [1482 3375]
3065 -- [  56 2635]
3067 -- [4478  210]
3068 -- [4376 1151]
3071 -- [3211  578]
3074 -- [2561 1591]
3076 -- [1929   99]
3077 -- [4019  902]
3078 -- [ 474 2116]
3079 -- [  99 2320]
3080 -- [2120  854]
3081 -- [2710 1779]
3082 -- [3832 1390]
3084 -- [1999 1769]
3086 -- [ 886 4392]
3089 -- [1745 3670]
3093 -- [1014 4064]
3094 -- [3271 1334]
3096 -- [2303 1241]
3097 -- [3939   59]
3098 -- [ 219 2879]
3100 -- [2946  794]
3104 -- [ 544 4344]
3106 -- [4579 1125]
3107 -- [3818  224]
3109 -- [1428 2414]
3112 -- [3496  638]
3114 -- [ 170 2550]
3115 -- [2047  617]
3116 -- [ 491 3551]
3119 -- [ 875 3795]
3122 -- [3370  123]
3123 -- [3174 1567]
3124 -- [ 306 2395]
3125 -- [1472 3870]
3126 -- [ 237 3151]
3129 -- [ 280 4013]
3130 -- [1198 2949]
3137 -- [1461 1823]
3140 -- [4355  756]
3141 -- [2520 1117]
3142 -- [1022 2756]
3143 -- [1119 1878]
3144 -- [ 720 2380]
3146 -- [ 153 2430]
3148 -- [2987 1811]
3154 -- [ 219 2733]
3155 -- [1889 1797]
3156 -- [1334 2182]
3157 -- [1260 2306]
3160 -- [ 364 3345]
3164 -- [1603 2949]
3165 -- [3400  417]
3166 -- [2766 1232]
3171 -- [1566 3476]
3176 -- [3269  197]
3178 -- [1764 2352]
3179 -- [3014  419]
3180 -- [ 739 2109]
3184 -- [1161 4272]
3185 -- [1589 2668]
3187 -- [1858 1482]
3188 -- [ 786 2666]
3189 -- [1386 3091]
3190 -- [3313  829]
3192 -- [2295  276]
3195 -- [ 476 3347]
3196 -- [3207  932]
3197 -- [1011 3085]
3199 -- [1333 3794]
3201 -- [1941 1481]
3202 -- [ 369 3973]
3203 -- [1700 3187]
3204 -- [2130 1202]
3207 -- [1834 1579]
3208 -- [1452 2139]
3211 -- [2207  210]
3213 -- [2062  706]
3214 -- [ 985 3150]
3215 -- [2880  402]
3217 -- [4459 1325]
3219 -- [ 899 3711]
3220 -- [1114 2697]
3221 -- [ 891 1824]
3223 -- [1536 4046]
3225 -- [ 426 2045]
3227 -- [  23 2842]
3228 -- [ 160 2143]
3230 -- [3468  848]
3232 -- [2408  461]
3234 -- [2598 1302]
3235 -- [1946 1184]
3236 -- [1495 2425]
3237 -- [3615   10]
3238 -- [3621 1798]
3239 -- [3572  896]
3245 -- [1321 2649]
3246 -- [2426 1312]
3247 -- [3168  549]
3248 -- [1892 1626]
3249 -- [ 474 3812]
3251 -- [2737  917]
3252 -- [1184 4376]
3253 -- [ 191 3232]
3257 -- [3202  189]
3258 -- [ 229 2965]
3259 -- [3696  453]
3260 -- [2235 1665]
3262 -- [ 636 3808]
3264 -- [4586  365]
3268 -- [2896 1659]
3270 -- [1302 4243]
3273 -- [ 758 3386]
3276 -- [2033   58]
3279 -- [1353 3923]
3280 -- [1027 2739]
3283 -- [ 416 4311]
3284 -- [1266 4534]
3285 -- [3619 1627]
3286 -- [ 980 2948]
3287 -- [ 571 3751]
3289 -- [3177  882]
3290 -- [ 315 4132]
3291 -- [4363 1307]
3292 -- [ 615 3969]
3293 -- [3402  500]
3294 -- [4280 1564]
3295 -- [3612  847]
3297 -- [ 119 3667]
3300 -- [2570  141]
3302 -- [1648 4513]
3304 -- [1677 3918]
3306 -- [ 306 3641]
3308 -- [3080 1392]
3309 -- [2695   77]
3312 -- [1806 2703]
3313 -- [1316 3169]
3314 -- [1508 2257]
3315 -- [1813 1215]
3317 -- [ 601 2045]
3320 -- [ 718 2851]
3322 -- [3957  159]
3323 -- [  37 1841]
3324 -- [ 900 4204]
3325 -- [4445 1363]
3327 -- [3499 1420]
3331 -- [1265 4503]
3332 -- [ 950 1892]
3333 -- [3381 1287]
3339 -- [1883 1372]
3340 -- [2604 1668]
3343 -- [1012 2004]
3346 -- [1600 2750]
3348 -- [2024   33]
3349 -- [2070  960]
3350 -- [4047  253]
3351 -- [2705 1452]
3353 -- [2941 1221]
3354 -- [ 495 2216]
3357 -- [ 841 2987]
3360 -- [3149 1175]
3361 -- [3025 1247]
3365 -- [ 590 3421]
3366 -- [2183  258]
3370 -- [1916  199]
3372 -- [1914  158]
3373 -- [2935 1152]
3375 -- [1761 2426]
3376 -- [3124 1088]
3378 -- [3834 1141]
3379 -- [2638 1100]
3380 -- [2756  459]
3386 -- [3802  229]
3387 -- [3835  518]
3392 -- [ 434 4242]
3393 -- [  50 2062]
3395 -- [2922  863]
3397 -- [4419 1463]
3398 -- [4064  749]
3399 -- [1386 4275]
3402 -- [4316  378]
3404 -- [2272  824]
3406 -- [4281 1427]
3407 -- [3803 1098]
3408 -- [4521  872]
3410 -- [4264  651]
3411 -- [ 625 3332]
3412 -- [ 367 2466]
3413 -- [1135 3498]
3416 -- [3689 1344]
3417 -- [2809  714]
3418 -- [ 905 3994]
3419 -- [4579 1599]
3421 -- [1475 2979]
3425 -- [4519 1558]
3426 -- [3353  856]
3428 -- [ 392 2709]
3429 -- [ 596 4167]
3430 -- [1288 3249]
3434 -- [4323  582]
3435 -- [1562 3951]
3437 -- [1004 4119]
3441 -- [3672 1734]
3442 -- [ 609 2005]
3443 -- [3826 1059]
3444 -- [1319 3438]
3445 -- [3798 1138]
3451 -- [1357 3872]
3458 -- [3571  263]
3466 -- [3275  167]
3468 -- [1284 3192]
3472 -- [1323 4297]
3476 -- [ 764 3090]
3477 -- [2105  240]
3480 -- [  65 2848]
3481 -- [1614 3071]
3482 -- [2316 1097]
3483 -- [4214  650]
3484 -- [1372 2195]
3488 -- [1625 4026]
3490 -- [1073 2142]
3492 -- [4335  144]
3493 -- [2595  690]
3495 -- [ 444 4311]
3498 -- [2865  202]
3500 -- [1943  121]
3502 -- [1445 3346]
3503 -- [1104 4207]
3505 -- [2329 1197]
3506 -- [1189 1874]
3511 -- [ 971 2906]
3512 -- [4539  771]
3513 -- [1154 3919]
3514 -- [4158  651]
3517 -- [1809 3251]
3518 -- [ 893 2483]
3519 -- [4258   61]
3521 -- [1892  188]
3522 -- [2218 1786]
3523 -- [3721 1464]
3524 -- [ 616 2906]
3525 -- [1804 2004]
3527 -- [ 246 4519]
3528 -- [3217  595]
3531 -- [1823  214]
3532 -- [3837  788]
3534 -- [1941  692]
3535 -- [ 549 3992]
3536 -- [2521  804]
3543 -- [1490 2687]
3546 -- [3386  140]
3549 -- [1864 1283]
3550 -- [1268 3755]
3553 -- [ 725 4109]
3554 -- [2487  227]
3555 -- [4579  452]
3563 -- [2301 1435]
3564 -- [3909 1063]
3567 -- [1275 3817]
3568 -- [2184 1595]
3571 -- [2228 1668]
3572 -- [ 309 3836]
3573 -- [2662 1369]
3574 -- [ 939 2778]
3575 -- [1797 4052]
3576 -- [2472 1655]
3577 -- [3815 1504]
3578 -- [2018 1008]
3579 -- [2980  210]
3581 -- [1716 3980]
3582 -- [2056  396]
3584 -- [1629 3583]
3585 -- [1504 4329]
3586 -- [ 589 2214]
3587 -- [ 128 2693]
3591 -- [1046 2048]
3593 -- [ 268 3647]
3595 -- [1991  731]
3596 -- [  28 3150]
3599 -- [  96 4506]
3603 -- [3704  599]
3604 -- [1993  893]
3606 -- [1899  889]
3607 -- [3326  471]
3608 -- [2005 1354]
3610 -- [3372  557]
3614 -- [ 326 2745]
3615 -- [1651 4142]
3616 -- [ 109 3081]
3617 -- [2803 1373]
3620 -- [ 775 3180]
3622 -- [3926  187]
3631 -- [1748 3675]
3632 -- [1325 4309]
3633 -- [1395 3360]
3634 -- [1283 4161]
3636 -- [2915 1802]
3639 -- [1479 3868]
3641 -- [3231 1720]
3643 -- [3522 1573]
3644 -- [3090  592]
3645 -- [2194 1126]
3648 -- [1906  313]
3653 -- [3562  919]
3656 -- [2780 1191]
3659 -- [1893 1582]
3661 -- [1202 3344]
3664 -- [3975 1226]
3665 -- [4196  894]
3667 -- [1206 2883]
3672 -- [ 589 3432]
3674 -- [2913 1421]
3681 -- [3831 1603]
3683 -- [ 617 3991]
3684 -- [ 414 3914]
3685 -- [ 512 2804]
3686 -- [3324  921]
3687 -- [ 543 2719]
3688 -- [1251 3430]
3692 -- [2582  504]
3695 -- [ 217 2057]
3696 -- [3462 1021]
3697 -- [1720 3624]
3698 -- [2300  901]
3699 -- [ 539 2591]
3700 -- [2114  394]
3702 -- [ 920 3971]
3705 -- [3023 1051]
3706 -- [3063 1508]
3707 -- [1251 2532]
3709 -- [ 322 2538]
3711 -- [2844 1368]
3712 -- [3798 1197]
3713 -- [2718  858]
3716 -- [3234 1210]
3717 -- [ 825 4479]
3720 -- [2755 1154]
3723 -- [3382  568]
3726 -- [ 904 3634]
3727 -- [1553 2018]
3728 -- [2810  390]
3729 -- [1581 1977]
3730 -- [1534 3221]
3731 -- [2684  675]
3732 -- [ 196 4282]
3737 -- [3163 1271]
3739 -- [3337  623]
3742 -- [4427 1567]
3744 -- [2464  411]
3745 -- [2960 1210]
3747 -- [1325 3793]
3749 -- [3102  245]
3750 -- [3729 1500]
3754 -- [3617  644]
3758 -- [2005 1530]
3761 -- [1407 4403]
3764 -- [1330 3556]
3769 -- [3259  890]
3773 -- [3324 1657]
3777 -- [3401 1083]
3779 -- [2268 1260]
3780 -- [ 161 4010]
3781 -- [ 263 3516]
3783 -- [3924  923]
3784 -- [1917 1348]
7 -time: 0.02133 -dim: (11172, 2)
8 -time: 0.00012 -dim: (7, 57)
9 -time: 4.00678 -dim: (1835400, 3)
10 -time: 5.58849 -dim: (1730141, 3)
11_12 -time: 0.20116 -dim: [110424, 2]
13 -time: 0.07961 -dim: (36808, 4)
14_15 -time: 0.03346 -dim: [798, 2]
16 -time: 0.00001 -dim: (0, 2)
17_18 -time: 0.35570 -dim: [73616, 3]
19 -time: 0.00008 -dim: (1, 1)
20 -time: 0.22942 -dim: (0, 4601)
21 -time: 0.00081 -dim: (1, 4601)
22 -time: 0.00006 -dim: (3785, 3)
23 -time: 0.00004 -dim: (3785, 3)
24 -time: 0.00004 -dim: (0, 5)
25 -time: 0.00007 -dim: (4266, 3)
26 -time: 0.00006 -dim: (4266, 3)
smtPr 22-26 -time: 0.02524 -dim: nan
slvr_header -time: 2.41613 -dim: nan
*solver* -time: 900.36462 -dim: nan
res_read -time: 0.11694 -dim: nan
-- SUM CL TIME: 10.54248          |  SUM other TIME: 902.89769          |  SUM TIME: 913.44017
