num branch_node: 7
num leaf_node: 8
num feature: 57
tree_depth: 3
num label: 2
nDC: 2432

***variables
a: 1 - 399 -> 399
s: 400 - 32606 -> 32207
z: 32607 - 69414 -> 36808
g: 69415 - 69430 -> 16
x: 69431 - 78632 -> 9202
ml: 78633 - 79867 -> 1235
cl: 79868 - 80932 -> 1065

variables***
[debug] --> CL ML ratio 3
the cl header --> p wcnf 80932 3805268 4431

timeout 900s ~/SAT_Project/loandra-master/loandra_static -pmreslin-cglim=30 -weight-strategy=1 -print-model -verbosity=1 ./solutions/spam_0.1_mc0.5_s2352_r3/phase_1_clauses_final >./solutions/spam_0.1_mc0.5_s2352_r3/phase_1_loandra_res

Start to read loandra res
*loandra status: SATISFIABLE
-ml sat and violated: 940 | 295  | total #ml: 1235 | -violated weight: 295
9 -- [960 393]
14 -- [1654 1511]
16 -- [2348 4117]
22 -- [3322 2514]
30 -- [3543 4404]
34 -- [1220  993]
38 -- [1705  437]
39 -- [4336 2693]
40 -- [3301 4353]
43 -- [3912 2113]
49 -- [3542 2716]
52 -- [3731 4222]
58 -- [758 541]
63 -- [2124 2621]
65 -- [4372 3299]
70 -- [4166 2495]
73 -- [1535 1138]
80 -- [3741 1883]
83 -- [1938 2938]
87 -- [4529 4092]
90 -- [619 407]
97 -- [4047 3616]
107 -- [1046  967]
115 -- [1654  233]
116 -- [635   6]
124 -- [138 199]
127 -- [2646 2332]
129 -- [4472 2941]
134 -- [ 490 1020]
140 -- [159 686]
142 -- [2137 4562]
156 -- [3108 2135]
157 -- [  57 1229]
158 -- [4399 3046]
165 -- [2016 4514]
172 -- [1005  163]
173 -- [2095 3622]
174 -- [4472 3464]
177 -- [1760  233]
182 -- [1821 3568]
185 -- [1647  899]
187 -- [3050 4215]
196 -- [2154 2077]
201 -- [  57 1025]
203 -- [2278 1853]
204 -- [2381 2554]
205 -- [3197 2871]
213 -- [294 742]
214 -- [4218 3511]
221 -- [ 391 1704]
222 -- [3720 4117]
224 -- [2760 3701]
229 -- [ 516 1017]
232 -- [4278 4185]
233 -- [403  26]
234 -- [4299 4053]
239 -- [1683  831]
250 -- [4033 4150]
256 -- [212 429]
257 -- [3307 4426]
258 -- [4383 2469]
262 -- [ 463 1168]
267 -- [4250 1940]
268 -- [4326 2039]
269 -- [2735 2386]
275 -- [2838 2416]
282 -- [3368 4112]
288 -- [ 703 1656]
289 -- [ 825 1346]
291 -- [4347 4099]
295 -- [254 137]
301 -- [2827 4435]
302 -- [1187  380]
320 -- [2528 1872]
327 -- [1938 3277]
328 -- [3424 3065]
329 -- [3017 1940]
330 -- [1640 1578]
333 -- [1555 1727]
345 -- [4485 4072]
346 -- [3731 3541]
347 -- [2171 3059]
351 -- [1048 1387]
352 -- [ 399 1788]
353 -- [463 969]
355 -- [3923 4128]
356 -- [3188 4446]
362 -- [ 352 1560]
364 -- [2581 3108]
365 -- [1529  740]
371 -- [654   6]
374 -- [3187 4245]
376 -- [2691 1947]
378 -- [2436 3216]
386 -- [1351  993]
387 -- [3842 2452]
389 -- [3853 1829]
395 -- [2144 2304]
398 -- [2280 3805]
403 -- [2364 4097]
404 -- [2194 4461]
406 -- [3293 4061]
411 -- [ 110 1608]
412 -- [3108 3191]
413 -- [4318 3552]
416 -- [1390  759]
421 -- [3703 1877]
423 -- [3014 4502]
430 -- [454 792]
433 -- [1138 1563]
435 -- [2804 3738]
436 -- [1213 1178]
437 -- [ 324 1759]
439 -- [1803 1721]
454 -- [1428  331]
455 -- [4348 4198]
459 -- [2428 2566]
468 -- [ 412 1205]
470 -- [ 480 1178]
471 -- [4121 2495]
482 -- [1623  178]
485 -- [ 68 227]
491 -- [1641 1481]
492 -- [4246 1972]
498 -- [4463 3986]
499 -- [4399 3100]
514 -- [1675 1513]
516 -- [2342 2377]
517 -- [2461 1898]
518 -- [4443 3778]
520 -- [ 357 1387]
525 -- [852 543]
528 -- [ 206 1223]
531 -- [2826 2959]
537 -- [2342 4011]
538 -- [2016 4289]
543 -- [4452 4367]
545 -- [2382 4341]
546 -- [4418 4169]
551 -- [665 511]
552 -- [829 358]
559 -- [ 489 1049]
561 -- [931 805]
565 -- [4280 2708]
574 -- [1675   84]
586 -- [1668  683]
588 -- [2463 2334]
596 -- [1945 2691]
599 -- [2305 4470]
600 -- [592 117]
606 -- [ 914 1443]
619 -- [3929 3822]
621 -- [4211 4541]
635 -- [3197 2782]
637 -- [4485 3067]
639 -- [ 833 1265]
641 -- [ 634 1687]
642 -- [2307 4208]
646 -- [3957 2613]
650 -- [3703 3797]
651 -- [304 886]
653 -- [2163 2588]
656 -- [2411 2389]
668 -- [1154  935]
672 -- [2220 3325]
684 -- [2639 2182]
688 -- [4398 4258]
696 -- [2412 2865]
697 -- [2631 4442]
699 -- [3452 1979]
701 -- [2267 3470]
706 -- [3310 3022]
707 -- [1178  166]
714 -- [1056  519]
721 -- [ 405 1191]
735 -- [4336 1952]
736 -- [4221 4054]
739 -- [2904 4296]
743 -- [4464 3741]
744 -- [4033 3589]
751 -- [2680 1897]
753 -- [2353 2809]
754 -- [1529  831]
755 -- [4394 3125]
758 -- [2507 3190]
760 -- [ 234 1324]
761 -- [3860 4000]
764 -- [4254 2429]
777 -- [2614 4108]
778 -- [1372  714]
783 -- [3228 2157]
787 -- [344 186]
793 -- [4229 4016]
794 -- [4359 1971]
797 -- [4134 2284]
798 -- [2357 1853]
800 -- [2313 4548]
803 -- [ 597 1220]
804 -- [2494 2691]
807 -- [4358 3026]
814 -- [3192 2113]
817 -- [899 338]
823 -- [3446 4524]
825 -- [ 109 1340]
834 -- [1415 1512]
842 -- [4590 2424]
849 -- [2826 2563]
850 -- [3738 4346]
859 -- [2459 1981]
863 -- [3321 4255]
870 -- [764 303]
875 -- [3653 3059]
881 -- [3896 4044]
887 -- [3273 2343]
889 -- [2718 3909]
891 -- [ 626 1234]
892 -- [895  48]
895 -- [1532  130]
902 -- [3519 3160]
904 -- [3337 1887]
909 -- [963 587]
910 -- [4307 4479]
911 -- [3174 4502]
926 -- [1342  263]
930 -- [2830 2077]
932 -- [1658  168]
933 -- [184 628]
934 -- [ 987 1060]
936 -- [3934 3072]
950 -- [4349 3205]
954 -- [ 319 1396]
955 -- [146  21]
959 -- [2708 1860]
962 -- [198 435]
969 -- [4062 4340]
971 -- [1706 1797]
973 -- [3959 4399]
975 -- [ 861 1655]
981 -- [3877 2876]
987 -- [1614  377]
990 -- [4415 3009]
993 -- [1511  540]
999 -- [3382 4072]
1004 -- [2695 2322]
1007 -- [1199  768]
1017 -- [2580 4056]
1025 -- [1643 1463]
1036 -- [1305 1716]
1038 -- [4002 4597]
1040 -- [ 614 1665]
1043 -- [2305 3552]
1044 -- [4264 4134]
1050 -- [3958 1821]
1057 -- [ 325 1673]
1063 -- [4455 4231]
1069 -- [4329 3608]
1072 -- [4055 2523]
1086 -- [3392 4134]
1088 -- [2378 4435]
1091 -- [1182 1205]
1096 -- [625 810]
1101 -- [773 273]
1102 -- [  87 1723]
1112 -- [2382 2033]
1121 -- [3966 2812]
1122 -- [3735 4117]
1126 -- [4104 2917]
1135 -- [2884 4332]
1139 -- [3135 4055]
1141 -- [4299 4095]
1146 -- [1233  884]
1147 -- [1228  291]
1150 -- [ 886 1595]
1152 -- [ 27 140]
1153 -- [1402 1236]
1155 -- [3501 2464]
1156 -- [620 859]
1163 -- [4223 3541]
1174 -- [1352  904]
1186 -- [1721  576]
1187 -- [4236 4383]
1188 -- [2241 2304]
1193 -- [2743 4415]
1199 -- [4231 2899]
1201 -- [ 53 478]
1202 -- [1586  936]
1204 -- [1218  913]
1208 -- [1382  959]
1213 -- [1249 1345]
1216 -- [2632 3156]
1217 -- [2204 2323]
1220 -- [1787  954]
1221 -- [4178 3143]
1222 -- [2884 2706]
1226 -- [3966 3359]
-cl sat and violated: 782 | 283  | total #cl: 1065 | -violated weight: 849
2 -- [1687 3645]
12 -- [3254  544]
17 -- [3738  700]
26 -- [2805 1319]
32 -- [3238 1399]
33 -- [4047 1753]
45 -- [ 351 2571]
49 -- [1126 3589]
61 -- [3459 1531]
62 -- [2646 1648]
72 -- [ 329 2166]
73 -- [1617 4457]
74 -- [4419  962]
75 -- [2444  239]
82 -- [2962 1808]
91 -- [1228 3817]
93 -- [1711 4374]
98 -- [2703 1645]
100 -- [ 126 3143]
103 -- [4540 1623]
106 -- [3309 1311]
107 -- [3510  912]
114 -- [ 139 3134]
115 -- [3514  794]
116 -- [2036  679]
122 -- [ 530 2495]
125 -- [3733   86]
138 -- [3189 1342]
145 -- [3877 1672]
149 -- [2194 1711]
159 -- [ 652 4209]
161 -- [1000 2085]
165 -- [ 443 2415]
171 -- [1513 2987]
173 -- [4411  386]
178 -- [ 399 2387]
189 -- [2651  500]
198 -- [1789 2205]
201 -- [3164   69]
207 -- [2224 1017]
209 -- [2419 1443]
211 -- [1925  675]
220 -- [2703  378]
222 -- [ 386 3433]
227 -- [1723 3319]
232 -- [1951 1782]
238 -- [  81 3963]
239 -- [ 675 2374]
245 -- [3052  391]
248 -- [ 631 1838]
249 -- [ 448 3163]
251 -- [   6 3311]
255 -- [2734  381]
256 -- [3932   86]
258 -- [4486 1730]
265 -- [1332 2063]
274 -- [1504 2284]
276 -- [3417  519]
277 -- [2751 1726]
278 -- [4070 1255]
282 -- [3892  216]
285 -- [1935  363]
294 -- [1225 2532]
297 -- [ 839 4372]
307 -- [4415  122]
308 -- [1155 2760]
318 -- [1635 2756]
319 -- [3136  893]
323 -- [3499  773]
330 -- [2661  728]
334 -- [3138  547]
337 -- [1015 2952]
338 -- [ 519 3949]
340 -- [4141  963]
345 -- [ 589 3326]
348 -- [1649 4596]
350 -- [ 926 3018]
355 -- [1136 4323]
356 -- [2883   59]
360 -- [4244  427]
366 -- [ 194 3076]
370 -- [1326 2417]
371 -- [1276 3431]
372 -- [2512 1484]
374 -- [1999  250]
375 -- [ 704 1880]
377 -- [1646 2071]
379 -- [3691  815]
385 -- [  86 3817]
388 -- [  86 4538]
390 -- [ 586 3549]
391 -- [ 159 4371]
397 -- [2166 1185]
400 -- [ 666 2490]
401 -- [2790   47]
402 -- [3583 1711]
405 -- [1717 2441]
406 -- [1800 2463]
410 -- [1774 3628]
413 -- [1905 1656]
414 -- [4167  571]
415 -- [3452  163]
417 -- [3488  595]
423 -- [3788 1504]
426 -- [4206 1327]
429 -- [4434  151]
433 -- [ 579 3775]
434 -- [ 462 1813]
437 -- [ 478 4550]
439 -- [ 773 3061]
444 -- [4114  313]
448 -- [2364  287]
450 -- [ 525 3403]
452 -- [4011  841]
458 -- [4205  985]
461 -- [1661 3476]
465 -- [2364 1003]
470 -- [1471 3799]
474 -- [2111  780]
475 -- [ 407 4286]
477 -- [2763 1640]
483 -- [3822 1276]
484 -- [2156  546]
485 -- [3760  984]
486 -- [3496 1762]
487 -- [1787 3261]
488 -- [3757  159]
494 -- [1351 4511]
497 -- [1518 3731]
503 -- [3405 1123]
505 -- [1318 3055]
508 -- [1665 4132]
509 -- [1651 1935]
510 -- [1372 2804]
513 -- [ 899 3421]
517 -- [3016  545]
518 -- [ 204 3899]
523 -- [1586 3989]
534 -- [1506 2738]
539 -- [3535  617]
557 -- [ 310 4223]
559 -- [2189 1506]
564 -- [ 585 2595]
568 -- [2845  381]
572 -- [3589  215]
575 -- [1806 3929]
577 -- [1422 2173]
581 -- [ 172 1871]
583 -- [ 976 3789]
588 -- [1352 3129]
594 -- [   5 3216]
598 -- [ 945 3440]
600 -- [4125  395]
603 -- [1060 4379]
604 -- [1852 1414]
609 -- [ 569 2615]
619 -- [4185 1609]
622 -- [ 331 2105]
623 -- [1902 1560]
624 -- [3142 1322]
631 -- [2815 1675]
633 -- [1966  559]
637 -- [ 192 2480]
640 -- [ 187 4390]
641 -- [3113  497]
644 -- [2557  453]
646 -- [3004  333]
651 -- [1396 2655]
666 -- [2768   86]
667 -- [4550  661]
668 -- [1357 2259]
669 -- [4055  464]
671 -- [2491  568]
672 -- [2788  585]
676 -- [1972 1663]
677 -- [1225 1828]
678 -- [3704  751]
679 -- [1705 4547]
680 -- [2026 1524]
681 -- [3345 1334]
683 -- [ 454 2081]
684 -- [4057  216]
686 -- [ 762 4079]
690 -- [ 882 3868]
693 -- [1422 3561]
694 -- [1616 2840]
701 -- [1486 3967]
702 -- [3863  681]
705 -- [4047 1435]
712 -- [2691 1458]
713 -- [2784 1232]
721 -- [  23 2614]
725 -- [1606 2547]
727 -- [4183  546]
746 -- [3173 1302]
748 -- [ 608 3615]
754 -- [2741  435]
755 -- [4122 1268]
757 -- [1493 4047]
761 -- [1789 4483]
766 -- [ 107 3979]
773 -- [ 526 3238]
779 -- [1422 4094]
780 -- [2299 1464]
782 -- [3083  448]
793 -- [1560 3241]
794 -- [1379 4409]
795 -- [ 395 3754]
801 -- [3126 1658]
802 -- [1538 4271]
803 -- [4111 1634]
810 -- [2077 1272]
811 -- [3408 1281]
814 -- [2245  798]
815 -- [1432 2631]
818 -- [4027 1351]
820 -- [ 500 4407]
828 -- [ 413 3428]
833 -- [1714 3028]
837 -- [3984 1234]
839 -- [1715 1936]
852 -- [3032 1038]
855 -- [1123 1932]
857 -- [3774 1730]
858 -- [4312  571]
860 -- [ 700 1940]
861 -- [3388  906]
864 -- [1676 1914]
865 -- [1051 3306]
867 -- [ 232 3554]
870 -- [1205 2787]
872 -- [4047 1013]
873 -- [3761  235]
875 -- [1600 4437]
880 -- [4234  214]
885 -- [2307 1399]
887 -- [2642  325]
888 -- [2500  533]
892 -- [2942  159]
904 -- [1578 2074]
907 -- [ 121 3430]
909 -- [2773  214]
911 -- [4397 1759]
913 -- [1223 1910]
915 -- [ 544 1824]
925 -- [ 435 3282]
931 -- [ 132 3554]
932 -- [1276 3832]
938 -- [1526 2634]
939 -- [ 701 3360]
940 -- [3064 1316]
942 -- [ 906 3213]
944 -- [3893  399]
946 -- [4002  138]
948 -- [ 136 3043]
953 -- [ 140 4145]
954 -- [3657 1302]
957 -- [ 999 4347]
964 -- [4557  533]
969 -- [ 148 3064]
971 -- [ 466 2362]
975 -- [1933  858]
976 -- [1408 2259]
977 -- [1177 2680]
980 -- [ 838 2930]
982 -- [1986  345]
983 -- [1695 3787]
991 -- [2802  918]
993 -- [1352 4327]
994 -- [1208 2196]
1000 -- [2876  542]
1001 -- [ 453 2472]
1011 -- [1432 2837]
1013 -- [1865  481]
1025 -- [2551  935]
1027 -- [2718  515]
1028 -- [1048 4254]
1034 -- [ 378 3402]
1035 -- [1840  704]
1040 -- [2137  228]
1043 -- [  33 2551]
1054 -- [3452  637]
1060 -- [ 545 3213]
7 -time: 0.02293 -dim: (11172, 2)
8 -time: 0.00014 -dim: (7, 57)
9 -time: 4.12778 -dim: (1835400, 3)
10 -time: 5.89438 -dim: (1730141, 3)
11_12 -time: 0.20317 -dim: [110424, 2]
13 -time: 0.07957 -dim: (36808, 4)
14_15 -time: 0.03495 -dim: [798, 2]
16 -time: 0.00001 -dim: (0, 2)
17_18 -time: 0.40078 -dim: [73616, 3]
19 -time: 0.00010 -dim: (1, 1)
20 -time: 0.24008 -dim: (0, 4601)
21 -time: 0.00083 -dim: (1, 4601)
22 -time: 0.00005 -dim: (1065, 3)
23 -time: 0.00002 -dim: (1065, 3)
24 -time: 0.00003 -dim: (0, 5)
25 -time: 0.00003 -dim: (1235, 3)
26 -time: 0.00002 -dim: (1235, 3)
smtPr 22-26 -time: 0.00749 -dim: nan
slvr_header -time: 1.86546 -dim: nan
*solver* -time: 900.05211 -dim: nan
res_read -time: 0.03473 -dim: nan
-- SUM CL TIME: 11.01236          |  SUM other TIME: 901.95230          |  SUM TIME: 912.96466
