num branch_node: 7
num leaf_node: 8
num feature: 57
tree_depth: 3
num label: 2
nDC: 2432

***variables
a: 1 - 399 -> 399
s: 400 - 32606 -> 32207
z: 32607 - 69414 -> 36808
g: 69415 - 69430 -> 16
x: 69431 - 78632 -> 9202
ml: 78633 - 82819 -> 4187
cl: 82820 - 86683 -> 3864

variables***
[debug] --> CL ML ratio 1
the cl header --> p wcnf 86683 3822521 8052

timeout 900s ~/SAT_Project/loandra-master/loandra_static -pmreslin-cglim=30 -weight-strategy=1 -print-model -verbosity=1 ./solutions/spam_0.1_mc1.75_s3556_r1/phase_1_clauses_final >./solutions/spam_0.1_mc1.75_s3556_r1/phase_1_loandra_res

Start to read loandra res
*loandra status: SATISFIABLE
-ml sat and violated: 3750 | 437  | total #ml: 4187 | -violated weight: 437
5 -- [2352 3060]
11 -- [2211 2621]
28 -- [4048 3783]
32 -- [3289 2229]
40 -- [3533 2117]
47 -- [3974 2743]
55 -- [2671 3498]
67 -- [3076 3438]
72 -- [3486 3076]
73 -- [4026 3519]
78 -- [2793 2949]
86 -- [ 524 1571]
92 -- [2565 4079]
93 -- [2035 3288]
122 -- [2333 4560]
124 -- [ 81 711]
130 -- [3226 2310]
140 -- [4207 4595]
164 -- [2893 4581]
167 -- [4023 3724]
172 -- [3887 2465]
179 -- [1831 3668]
180 -- [2220 2518]
186 -- [2761 3005]
207 -- [2451 2766]
214 -- [2085 4025]
242 -- [1887 2669]
244 -- [3826 4478]
268 -- [2333 2498]
279 -- [2710 2129]
281 -- [2334 2383]
288 -- [2709 2565]
293 -- [2893 2046]
308 -- [ 324 1754]
321 -- [3559 4585]
322 -- [1931 2062]
330 -- [2941 1866]
332 -- [2181 3290]
337 -- [3916 4147]
345 -- [2491 2554]
352 -- [333  89]
353 -- [2204 2612]
365 -- [3183 3026]
374 -- [4416 4095]
383 -- [2484 3338]
394 -- [3818 2757]
397 -- [3836 2971]
403 -- [2665 3629]
408 -- [2769 4126]
420 -- [1882 3971]
423 -- [3482 3591]
446 -- [4123 4043]
457 -- [ 636 1107]
465 -- [2098 2057]
482 -- [1630   89]
514 -- [1956 2625]
519 -- [3203 1860]
525 -- [3090 3050]
531 -- [3115 2675]
532 -- [1871 4207]
538 -- [2960 3185]
545 -- [3974 4561]
550 -- [2542 1980]
594 -- [2602 3002]
600 -- [4017 1977]
604 -- [4235 2632]
624 -- [4403 3297]
626 -- [170 137]
633 -- [2477 3856]
638 -- [4347 4026]
641 -- [2009 4025]
645 -- [1930 2268]
651 -- [2789 2186]
664 -- [3050 4118]
697 -- [2274 2039]
698 -- [318  36]
717 -- [2971 4222]
719 -- [2039 3412]
722 -- [1976 2530]
723 -- [3276 2747]
724 -- [3290 4537]
748 -- [4520 3050]
754 -- [3087 1880]
758 -- [2759 2785]
768 -- [2239 3601]
773 -- [2438 2931]
815 -- [2903 3317]
820 -- [2503 2320]
826 -- [2156 3533]
828 -- [3245 2039]
842 -- [3971 2450]
853 -- [2629 1851]
869 -- [2681 2671]
880 -- [2530 3843]
882 -- [4404 3785]
884 -- [3389 4404]
887 -- [3233 3529]
914 -- [3903 2972]
918 -- [2494 2467]
919 -- [2727 1912]
945 -- [2446 2007]
947 -- [3059 2056]
952 -- [  94 1430]
956 -- [ 134 1538]
963 -- [4074 4239]
970 -- [2341 3288]
975 -- [1928 3485]
1011 -- [2531 2576]
1019 -- [2451 2476]
1030 -- [2740 3974]
1034 -- [3971 2696]
1046 -- [1840 3233]
1057 -- [274 104]
1062 -- [2902 2846]
1064 -- [1023  759]
1084 -- [3076 2346]
1097 -- [ 500 1699]
1111 -- [3783 3886]
1118 -- [1907 1922]
1136 -- [4057 3903]
1137 -- [3950 2781]
1138 -- [4562 4516]
1144 -- [3583 3297]
1154 -- [2232 3026]
1156 -- [4076 3331]
1164 -- [756 164]
1166 -- [4477 3883]
1194 -- [3914 2398]
1198 -- [2425 2066]
1202 -- [2079 3156]
1205 -- [3317 2842]
1218 -- [2761 4540]
1221 -- [324 502]
1222 -- [3572 2444]
1228 -- [2078 2334]
1235 -- [3451 3976]
1238 -- [4006 2334]
1246 -- [2334 4387]
1260 -- [3537 2290]
1263 -- [ 759 1113]
1272 -- [2609 2265]
1274 -- [3947 2159]
1279 -- [1304  670]
1302 -- [3141 2073]
1308 -- [1879 4598]
1309 -- [3251 2583]
1315 -- [2155 2834]
1316 -- [2673 2564]
1332 -- [3753 2510]
1334 -- [3271 3611]
1350 -- [408  58]
1387 -- [2104 2457]
1395 -- [108 132]
1397 -- [3503 4196]
1400 -- [3028 2477]
1414 -- [4045 3976]
1425 -- [1905 1959]
1437 -- [1066 1313]
1442 -- [4060 3422]
1454 -- [4545 2334]
1465 -- [3076 4347]
1479 -- [4144 2129]
1481 -- [1220 1788]
1496 -- [2126 3903]
1504 -- [4250 4090]
1560 -- [1658  880]
1586 -- [3242 4299]
1588 -- [2275 2576]
1591 -- [2029 2457]
1593 -- [812 364]
1600 -- [2191 4235]
1624 -- [4571 4068]
1655 -- [3933 2789]
1665 -- [4019 2609]
1674 -- [2771 3316]
1678 -- [3736 3951]
1684 -- [3805 3548]
1688 -- [2665 2249]
1692 -- [2018 2958]
1709 -- [1917 3493]
1711 -- [2428 1892]
1718 -- [2095 2334]
1728 -- [3175 2520]
1737 -- [2038 2800]
1743 -- [1928 2017]
1744 -- [1061  400]
1745 -- [1387 1474]
1749 -- [2990 4147]
1760 -- [3232 3449]
1761 -- [2333 1814]
1766 -- [4477 2715]
1782 -- [4253 2103]
1784 -- [3914 4003]
1794 -- [3544 3750]
1797 -- [3548 4179]
1812 -- [3081 3331]
1814 -- [2465 3564]
1821 -- [ 759 1076]
1854 -- [170 255]
1856 -- [4076 3912]
1873 -- [102 381]
1880 -- [3179 2223]
1890 -- [3857 3753]
1900 -- [4157 4536]
1910 -- [3971 1982]
1917 -- [2277 4408]
1928 -- [1061  160]
1933 -- [735  36]
1938 -- [1220  797]
1940 -- [3572 3180]
1941 -- [2609 4535]
1942 -- [2008 3493]
1947 -- [1145 1658]
1950 -- [3870 1907]
1956 -- [3783 2030]
1966 -- [4477 3397]
1971 -- [1980 4049]
1974 -- [2154 4416]
2012 -- [2737 3156]
2023 -- [2890 4147]
2038 -- [2702 2037]
2041 -- [3533 2944]
2044 -- [2441 4477]
2046 -- [2584 2893]
2052 -- [2465 1837]
2055 -- [653 777]
2072 -- [ 673 1220]
2103 -- [2087 4401]
2110 -- [3290 2862]
2119 -- [1705   36]
2126 -- [4491 3802]
2140 -- [3093 2484]
2143 -- [2899 3211]
2144 -- [4477 4134]
2156 -- [3040 2757]
2188 -- [4235 2232]
2204 -- [3392 3638]
2210 -- [2223 2267]
2221 -- [4254 4065]
2241 -- [1963 4025]
2270 -- [2789 2359]
2299 -- [4379 3510]
2301 -- [2819 2456]
2303 -- [2221 3550]
2318 -- [2899 4590]
2321 -- [107 161]
2323 -- [2252 2259]
2330 -- [4298 2038]
2345 -- [324 684]
2351 -- [2362 3903]
2361 -- [2036 3191]
2363 -- [2218 2066]
2364 -- [3813 2663]
2367 -- [1980 3065]
2375 -- [1956 4066]
2402 -- [1311  408]
2409 -- [1687 1488]
2416 -- [3268 2702]
2417 -- [4076 2750]
2423 -- [2590 3498]
2425 -- [3235 3482]
2433 -- [2530 2266]
2450 -- [1094  450]
2466 -- [3339 1892]
2481 -- [1817 3276]
2494 -- [3701 2570]
2499 -- [3183 3974]
2519 -- [4411 3095]
2531 -- [3256 3002]
2534 -- [1877 2056]
2548 -- [3290 3929]
2557 -- [2924 1874]
2565 -- [2382 2036]
2566 -- [3482 1925]
2569 -- [2796 3048]
2574 -- [2295 3420]
2584 -- [2329 3226]
2589 -- [3031 3832]
2591 -- [3115 2837]
2596 -- [3708 2038]
2613 -- [2172 3932]
2614 -- [2690 2280]
2633 -- [1695  661]
2634 -- [3626 2147]
2638 -- [170 411]
2647 -- [ 102 1690]
2664 -- [3670 4468]
2671 -- [1987 2062]
2679 -- [2923 3783]
2683 -- [2900 4477]
2694 -- [3160 3548]
2696 -- [3393 2221]
2697 -- [2484 4402]
2700 -- [3051 2007]
2713 -- [4017 4134]
2727 -- [2665 2776]
2751 -- [2494 2432]
2768 -- [4400 4448]
2795 -- [2465 3886]
2803 -- [2133 2769]
2816 -- [1928 2972]
2831 -- [1107 1234]
2837 -- [3917 4386]
2848 -- [3030 4055]
2849 -- [2761 2994]
2873 -- [3550 3826]
2879 -- [2351 1981]
2888 -- [2334 3363]
2893 -- [1930 3784]
2907 -- [3031 4313]
2910 -- [4188 2846]
2919 -- [4475 1860]
2964 -- [2659 3076]
2966 -- [3434 3903]
2982 -- [4543 2769]
3006 -- [324 356]
3009 -- [2484 4529]
3018 -- [4023 2640]
3038 -- [2521 1962]
3045 -- [4404 3963]
3051 -- [2277 1985]
3066 -- [1979 3877]
3067 -- [3148 3275]
3072 -- [4090 3232]
3085 -- [751  89]
3094 -- [3254 3885]
3098 -- [3085 2971]
3108 -- [4492 2761]
3116 -- [4310 4207]
3118 -- [554 164]
3135 -- [2044 3825]
3145 -- [ 591 1220]
3154 -- [2230 3288]
3160 -- [2789 3029]
3195 -- [3745 3297]
3212 -- [3768 2395]
3214 -- [3144 1956]
3215 -- [1824 2033]
3230 -- [2669 3792]
3231 -- [3971 2856]
3247 -- [4065 2688]
3248 -- [3291 1874]
3260 -- [3751 2900]
3274 -- [3806 3132]
3275 -- [2613 3947]
3284 -- [2064 3701]
3286 -- [2975 2061]
3299 -- [2252 3155]
3311 -- [2567 2274]
3338 -- [3746 3087]
3342 -- [4060 3575]
3365 -- [3655 4025]
3382 -- [2629 2464]
3398 -- [1828 3297]
3400 -- [2239 3878]
3408 -- [3684 2635]
3426 -- [3297 4108]
3432 -- [2103 4346]
3434 -- [2538 2129]
3436 -- [4207 2193]
3440 -- [1105   29]
3454 -- [1115 1220]
3458 -- [4065 2202]
3465 -- [3206 2914]
3480 -- [3070 2097]
3484 -- [4090 3807]
3485 -- [3456 3192]
3497 -- [2769 2055]
3504 -- [1075 1574]
3506 -- [2398 3956]
3511 -- [4192 2846]
3512 -- [1687  803]
3514 -- [3430 3914]
3519 -- [2672 3503]
3522 -- [2821 3288]
3525 -- [2856 2590]
3535 -- [3503 2529]
3562 -- [3352 1962]
3565 -- [2846 4419]
3576 -- [3753 3907]
3610 -- [3421 4282]
3632 -- [3383 3439]
3633 -- [2984 3439]
3641 -- [4477 2882]
3648 -- [2126 4354]
3664 -- [2941 2158]
3697 -- [4536 4296]
3698 -- [2769 2830]
3702 -- [2827 3701]
3713 -- [3060 3219]
3715 -- [3548 4534]
3716 -- [1641 1687]
3720 -- [3768 2100]
3732 -- [102 866]
3735 -- [2084 3062]
3752 -- [3495 3226]
3758 -- [2991 3753]
3778 -- [4404 3277]
3780 -- [3246 2565]
3792 -- [2457 2891]
3795 -- [1695 1508]
3813 -- [3751 2765]
3816 -- [2780 1851]
3831 -- [2044 2046]
3852 -- [2073 3724]
3893 -- [1498 1066]
3907 -- [4496 1988]
3911 -- [2641 3115]
3919 -- [2062 4179]
3922 -- [3212 2211]
3924 -- [ 759 1282]
3941 -- [4060 1836]
3944 -- [4562 2202]
3953 -- [2885 2494]
3965 -- [1928 2410]
3968 -- [89 27]
3977 -- [3979 2931]
3981 -- [3392 3612]
3989 -- [2277 1978]
4004 -- [3826 3236]
4013 -- [4362 3030]
4018 -- [3939 2789]
4042 -- [3297 4220]
4054 -- [3026 3552]
4055 -- [670  55]
4062 -- [4086 2565]
4067 -- [3824 4057]
4092 -- [170 705]
4093 -- [4354 1839]
4097 -- [4540 4400]
4116 -- [3276 4466]
4120 -- [4111 3974]
4122 -- [2576 4402]
4125 -- [1281   89]
4140 -- [2465 3178]
4179 -- [1924 4120]
4181 -- [3019 3390]
-cl sat and violated: 417 | 3447  | total #cl: 3864 | -violated weight: 3447
0 -- [1428 2594]
1 -- [1834 1707]
2 -- [2560   31]
3 -- [2367  919]
4 -- [1442 3773]
5 -- [1679 2706]
6 -- [ 653 3967]
7 -- [4364  561]
8 -- [2989 1088]
9 -- [1524 2630]
10 -- [3660  125]
11 -- [3329  328]
12 -- [ 795 2152]
13 -- [1586 4124]
15 -- [3313 1521]
16 -- [3361  386]
17 -- [ 795 2810]
18 -- [ 648 3626]
19 -- [ 721 2704]
20 -- [1039 4478]
21 -- [  78 4136]
22 -- [1139 2214]
23 -- [2686 1785]
24 -- [1093 4298]
26 -- [ 877 4520]
27 -- [4511 1380]
28 -- [3320  105]
29 -- [1945 1322]
30 -- [  56 3990]
31 -- [ 328 2343]
32 -- [ 905 3222]
34 -- [1502 2199]
35 -- [ 805 3588]
36 -- [3544   95]
37 -- [2166  483]
38 -- [2653 1208]
39 -- [3639 1618]
41 -- [2640  980]
42 -- [2162  158]
43 -- [ 268 4486]
44 -- [2928  915]
46 -- [ 903 2909]
47 -- [2674  734]
48 -- [1181 4006]
49 -- [4077  495]
50 -- [2875 1356]
51 -- [2115  828]
52 -- [1342 2572]
54 -- [3427   48]
55 -- [1691 1993]
56 -- [2207  734]
58 -- [4123  517]
59 -- [1585 3262]
60 -- [4460  335]
61 -- [2291  653]
62 -- [ 797 2428]
63 -- [3805 1616]
64 -- [1660 2878]
65 -- [1919  871]
67 -- [ 906 1877]
68 -- [3492 1735]
69 -- [ 897 3821]
70 -- [2585  761]
71 -- [3169  919]
72 -- [1861  823]
73 -- [ 982 2183]
74 -- [3551 1623]
75 -- [2110 1545]
76 -- [3675  116]
78 -- [2655  984]
79 -- [3485 1751]
80 -- [2869 1561]
81 -- [ 849 1819]
84 -- [3604 1640]
85 -- [4170  534]
86 -- [2370  298]
87 -- [3850 1132]
89 -- [3871  650]
91 -- [ 839 3161]
93 -- [  82 3724]
94 -- [3651  840]
95 -- [ 283 2826]
96 -- [2833   41]
97 -- [ 226 2557]
98 -- [4329 1606]
99 -- [ 315 4347]
100 -- [4021 1365]
101 -- [ 129 3149]
102 -- [4295 1181]
103 -- [ 566 4593]
104 -- [3846  974]
107 -- [3930  377]
109 -- [3128 1665]
110 -- [2502 1725]
111 -- [2820 1168]
112 -- [ 118 3596]
114 -- [  43 2342]
115 -- [3058 1187]
116 -- [3023 1123]
117 -- [3126 1124]
118 -- [ 923 1984]
119 -- [4290  657]
120 -- [3628  177]
121 -- [3898  345]
122 -- [2581 1635]
123 -- [2643  114]
124 -- [2298 1412]
125 -- [1548 3562]
126 -- [ 266 3135]
127 -- [ 496 3001]
128 -- [1957 1548]
129 -- [1662 2015]
130 -- [2568  103]
131 -- [1170 3042]
134 -- [2998 1336]
135 -- [   1 3256]
136 -- [3505 1037]
137 -- [3173  550]
138 -- [2652  244]
139 -- [2168  685]
140 -- [4218   76]
143 -- [2535  516]
144 -- [ 387 2291]
145 -- [4378 1516]
146 -- [ 603 4037]
147 -- [ 254 4013]
148 -- [1497 1971]
149 -- [3237   82]
150 -- [2035  273]
151 -- [1745 3352]
152 -- [2441 1378]
153 -- [2353 1396]
154 -- [2598  178]
155 -- [4399   13]
156 -- [3519 1371]
157 -- [3162 1637]
159 -- [1328 3935]
160 -- [4443  701]
161 -- [ 800 3649]
162 -- [1704 3287]
164 -- [ 560 1863]
165 -- [ 645 3596]
166 -- [2261  272]
167 -- [ 204 3202]
168 -- [4182  502]
169 -- [ 348 2478]
170 -- [3059  137]
171 -- [3146  501]
172 -- [  23 4344]
173 -- [3463  590]
174 -- [ 183 3029]
175 -- [3335  434]
176 -- [1632 3821]
178 -- [ 533 3798]
179 -- [1297 3729]
180 -- [2485  131]
181 -- [ 811 4486]
182 -- [ 287 2806]
183 -- [3511  153]
185 -- [3355  500]
187 -- [1661 2570]
188 -- [2047  713]
190 -- [1532 1885]
191 -- [1741 3073]
192 -- [1402 3602]
194 -- [ 922 3808]
195 -- [2563 1768]
197 -- [1381 3920]
198 -- [1455 1838]
199 -- [ 913 2655]
200 -- [ 372 1987]
201 -- [3268  284]
202 -- [1655 3698]
203 -- [ 572 3790]
204 -- [2099 1528]
207 -- [4270 1353]
208 -- [2605  494]
209 -- [1198 3451]
210 -- [2327   95]
211 -- [  93 4494]
212 -- [ 950 2330]
213 -- [2707  748]
214 -- [1055 2359]
215 -- [2589  669]
217 -- [2136  514]
218 -- [4518  906]
219 -- [3489 1209]
220 -- [2141 1497]
221 -- [1287 2613]
223 -- [1487 2409]
224 -- [1317 2483]
226 -- [2823 1586]
227 -- [1381 3758]
230 -- [1447 2817]
231 -- [ 540 2476]
232 -- [1654 3593]
233 -- [4590  478]
234 -- [ 298 4519]
235 -- [2417  601]
236 -- [3028  714]
237 -- [1277 2894]
238 -- [1586 3543]
239 -- [2339 1468]
240 -- [ 503 3346]
241 -- [3541   40]
242 -- [2951 1416]
243 -- [1208 4327]
244 -- [ 176 3932]
245 -- [2169  985]
246 -- [4212  515]
247 -- [1632 3188]
248 -- [3148 1725]
249 -- [1150 3328]
251 -- [2452  591]
252 -- [4103  385]
253 -- [ 407 2897]
254 -- [1774 1885]
255 -- [1670 3096]
256 -- [2495 1738]
258 -- [2159  149]
259 -- [3725 1019]
260 -- [ 358 4396]
262 -- [ 516 4107]
264 -- [3180  291]
265 -- [ 858 2446]
266 -- [2481 1355]
267 -- [2024 1798]
269 -- [2132 1620]
270 -- [2894 1495]
271 -- [1234 3691]
272 -- [1937 1299]
273 -- [2081  854]
274 -- [1136 3035]
275 -- [1064 4441]
276 -- [4402 1760]
277 -- [1543 3681]
278 -- [2818 1807]
279 -- [3140  377]
280 -- [ 365 3948]
282 -- [ 538 3240]
283 -- [1284 2546]
284 -- [3259 1230]
285 -- [4101  404]
286 -- [3483   56]
288 -- [ 560 2605]
289 -- [ 389 2169]
290 -- [2555  771]
291 -- [ 762 3966]
292 -- [1113 2838]
293 -- [1026 2460]
294 -- [2412 1233]
295 -- [2083 1177]
296 -- [ 318 3438]
297 -- [ 432 2885]
298 -- [2637 1777]
299 -- [2392  118]
300 -- [3761  794]
301 -- [2868  501]
302 -- [ 232 3991]
303 -- [3061  498]
304 -- [1441 4419]
306 -- [ 936 3735]
307 -- [ 341 3312]
308 -- [3325 1564]
309 -- [2992 1554]
310 -- [ 495 2748]
311 -- [3085 1622]
312 -- [2008 1264]
313 -- [2620  162]
314 -- [3587 1651]
315 -- [1732 3592]
316 -- [2515 1247]
317 -- [ 833 3931]
319 -- [3438  263]
320 -- [ 821 2672]
321 -- [ 552 3705]
322 -- [4194 1784]
323 -- [ 277 2806]
324 -- [ 234 3705]
326 -- [ 316 3847]
327 -- [3912  617]
328 -- [4244 1585]
329 -- [ 427 3789]
330 -- [4345 1482]
331 -- [2813 1209]
332 -- [ 696 1856]
333 -- [3541 1543]
334 -- [ 679 3302]
336 -- [1404 4369]
337 -- [1807 3066]
338 -- [ 942 3626]
339 -- [3194 1206]
340 -- [1655 3308]
341 -- [ 983 2200]
342 -- [2735  395]
343 -- [2617 1724]
345 -- [3832 1380]
346 -- [ 462 1889]
347 -- [1298 3501]
348 -- [2106  761]
349 -- [  93 3631]
350 -- [1164 2225]
351 -- [1761 2051]
352 -- [4389 1451]
353 -- [3399  273]
356 -- [1094 2001]
358 -- [2442 1026]
359 -- [1817 1467]
360 -- [1460 3593]
361 -- [1439 2723]
362 -- [3124  115]
363 -- [ 664 1862]
365 -- [1444 4298]
366 -- [2848 1781]
367 -- [1006 2529]
368 -- [3814  656]
369 -- [ 640 4479]
370 -- [1526 1869]
371 -- [4530  522]
372 -- [3427 1394]
373 -- [1568 2296]
375 -- [ 215 3713]
376 -- [4302   52]
378 -- [1893  693]
379 -- [4289 1640]
380 -- [1616 2873]
381 -- [ 561 4061]
382 -- [ 569 4030]
383 -- [1728 4213]
384 -- [ 849 3292]
385 -- [ 303 2355]
386 -- [4459 1136]
387 -- [ 813 2213]
389 -- [2051  309]
390 -- [ 407 3887]
391 -- [ 881 2282]
392 -- [2882  955]
393 -- [2380 1011]
394 -- [4296 1593]
395 -- [ 107 3834]
396 -- [4482 1002]
397 -- [2748  949]
399 -- [3924 1750]
400 -- [ 350 4497]
401 -- [4401  717]
402 -- [3417 1579]
403 -- [1759 3345]
404 -- [1488 2867]
405 -- [2871 1044]
406 -- [  63 3850]
407 -- [4528  754]
408 -- [ 758 3932]
409 -- [4042  193]
411 -- [3213 1634]
412 -- [3452  786]
413 -- [2161  208]
414 -- [ 976 4251]
415 -- [4182  340]
416 -- [3018 1789]
417 -- [1915  689]
418 -- [2046 1457]
419 -- [1543 4261]
420 -- [2936  263]
421 -- [1757 1822]
422 -- [ 709 2553]
423 -- [1457 3305]
424 -- [1450 1957]
425 -- [ 146 4380]
426 -- [1820  794]
428 -- [ 972 3483]
429 -- [ 586 1863]
430 -- [4077  671]
431 -- [2359  216]
432 -- [2178 1113]
433 -- [3893  160]
434 -- [2089 1324]
435 -- [  86 3717]
436 -- [1778 3544]
437 -- [ 901 4287]
439 -- [4309 1729]
440 -- [1686 4325]
441 -- [3759  708]
442 -- [ 150 1858]
443 -- [2850 1223]
444 -- [  51 1821]
445 -- [1004 3830]
446 -- [4117  440]
447 -- [1852  366]
448 -- [1533 4177]
449 -- [1739 3842]
450 -- [ 875 2091]
451 -- [1889  335]
452 -- [2047 1442]
453 -- [ 592 3205]
454 -- [1457 2002]
455 -- [2612  740]
456 -- [ 884 4216]
457 -- [1282 3721]
458 -- [4252  158]
459 -- [1346 3611]
460 -- [  35 2029]
461 -- [4454   41]
462 -- [ 750 2142]
463 -- [3473  792]
464 -- [1755 2405]
465 -- [2563 1604]
466 -- [ 948 2676]
467 -- [2831  680]
468 -- [2288  859]
469 -- [1095 3823]
470 -- [3370 1231]
471 -- [3984  348]
472 -- [2109  269]
473 -- [2467 1089]
474 -- [ 491 2691]
475 -- [ 134 3035]
476 -- [1255 2098]
477 -- [4403 1292]
478 -- [1415 2700]
479 -- [1777 2401]
480 -- [ 967 3396]
481 -- [4454  265]
482 -- [3144 1685]
483 -- [1653 2585]
484 -- [3900 1615]
485 -- [3658  996]
486 -- [ 308 3322]
488 -- [2020  891]
489 -- [3011   59]
490 -- [2732 1277]
491 -- [ 499 2153]
492 -- [3575  840]
493 -- [2400 1355]
494 -- [ 773 2965]
495 -- [3321 1482]
496 -- [3568  404]
497 -- [3759  482]
498 -- [ 633 4370]
499 -- [1832 1495]
500 -- [3351   63]
501 -- [ 374 2508]
502 -- [1737 3065]
503 -- [ 502 3023]
505 -- [1348 4145]
506 -- [ 747 3523]
507 -- [ 186 1859]
508 -- [2563  285]
509 -- [4473  268]
511 -- [1154 2980]
512 -- [ 393 2389]
513 -- [2561 1680]
514 -- [ 522 4460]
515 -- [ 959 3755]
516 -- [2676  573]
517 -- [3100  400]
518 -- [1770 2429]
519 -- [2318 1593]
520 -- [ 404 2216]
521 -- [ 767 2766]
522 -- [3681 1141]
523 -- [2678 1195]
524 -- [1487 3204]
525 -- [1083 1910]
526 -- [1348 4199]
527 -- [ 146 2479]
528 -- [2531   31]
529 -- [2069  833]
530 -- [1320 3047]
531 -- [ 184 3811]
532 -- [ 819 2758]
533 -- [1296 4419]
535 -- [ 152 2328]
536 -- [4305  151]
537 -- [4489 1168]
538 -- [1722 2515]
539 -- [3084 1396]
540 -- [ 517 3922]
541 -- [2218  343]
542 -- [1759 2380]
543 -- [ 332 2712]
544 -- [2071 1045]
545 -- [4423   45]
547 -- [1461 3015]
548 -- [3261  814]
549 -- [1543 4576]
551 -- [3289  140]
552 -- [2573 1613]
553 -- [ 764 3834]
554 -- [  70 1955]
555 -- [1454 2731]
556 -- [ 198 3823]
557 -- [2600 1239]
558 -- [2542 1791]
559 -- [2955 1288]
560 -- [3096  945]
561 -- [ 565 2786]
562 -- [3892  602]
563 -- [1231 4409]
564 -- [ 648 4237]
565 -- [4461 1559]
566 -- [1342 2138]
569 -- [  99 2534]
570 -- [3121  515]
571 -- [ 982 4139]
572 -- [3798 1062]
573 -- [2724 1668]
574 -- [4382 1585]
575 -- [1774 2719]
576 -- [3531  703]
577 -- [2132 1175]
578 -- [4483  737]
579 -- [3262  850]
580 -- [4564   78]
581 -- [ 212 4037]
582 -- [3461 1559]
583 -- [1522 2227]
584 -- [2461  997]
585 -- [3479  824]
586 -- [3049  292]
587 -- [2539 1673]
588 -- [2171 1422]
589 -- [3541  825]
590 -- [3049 1523]
591 -- [1598 3162]
593 -- [4546  854]
594 -- [ 359 3546]
595 -- [2563   82]
597 -- [4088  657]
598 -- [ 247 4375]
599 -- [2490  721]
600 -- [1896 1215]
601 -- [4436 1141]
602 -- [1813  593]
603 -- [ 778 4029]
604 -- [3101  869]
605 -- [2724 1617]
609 -- [4194  146]
610 -- [1640 4380]
611 -- [4260 1273]
612 -- [1957 1780]
613 -- [1793 2977]
614 -- [ 977 2560]
615 -- [3763  258]
616 -- [1274 3434]
617 -- [3607 1774]
618 -- [3685  628]
619 -- [3413 1530]
620 -- [4021  279]
621 -- [ 982 2631]
622 -- [2058  277]
623 -- [2848 1085]
624 -- [3150  151]
625 -- [ 837 4599]
626 -- [4141  918]
627 -- [1214 4077]
628 -- [1995  789]
629 -- [ 250 3562]
630 -- [ 124 2990]
631 -- [ 683 2402]
632 -- [1038 3223]
633 -- [4047 1459]
634 -- [1469 4516]
636 -- [ 673 4317]
637 -- [   7 4094]
638 -- [4230 1374]
640 -- [2443 1358]
641 -- [1270 2014]
642 -- [2051 1583]
643 -- [ 914 2367]
644 -- [2395 1690]
645 -- [4227 1479]
646 -- [2660 1237]
647 -- [3977 1355]
648 -- [2567  188]
649 -- [3131   42]
650 -- [ 176 3733]
651 -- [3685 1378]
652 -- [ 674 1938]
653 -- [2558  661]
654 -- [ 769 2632]
655 -- [ 578 2501]
656 -- [  26 4099]
658 -- [3973  822]
659 -- [1444 4288]
660 -- [1247 4367]
661 -- [1111 3769]
662 -- [2850  883]
663 -- [1379 3615]
665 -- [1434 4051]
666 -- [1730 4531]
668 -- [1864  571]
669 -- [2826 1188]
670 -- [ 651 4303]
673 -- [ 617 4475]
674 -- [2286  636]
675 -- [2608  444]
677 -- [ 986 3785]
678 -- [3161  169]
679 -- [3157 1577]
680 -- [3559  230]
681 -- [2021 1198]
682 -- [4039  716]
683 -- [2144   23]
685 -- [2950 1233]
686 -- [3618 1003]
687 -- [2813 1465]
688 -- [3673 1171]
689 -- [1792 2243]
690 -- [1314 4526]
691 -- [  64 3958]
692 -- [1170 3065]
694 -- [1950 1496]
695 -- [ 613 4578]
696 -- [  87 4328]
697 -- [ 667 2617]
698 -- [1660 2450]
699 -- [1328 4210]
700 -- [2580 1710]
702 -- [2340  914]
703 -- [ 659 3794]
704 -- [1746 2969]
705 -- [ 167 4227]
706 -- [3518  451]
707 -- [2463  687]
708 -- [4213  805]
709 -- [2573    1]
710 -- [2117  925]
711 -- [1289 3123]
712 -- [1712 2215]
713 -- [4232  432]
714 -- [3273 1766]
715 -- [ 173 4180]
717 -- [ 310 2195]
718 -- [1987 1812]
719 -- [1838 1485]
721 -- [1337 2784]
722 -- [4391  740]
723 -- [3248  713]
726 -- [  81 3445]
727 -- [2718  741]
728 -- [3720 1525]
729 -- [1378 1911]
730 -- [2391  402]
731 -- [ 346 2313]
732 -- [ 314 3169]
733 -- [ 638 1952]
734 -- [1708 2733]
735 -- [ 889 3591]
736 -- [ 212 2332]
737 -- [1987  360]
738 -- [ 136 2772]
739 -- [ 882 3240]
740 -- [1236 2991]
741 -- [3504 1314]
743 -- [2897  915]
744 -- [ 250 3274]
745 -- [ 397 3038]
746 -- [3299 1415]
747 -- [1427 3272]
748 -- [ 309 3341]
749 -- [2974  406]
750 -- [ 547 4432]
751 -- [ 956 2830]
752 -- [1394 4231]
753 -- [4340  755]
754 -- [3592 1173]
755 -- [ 730 2661]
756 -- [1602 3615]
757 -- [4503  886]
758 -- [2472  674]
759 -- [1527 3608]
760 -- [3778 1025]
761 -- [ 734 2905]
763 -- [1771 2845]
764 -- [4242 1729]
765 -- [2308  866]
767 -- [4428  483]
768 -- [2047 1441]
770 -- [ 788 2796]
772 -- [1474 4513]
773 -- [1111 4364]
774 -- [2381 1535]
775 -- [2843 1635]
776 -- [3155 1187]
777 -- [4345 1341]
778 -- [ 183 2104]
779 -- [2052    9]
780 -- [4447 1468]
781 -- [1546 3098]
782 -- [   3 2294]
783 -- [ 243 3612]
784 -- [3838 1780]
785 -- [1385 3256]
786 -- [1078 2059]
787 -- [4031  980]
789 -- [3135  773]
790 -- [ 300 2771]
791 -- [4137 1364]
793 -- [ 924 4107]
795 -- [1253 3867]
796 -- [1255 2446]
797 -- [ 378 3268]
798 -- [ 894 3511]
799 -- [3851 1428]
800 -- [1035 3815]
801 -- [3360   73]
802 -- [1135 3526]
803 -- [3085  687]
804 -- [1612 2735]
805 -- [1849   30]
806 -- [4577  387]
807 -- [2167 1345]
808 -- [ 855 2469]
809 -- [ 640 3383]
810 -- [2903 1153]
811 -- [2595 1068]
812 -- [ 522 3071]
813 -- [ 460 1985]
814 -- [ 703 4185]
815 -- [2382  835]
816 -- [1469 2829]
817 -- [ 218 3062]
818 -- [3889  741]
819 -- [ 451 1985]
820 -- [ 851 3766]
821 -- [2468 1407]
822 -- [ 136 1953]
823 -- [1253 4098]
824 -- [ 184 3335]
825 -- [2642  780]
826 -- [1549 2802]
827 -- [2318  616]
828 -- [2617  599]
829 -- [1260 2432]
830 -- [2114 1673]
831 -- [2880 1570]
832 -- [3874  248]
833 -- [4186  545]
834 -- [ 739 2539]
835 -- [3140 1636]
836 -- [ 205 3602]
837 -- [4145  789]
838 -- [4279 1204]
839 -- [4024  132]
840 -- [3795 1399]
841 -- [4588 1504]
843 -- [2068   83]
844 -- [1228 3608]
845 -- [3731  843]
846 -- [ 529 3948]
848 -- [ 912 4294]
849 -- [4426 1715]
850 -- [4099 1299]
851 -- [4061  411]
852 -- [1120 3593]
853 -- [ 514 2270]
854 -- [1561 3404]
856 -- [3648 1179]
857 -- [1770 3497]
858 -- [1617 1971]
859 -- [ 386 2068]
860 -- [3562  123]
861 -- [2202  587]
862 -- [4074  991]
863 -- [2857  470]
864 -- [3004 1653]
865 -- [3467 1395]
866 -- [1255 3585]
867 -- [2314  680]
868 -- [3814 1249]
869 -- [ 878 3816]
871 -- [3576  946]
872 -- [2516 1234]
873 -- [3412  958]
874 -- [2956 1766]
875 -- [1459 3397]
876 -- [4091  943]
878 -- [3377 1407]
879 -- [  34 2026]
880 -- [2143  200]
881 -- [ 254 2231]
882 -- [2793  365]
883 -- [2003 1230]
884 -- [ 532 4104]
885 -- [2928  508]
886 -- [ 794 3427]
887 -- [3460 1027]
889 -- [1267 4163]
890 -- [1052 3856]
892 -- [1075 3077]
894 -- [3015  855]
895 -- [3104  937]
896 -- [2321  395]
897 -- [ 254 4234]
898 -- [ 440 2256]
899 -- [2172  416]
900 -- [1418 3347]
901 -- [ 935 4565]
902 -- [2134  688]
903 -- [ 544 2938]
904 -- [1531 1898]
905 -- [ 904 1837]
906 -- [ 655 3993]
907 -- [3055  988]
909 -- [2717 1116]
911 -- [ 795 1953]
912 -- [4586 1126]
913 -- [4103 1530]
914 -- [2091  705]
915 -- [4040  483]
916 -- [1438 4081]
917 -- [1712 4348]
918 -- [3659  101]
919 -- [4093  615]
921 -- [3235  151]
922 -- [3344  666]
924 -- [1024 2521]
925 -- [2627 1259]
927 -- [2378  144]
929 -- [1279 2903]
930 -- [ 244 2276]
931 -- [1251 2361]
933 -- [ 521 2748]
934 -- [1468 4517]
936 -- [4432 1277]
937 -- [1179 4034]
938 -- [4172  250]
939 -- [ 907 3375]
940 -- [1063 4405]
941 -- [ 657 3100]
942 -- [2597  841]
943 -- [2873  481]
944 -- [3310 1291]
945 -- [3589  461]
946 -- [1755 3738]
947 -- [2536   99]
948 -- [3609  274]
950 -- [1000 2666]
951 -- [2085  761]
953 -- [ 896 3198]
954 -- [ 916 3978]
956 -- [4215  187]
957 -- [3207  284]
958 -- [1515 2692]
959 -- [4484  573]
960 -- [4056  662]
961 -- [2919  489]
962 -- [2688 1505]
963 -- [ 329 2420]
964 -- [3186  186]
966 -- [3853 1006]
968 -- [2352 1613]
969 -- [3153  669]
971 -- [1009 3362]
972 -- [3711  605]
973 -- [ 407 3515]
974 -- [1741 3901]
975 -- [2337  602]
976 -- [ 142 2047]
977 -- [1444 4454]
978 -- [1917  359]
979 -- [ 628 2935]
981 -- [ 404 2792]
982 -- [2342  157]
983 -- [2091  995]
984 -- [2876  559]
985 -- [ 628 4482]
986 -- [ 811 2920]
987 -- [2453   80]
989 -- [3953 1759]
990 -- [4497 1126]
991 -- [2929 1035]
992 -- [1290 3053]
993 -- [3071  697]
994 -- [3455  840]
995 -- [2585 1502]
996 -- [1179 3166]
997 -- [ 575 3886]
998 -- [2231 1612]
999 -- [3035  285]
1000 -- [2585 1711]
1001 -- [1262 2813]
1002 -- [2369  185]
1003 -- [ 885 3020]
1004 -- [1514 4111]
1006 -- [1283 2942]
1008 -- [3631   23]
1009 -- [3173 1199]
1010 -- [1660 3352]
1011 -- [3691  611]
1012 -- [1660 3687]
1013 -- [1933 1705]
1014 -- [4382 1056]
1015 -- [1303 3257]
1016 -- [3523 1255]
1017 -- [3741  162]
1018 -- [2160 1112]
1019 -- [1380 2749]
1020 -- [ 284 4399]
1021 -- [3690  901]
1022 -- [1208 2269]
1023 -- [1321 1957]
1024 -- [2482 1020]
1025 -- [ 883 4323]
1026 -- [ 663 3325]
1027 -- [2795 1733]
1028 -- [2816 1630]
1029 -- [3749 1614]
1030 -- [2627  862]
1031 -- [3453  769]
1032 -- [1800 2189]
1033 -- [ 432 4355]
1034 -- [4410  402]
1036 -- [ 518 4134]
1037 -- [1556 2184]
1038 -- [1073 3628]
1039 -- [4098 1209]
1040 -- [2874 1291]
1041 -- [3708  247]
1042 -- [ 922 4344]
1043 -- [ 528 4541]
1044 -- [ 584 3066]
1045 -- [1663 4419]
1046 -- [ 306 4429]
1047 -- [1735 2805]
1048 -- [ 448 3718]
1049 -- [3476  551]
1050 -- [1376 4132]
1051 -- [1886  162]
1052 -- [ 308 2009]
1053 -- [4396  859]
1054 -- [3113  534]
1055 -- [3221 1377]
1056 -- [2724  983]
1057 -- [2378  446]
1058 -- [3291 1664]
1059 -- [ 463 4310]
1060 -- [1664 3834]
1061 -- [2878 1052]
1062 -- [3240 1150]
1063 -- [1518 3343]
1064 -- [1185 2932]
1065 -- [1025 2974]
1066 -- [1500 2272]
1067 -- [2733  895]
1068 -- [3550  110]
1069 -- [2682 1593]
1070 -- [4499 1521]
1071 -- [ 448 1846]
1072 -- [1340 2322]
1073 -- [3916  977]
1074 -- [  42 3835]
1075 -- [2682  511]
1076 -- [2613 1706]
1077 -- [  42 2967]
1078 -- [1550 3915]
1080 -- [4370 1185]
1082 -- [ 599 2796]
1083 -- [1005 1917]
1085 -- [1021 4192]
1086 -- [1654 3501]
1087 -- [ 347 4184]
1088 -- [1845  630]
1089 -- [ 804 2992]
1090 -- [1843 1145]
1091 -- [4088  410]
1092 -- [1825  140]
1093 -- [ 924 4150]
1094 -- [ 681 3237]
1095 -- [4368 1678]
1096 -- [2993  352]
1097 -- [1548 3755]
1098 -- [2488  433]
1099 -- [1253 2911]
1100 -- [1560 3012]
1101 -- [1165 2280]
1102 -- [4236 1190]
1103 -- [2848  561]
1104 -- [1195 2234]
1106 -- [2938  663]
1107 -- [2078  419]
1108 -- [1149 3377]
1111 -- [3075  616]
1112 -- [2322 1091]
1113 -- [4075  862]
1114 -- [3431  794]
1116 -- [ 727 1984]
1118 -- [1171 2829]
1120 -- [4168  539]
1121 -- [4551 1458]
1122 -- [2749 1024]
1123 -- [ 441 3376]
1126 -- [4157  483]
1127 -- [1932 1289]
1128 -- [3371  114]
1129 -- [2502  669]
1130 -- [1738 2281]
1131 -- [1998 1350]
1132 -- [ 742 3347]
1134 -- [1583 3589]
1135 -- [1613 4028]
1136 -- [1579 4418]
1137 -- [2624 1180]
1138 -- [ 384 2508]
1140 -- [  78 4361]
1141 -- [ 774 1934]
1142 -- [3034  279]
1143 -- [2169 1421]
1144 -- [4410 1315]
1146 -- [1477 4391]
1147 -- [3131  129]
1148 -- [4449 1749]
1150 -- [ 190 2203]
1151 -- [2825  397]
1152 -- [ 661 4471]
1153 -- [3888  712]
1154 -- [2172  358]
1155 -- [3935  895]
1157 -- [ 438 3512]
1159 -- [3117 1528]
1160 -- [3661 1703]
1161 -- [ 147 3620]
1162 -- [ 514 3801]
1164 -- [4116  532]
1166 -- [2363  424]
1167 -- [1448 4588]
1168 -- [1582 2825]
1170 -- [1306 4232]
1171 -- [4094  569]
1172 -- [2506  907]
1173 -- [ 484 2343]
1174 -- [3697  412]
1175 -- [2193   59]
1176 -- [ 571 2248]
1177 -- [2998 1308]
1178 -- [ 852 1820]
1179 -- [3853  234]
1180 -- [2879  744]
1181 -- [ 297 2317]
1183 -- [ 579 3716]
1184 -- [4502  771]
1185 -- [ 962 2187]
1186 -- [3201  616]
1187 -- [ 902 2169]
1188 -- [ 666 3142]
1189 -- [1946  935]
1190 -- [ 327 3554]
1191 -- [ 532 4009]
1192 -- [ 437 3455]
1193 -- [ 209 2417]
1194 -- [4315 1544]
1195 -- [3508   87]
1196 -- [3633 1211]
1197 -- [1379 2982]
1198 -- [2197  173]
1199 -- [3786  969]
1200 -- [ 263 2181]
1201 -- [2325 1740]
1202 -- [3210  235]
1204 -- [3666 1418]
1205 -- [1811 2164]
1206 -- [ 826 2070]
1207 -- [ 957 1922]
1208 -- [2446 1272]
1209 -- [1308 3053]
1210 -- [ 874 2652]
1211 -- [3917  121]
1212 -- [3319 1400]
1213 -- [2190 1480]
1214 -- [ 877 3422]
1216 -- [2272 1196]
1217 -- [3694  185]
1218 -- [3761  502]
1220 -- [ 399 2980]
1221 -- [3052 1176]
1223 -- [4222 1467]
1224 -- [ 991 2222]
1225 -- [3634 1587]
1226 -- [ 173 2753]
1227 -- [ 811 2145]
1228 -- [3349 1641]
1229 -- [4480 1385]
1232 -- [3944 1142]
1233 -- [1906  139]
1234 -- [3307  482]
1235 -- [3342 1015]
1236 -- [1169 1929]
1237 -- [ 985 3908]
1238 -- [ 850 3520]
1240 -- [3403  171]
1241 -- [3298  121]
1242 -- [2149 1452]
1243 -- [1946  604]
1244 -- [ 721 2078]
1245 -- [ 876 1908]
1246 -- [3873 1271]
1247 -- [  13 2373]
1249 -- [1140 2509]
1250 -- [ 419 2255]
1251 -- [1726 3803]
1252 -- [3217 1492]
1253 -- [3245  289]
1254 -- [3778 1479]
1256 -- [2653  655]
1257 -- [3605  698]
1258 -- [2645 1729]
1260 -- [1466 3142]
1262 -- [1700 4051]
1263 -- [ 506 4264]
1264 -- [ 135 3091]
1265 -- [1498 3053]
1266 -- [1786 3235]
1267 -- [1676 4439]
1268 -- [4189 1445]
1269 -- [1176 2420]
1270 -- [2338  492]
1271 -- [4492  257]
1273 -- [3419  163]
1276 -- [1970  821]
1277 -- [1750 2192]
1278 -- [2772 1570]
1279 -- [2538  165]
1280 -- [ 932 4224]
1281 -- [3892  752]
1282 -- [3591  952]
1283 -- [ 548 2483]
1284 -- [2104 1688]
1285 -- [3940  418]
1286 -- [ 532 3820]
1287 -- [2986 1490]
1288 -- [4095  235]
1289 -- [1560 2729]
1290 -- [ 895 3210]
1291 -- [ 300 4257]
1292 -- [ 322 3938]
1293 -- [4127  583]
1294 -- [ 614 3840]
1295 -- [ 875 4277]
1296 -- [ 165 3139]
1297 -- [4318 1518]
1299 -- [ 490 3287]
1300 -- [4048 1599]
1301 -- [1325 4237]
1302 -- [2806 1176]
1303 -- [ 204 2641]
1304 -- [1909 1781]
1305 -- [3388  145]
1306 -- [3375  464]
1307 -- [1142 4302]
1308 -- [2538 1744]
1309 -- [2845   38]
1310 -- [ 848 4208]
1311 -- [3340 1322]
1312 -- [4411  428]
1313 -- [1336 2432]
1314 -- [ 147 2727]
1315 -- [4456 1027]
1316 -- [2878 1082]
1317 -- [2447  649]
1318 -- [1806 4085]
1319 -- [4439 1760]
1320 -- [ 231 2538]
1321 -- [2578 1309]
1322 -- [4412  422]
1323 -- [2831  441]
1324 -- [2676  796]
1325 -- [3593 1117]
1326 -- [ 158 3180]
1327 -- [3411 1534]
1328 -- [3805 1546]
1329 -- [ 755 2391]
1330 -- [2349  976]
1331 -- [4338 1806]
1332 -- [2024 1304]
1333 -- [1269 3417]
1334 -- [4115  205]
1335 -- [2270  107]
1336 -- [ 116 1938]
1337 -- [4293 1096]
1338 -- [1153 2386]
1339 -- [4202 1491]
1340 -- [1651 2714]
1341 -- [2861  702]
1342 -- [1162 4529]
1343 -- [1624 2344]
1344 -- [2763 1426]
1345 -- [2388  869]
1346 -- [1009 2730]
1347 -- [ 739 1880]
1348 -- [1485 1894]
1349 -- [2639 1255]
1350 -- [ 884 3799]
1351 -- [ 526 4513]
1352 -- [2650  322]
1354 -- [1012 3072]
1355 -- [3662 1633]
1356 -- [1599 2258]
1357 -- [3117 1578]
1359 -- [3381  277]
1360 -- [ 113 3218]
1361 -- [2524  510]
1362 -- [1162 2936]
1363 -- [3833  304]
1364 -- [1429 4596]
1365 -- [4348 1642]
1366 -- [3343 1002]
1367 -- [ 210 3606]
1368 -- [1311 3519]
1369 -- [ 622 4030]
1370 -- [3043  929]
1371 -- [ 162 3832]
1372 -- [4223  368]
1373 -- [2716  262]
1374 -- [1219 3260]
1376 -- [2522 1715]
1377 -- [3711  666]
1379 -- [1677 2472]
1380 -- [3185  882]
1381 -- [2051  312]
1382 -- [4074 1357]
1383 -- [1649 3319]
1384 -- [2246 1769]
1385 -- [ 583 2965]
1386 -- [1204 2225]
1387 -- [4033 1356]
1388 -- [ 567 3453]
1389 -- [2778  997]
1390 -- [2868 1776]
1391 -- [1553 3451]
1392 -- [3669  256]
1393 -- [2432 1362]
1394 -- [ 672 2945]
1395 -- [4215 1746]
1398 -- [ 173 3283]
1399 -- [3166  176]
1400 -- [ 325 3725]
1401 -- [4555 1250]
1402 -- [3932  156]
1403 -- [2710  199]
1404 -- [1685 4570]
1405 -- [4164  166]
1406 -- [1182 3782]
1407 -- [4307 1064]
1408 -- [2048 1279]
1409 -- [   9 2088]
1410 -- [1395 2787]
1411 -- [4390 1038]
1412 -- [ 105 3399]
1413 -- [1025 3075]
1414 -- [1056 2261]
1415 -- [2435  485]
1416 -- [ 434 2943]
1417 -- [1866 1463]
1418 -- [3769 1054]
1419 -- [2505  264]
1421 -- [1096 3917]
1422 -- [2199  458]
1423 -- [3039 1664]
1424 -- [ 659 2958]
1425 -- [ 914 3918]
1428 -- [3362 1514]
1429 -- [3246  451]
1430 -- [ 731 2655]
1431 -- [4417  402]
1432 -- [3072  279]
1433 -- [3995 1577]
1434 -- [3000  249]
1435 -- [4316  155]
1436 -- [4306  316]
1437 -- [ 485 3856]
1438 -- [1913  971]
1439 -- [ 714 2803]
1440 -- [2676 1314]
1441 -- [4029  958]
1442 -- [4108    2]
1443 -- [ 854 2543]
1444 -- [ 394 1863]
1446 -- [1287 4462]
1447 -- [2428  345]
1448 -- [ 353 4284]
1449 -- [ 810 2151]
1450 -- [1059 4111]
1451 -- [ 255 2870]
1452 -- [3930  656]
1454 -- [1404 3328]
1455 -- [ 419 2715]
1456 -- [ 482 1837]
1457 -- [4509 1097]
1458 -- [1199 4315]
1459 -- [ 301 2896]
1460 -- [3573  616]
1461 -- [1246 2391]
1462 -- [2143 1495]
1463 -- [3932  896]
1464 -- [1041 1950]
1465 -- [3422  160]
1466 -- [ 942 3633]
1467 -- [1697 4039]
1468 -- [  95 4406]
1469 -- [1607 4408]
1470 -- [1654 2691]
1471 -- [3438  674]
1472 -- [4022 1479]
1473 -- [3964 1065]
1474 -- [2430 1487]
1475 -- [3571 1316]
1476 -- [1686 2175]
1478 -- [3035  210]
1480 -- [1415 3108]
1481 -- [3807  168]
1482 -- [4206 1594]
1484 -- [4049   79]
1485 -- [ 374 2324]
1486 -- [4593  113]
1487 -- [ 347 2986]
1488 -- [1933 1630]
1489 -- [  32 4533]
1490 -- [ 176 1853]
1491 -- [3539 1370]
1492 -- [1790 2490]
1493 -- [2452  591]
1494 -- [1324 1904]
1495 -- [2357 1124]
1498 -- [4504 1792]
1501 -- [ 428 1946]
1502 -- [ 388 1959]
1504 -- [ 455 3683]
1505 -- [4007  690]
1506 -- [4219 1421]
1507 -- [1657 4505]
1508 -- [ 663 3674]
1509 -- [ 680 3908]
1510 -- [ 330 4011]
1511 -- [1260 3292]
1512 -- [3018  367]
1513 -- [3367   16]
1514 -- [4099  726]
1515 -- [2856 1076]
1516 -- [2660  932]
1517 -- [2821  566]
1519 -- [1812 3738]
1520 -- [4242 1405]
1521 -- [4586 1447]
1522 -- [2582 1052]
1523 -- [2430 1126]
1524 -- [ 425 4518]
1525 -- [1411 2126]
1526 -- [4405 1046]
1527 -- [2468  350]
1528 -- [1679 4362]
1529 -- [1573 3082]
1530 -- [2938  666]
1531 -- [1469 3618]
1532 -- [ 972 2639]
1533 -- [1710 3456]
1534 -- [1413 2883]
1535 -- [1385 4507]
1536 -- [ 701 3479]
1537 -- [1028 3380]
1538 -- [1194 2417]
1539 -- [ 863 1923]
1540 -- [1634 2948]
1541 -- [4582 1022]
1542 -- [3150  381]
1543 -- [ 376 2110]
1545 -- [1301 3856]
1546 -- [3997 1040]
1547 -- [4101 1559]
1548 -- [2169 1752]
1550 -- [1277 2463]
1551 -- [ 303 2928]
1552 -- [3622 1351]
1553 -- [ 120 2661]
1554 -- [2217  701]
1555 -- [3352  458]
1556 -- [1405 1990]
1557 -- [ 287 3305]
1558 -- [4554 1264]
1559 -- [3622  831]
1560 -- [1374 4511]
1561 -- [4413 1676]
1562 -- [  10 3583]
1564 -- [ 990 2086]
1565 -- [ 831 2772]
1566 -- [2161  496]
1567 -- [ 981 3984]
1568 -- [3886 1164]
1569 -- [1489 3078]
1570 -- [3680 1573]
1571 -- [1868 1664]
1573 -- [2207 1378]
1574 -- [ 825 4564]
1575 -- [2328  726]
1576 -- [2111 1639]
1577 -- [ 442 3109]
1578 -- [3821  382]
1579 -- [ 133 3518]
1580 -- [ 480 2222]
1581 -- [  82 3648]
1582 -- [ 744 3603]
1583 -- [ 792 2107]
1584 -- [ 530 3477]
1585 -- [1746 2407]
1587 -- [  78 4246]
1588 -- [ 237 2260]
1589 -- [2810 1374]
1590 -- [3970 1637]
1591 -- [1800 4502]
1592 -- [1585 4189]
1595 -- [3079 1185]
1596 -- [ 183 3019]
1597 -- [  78 1959]
1598 -- [ 115 4444]
1599 -- [1586 2933]
1600 -- [4390  893]
1601 -- [2517 1807]
1602 -- [1142 2784]
1603 -- [2946  765]
1604 -- [1409 3850]
1605 -- [ 288 2148]
1606 -- [4307  965]
1607 -- [  49 3459]
1608 -- [ 650 4249]
1609 -- [1998 1017]
1610 -- [4160  473]
1612 -- [2228  399]
1613 -- [4102 1757]
1614 -- [2545  580]
1615 -- [2880 1537]
1616 -- [2991 1205]
1617 -- [3204 1160]
1618 -- [ 887 4070]
1619 -- [4597  827]
1620 -- [1263 3933]
1621 -- [2370 1553]
1622 -- [ 606 4250]
1623 -- [3017 1670]
1624 -- [ 461 1886]
1625 -- [2978 1621]
1626 -- [2685 1453]
1627 -- [1674 4022]
1628 -- [2981   81]
1629 -- [2178  627]
1630 -- [1837 1002]
1631 -- [1725 2174]
1632 -- [ 294 2633]
1633 -- [4510 1473]
1634 -- [ 272 4465]
1635 -- [1546 3884]
1636 -- [1119 4245]
1637 -- [ 713 3573]
1638 -- [3823  320]
1639 -- [4328 1381]
1640 -- [3967  471]
1641 -- [ 556 2263]
1642 -- [1735 2685]
1643 -- [1681 2459]
1644 -- [3640 1028]
1645 -- [2416 1482]
1646 -- [3241  660]
1647 -- [ 478 3781]
1648 -- [2293 1178]
1649 -- [ 884 2110]
1650 -- [3240 1492]
1651 -- [3923  723]
1653 -- [3591  892]
1654 -- [ 558 2594]
1655 -- [  62 3090]
1656 -- [2394  580]
1657 -- [2936 1500]
1659 -- [4347  354]
1660 -- [3522 1209]
1661 -- [3267 1020]
1662 -- [1550 4319]
1663 -- [1114 2884]
1664 -- [ 857 4547]
1667 -- [2090  798]
1668 -- [ 973 3245]
1669 -- [1537 1940]
1670 -- [ 869 3647]
1671 -- [3047  619]
1672 -- [1761 2260]
1673 -- [4245 1604]
1674 -- [1075 4295]
1675 -- [  60 3151]
1676 -- [1274 3632]
1677 -- [1473 2688]
1679 -- [1510 2639]
1680 -- [2845  603]
1681 -- [1593 2988]
1682 -- [1689 1976]
1683 -- [1702 4392]
1684 -- [1517 3853]
1686 -- [4278 1552]
1687 -- [ 174 2851]
1688 -- [2514 1438]
1689 -- [ 133 2681]
1690 -- [1896  123]
1691 -- [2367 1406]
1692 -- [ 399 2843]
1693 -- [ 127 3805]
1696 -- [2620  240]
1697 -- [2253 1496]
1698 -- [1245 3269]
1699 -- [4186 1255]
1700 -- [ 647 2170]
1701 -- [ 598 2778]
1702 -- [  95 2639]
1703 -- [2952 1168]
1704 -- [1945 1374]
1705 -- [1142 4073]
1707 -- [1500 3420]
1708 -- [1295 3760]
1709 -- [1231 2339]
1710 -- [ 474 2736]
1712 -- [1733 4543]
1713 -- [ 432 3630]
1714 -- [4010  440]
1715 -- [1951 1432]
1716 -- [ 644 1914]
1717 -- [1828  520]
1718 -- [1927   17]
1719 -- [1120 2405]
1721 -- [1203 2715]
1722 -- [1788 2022]
1724 -- [1361 3063]
1725 -- [ 438 2792]
1726 -- [3936   42]
1727 -- [ 996 2621]
1729 -- [3804  764]
1730 -- [3732 1102]
1731 -- [4171 1496]
1732 -- [ 946 2317]
1733 -- [ 175 3706]
1734 -- [ 975 1900]
1735 -- [1302 2313]
1736 -- [ 824 2741]
1737 -- [  41 3725]
1739 -- [ 714 3129]
1740 -- [3346 1494]
1741 -- [1060 3986]
1742 -- [2975  583]
1743 -- [4558 1388]
1744 -- [1817  178]
1745 -- [4530 1811]
1747 -- [4458 1607]
1748 -- [ 916 3397]
1749 -- [ 388 4492]
1750 -- [3650  698]
1751 -- [1578 3648]
1752 -- [2144  122]
1754 -- [ 273 3569]
1755 -- [1652 3459]
1756 -- [1864  789]
1757 -- [2855  169]
1758 -- [2296  592]
1759 -- [4135    5]
1760 -- [2897  997]
1761 -- [ 621 3671]
1762 -- [ 409 3993]
1763 -- [3604 1235]
1764 -- [1196 3661]
1765 -- [3837  559]
1766 -- [ 817 2644]
1767 -- [1761 3424]
1768 -- [2375 1522]
1769 -- [2157 1264]
1770 -- [ 514 4152]
1771 -- [4131  741]
1772 -- [2113  671]
1774 -- [3293 1399]
1775 -- [4395  335]
1777 -- [1589 4087]
1778 -- [2774  719]
1779 -- [3054  998]
1780 -- [1176 3262]
1781 -- [3490  119]
1782 -- [1525 3990]
1783 -- [2909 1247]
1785 -- [2207  120]
1787 -- [ 528 2739]
1788 -- [1910  521]
1789 -- [1859  299]
1790 -- [4107  829]
1791 -- [ 541 3712]
1792 -- [1769 3894]
1793 -- [2756  723]
1794 -- [2158 1267]
1795 -- [ 340 4559]
1796 -- [4231 1200]
1797 -- [3521 1472]
1798 -- [3464 1184]
1799 -- [ 465 2895]
1800 -- [ 531 3628]
1801 -- [ 784 2879]
1802 -- [4485 1442]
1803 -- [3591 1017]
1804 -- [2686 1347]
1806 -- [3596  887]
1807 -- [2468 1332]
1808 -- [ 538 3481]
1809 -- [1685 2575]
1810 -- [ 808 3466]
1811 -- [3337 1189]
1812 -- [3673  648]
1813 -- [2114 1505]
1814 -- [2678 1231]
1815 -- [3879  263]
1818 -- [2720 1291]
1819 -- [1282 4485]
1820 -- [3669 1601]
1821 -- [ 796 4156]
1822 -- [1190 2557]
1823 -- [1331 3252]
1824 -- [ 907 2563]
1825 -- [2251  719]
1826 -- [ 786 2853]
1827 -- [3799 1510]
1828 -- [2418  362]
1829 -- [2384  409]
1830 -- [1043 2422]
1831 -- [3416 1148]
1832 -- [  48 2352]
1833 -- [2331  541]
1834 -- [4278 1566]
1835 -- [1576 4269]
1836 -- [4434 1735]
1837 -- [3170 1582]
1838 -- [2800  935]
1839 -- [1394 2454]
1840 -- [3532 1637]
1841 -- [ 782 4214]
1842 -- [1520 3232]
1844 -- [ 610 2294]
1845 -- [3475  128]
1846 -- [1748 3662]
1847 -- [1206 4020]
1848 -- [2996  880]
1849 -- [1297 2098]
1850 -- [ 604 4024]
1851 -- [ 640 3873]
1852 -- [ 509 2755]
1853 -- [1394 4084]
1854 -- [4407  685]
1855 -- [4292  993]
1856 -- [1161 2193]
1857 -- [2244  412]
1858 -- [1890  735]
1859 -- [3605  923]
1860 -- [1397 2542]
1861 -- [1144 3425]
1862 -- [1550 4231]
1863 -- [4181 1413]
1865 -- [ 572 3648]
1866 -- [1069 2834]
1867 -- [2182 1563]
1868 -- [1460 2709]
1870 -- [1167 3720]
1871 -- [1389 2717]
1872 -- [ 957 2661]
1873 -- [1645 3849]
1874 -- [4183 1085]
1875 -- [1583 2264]
1876 -- [2139  615]
1877 -- [1557 3712]
1878 -- [3999  457]
1879 -- [1254 2297]
1880 -- [1227 3072]
1881 -- [ 523 2904]
1882 -- [  58 3389]
1883 -- [2443  859]
1884 -- [ 765 2336]
1885 -- [1058 4522]
1886 -- [1010 2053]
1887 -- [3778 1357]
1888 -- [ 780 4533]
1889 -- [4158 1156]
1891 -- [ 765 3284]
1892 -- [4186 1750]
1893 -- [4299  270]
1895 -- [ 597 4244]
1896 -- [2602 1453]
1897 -- [4528  270]
1898 -- [2189  644]
1899 -- [1410 4127]
1900 -- [4044 1394]
1902 -- [1281 2240]
1903 -- [1249 4510]
1904 -- [ 496 1999]
1905 -- [4539   62]
1906 -- [1403 4280]
1907 -- [1979  415]
1908 -- [2017  336]
1909 -- [3370 1079]
1910 -- [3538 1200]
1911 -- [4224  504]
1912 -- [1137 2945]
1913 -- [3383  552]
1915 -- [2463 1406]
1916 -- [3036 1773]
1917 -- [2925 1005]
1919 -- [2996  859]
1920 -- [2814 1289]
1921 -- [ 242 3153]
1922 -- [1975 1339]
1923 -- [1315 3631]
1924 -- [ 925 3887]
1925 -- [ 981 2925]
1926 -- [2706 1197]
1927 -- [1080 3589]
1928 -- [ 910 3811]
1929 -- [4353  581]
1930 -- [2227  831]
1932 -- [1883  283]
1933 -- [1044 4300]
1934 -- [3221  174]
1935 -- [ 988 2766]
1936 -- [3897  516]
1938 -- [3957  730]
1939 -- [  39 2878]
1940 -- [1125 2340]
1941 -- [3069 1167]
1942 -- [ 996 3705]
1943 -- [1921 1540]
1944 -- [1163 2604]
1946 -- [3843 1608]
1947 -- [1765 4167]
1948 -- [3255 1273]
1949 -- [3222  842]
1950 -- [ 178 3202]
1951 -- [2957  704]
1952 -- [ 562 4328]
1954 -- [ 591 3953]
1955 -- [1095 4489]
1956 -- [1149 3571]
1957 -- [ 328 4104]
1959 -- [2977   95]
1961 -- [1504 3917]
1962 -- [3308 1108]
1964 -- [ 438 4492]
1965 -- [1155 1862]
1966 -- [3196  113]
1967 -- [2641   88]
1968 -- [ 819 3053]
1969 -- [4496  897]
1970 -- [3114  415]
1971 -- [2171  887]
1972 -- [3352 1281]
1973 -- [4361 1103]
1975 -- [ 381 2946]
1976 -- [ 550 2856]
1978 -- [ 512 2984]
1980 -- [ 414 2688]
1981 -- [ 521 3225]
1982 -- [1985 1051]
1983 -- [ 461 2860]
1984 -- [4245 1512]
1985 -- [4180 1094]
1987 -- [  85 3934]
1988 -- [ 278 4464]
1989 -- [ 650 3645]
1990 -- [1741 2513]
1991 -- [1870 1787]
1992 -- [3674  861]
1993 -- [ 810 3670]
1994 -- [   4 3058]
1995 -- [ 591 2798]
1996 -- [2214 1484]
1997 -- [2116 1537]
1998 -- [ 299 2374]
1999 -- [3644 1035]
2000 -- [ 633 2079]
2001 -- [2953  982]
2002 -- [ 701 2504]
2003 -- [4086 1607]
2004 -- [2461 1428]
2005 -- [ 200 3815]
2006 -- [3973  797]
2007 -- [1871 1049]
2008 -- [1763 3526]
2009 -- [4471  903]
2011 -- [1824  475]
2012 -- [2207 1546]
2013 -- [3395  245]
2014 -- [ 774 4352]
2015 -- [2402  599]
2017 -- [3955 1057]
2018 -- [1681 2413]
2019 -- [4111  430]
2020 -- [2440  285]
2021 -- [ 984 2896]
2022 -- [2352 1194]
2023 -- [3395  500]
2024 -- [ 704 3673]
2026 -- [ 602 3579]
2027 -- [ 310 2380]
2028 -- [4001 1800]
2029 -- [ 867 4533]
2030 -- [1943  113]
2031 -- [1014 2445]
2032 -- [ 440 2253]
2033 -- [ 377 4211]
2034 -- [1208 1909]
2035 -- [ 138 2145]
2036 -- [3443 1163]
2038 -- [1879  574]
2039 -- [1251 2080]
2040 -- [ 160 2453]
2041 -- [1388 2902]
2043 -- [ 275 1946]
2044 -- [1143 1993]
2045 -- [4443  520]
2046 -- [1051 3130]
2048 -- [3705  395]
2049 -- [1920  744]
2052 -- [2627  874]
2053 -- [4137  662]
2054 -- [3881 1298]
2055 -- [1786 3356]
2057 -- [4571 1364]
2058 -- [ 808 2693]
2059 -- [ 284 2421]
2060 -- [  21 2049]
2062 -- [3770  765]
2063 -- [4397  623]
2064 -- [1177 4286]
2065 -- [1686 4533]
2066 -- [1469 3347]
2067 -- [1914  202]
2068 -- [4238  569]
2070 -- [1450 3489]
2072 -- [4136 1249]
2073 -- [4146  954]
2074 -- [1584 3357]
2075 -- [ 549 3468]
2076 -- [2605 1591]
2077 -- [  86 4576]
2078 -- [ 882 2584]
2079 -- [1688 4428]
2080 -- [1686 3520]
2081 -- [1312 2951]
2082 -- [1635 2710]
2083 -- [3947 1764]
2084 -- [1650 2089]
2085 -- [ 442 4414]
2086 -- [1690 4187]
2087 -- [1198 2442]
2088 -- [ 758 1958]
2089 -- [ 110 2253]
2090 -- [  88 2570]
2092 -- [ 148 1854]
2093 -- [ 760 4050]
2094 -- [ 948 2394]
2095 -- [2675 1798]
2096 -- [1209 1818]
2097 -- [1867  153]
2098 -- [1355 2317]
2099 -- [ 677 3178]
2100 -- [1048 2616]
2101 -- [2278  442]
2102 -- [1745 2745]
2103 -- [1381 3238]
2105 -- [4590  550]
2106 -- [1586 3893]
2107 -- [1281 3042]
2108 -- [4156  340]
2109 -- [3549 1478]
2110 -- [3867 1714]
2111 -- [4044 1120]
2112 -- [ 458 2512]
2113 -- [3072  562]
2114 -- [ 796 3410]
2115 -- [ 388 4073]
2116 -- [ 489 2913]
2117 -- [4011  665]
2119 -- [1685 4223]
2121 -- [ 465 1920]
2122 -- [4228 1495]
2123 -- [1562 2723]
2124 -- [3425  368]
2125 -- [2386  187]
2126 -- [4159 1137]
2127 -- [3715  411]
2128 -- [1446 2476]
2129 -- [4119 1072]
2130 -- [1062 2817]
2131 -- [2245  964]
2132 -- [ 867 4570]
2133 -- [4360 1233]
2134 -- [ 626 3172]
2135 -- [2362  157]
2136 -- [3526 1655]
2137 -- [1352 2340]
2139 -- [4360 1666]
2140 -- [2156  490]
2141 -- [ 240 3538]
2142 -- [1901  385]
2143 -- [3210 1326]
2145 -- [ 199 3499]
2146 -- [4028 1624]
2147 -- [ 382 3471]
2148 -- [2448 1649]
2149 -- [1722 2701]
2150 -- [2920 1045]
2151 -- [2730 1054]
2152 -- [2216 1572]
2153 -- [2307  935]
2154 -- [1435 2758]
2155 -- [2719   64]
2156 -- [2551 1000]
2157 -- [2381 1432]
2158 -- [3779   56]
2159 -- [3821 1416]
2160 -- [3542  437]
2161 -- [3726 1496]
2162 -- [ 626 2231]
2163 -- [4574  351]
2164 -- [ 406 3565]
2166 -- [1656 2514]
2167 -- [3148   33]
2168 -- [ 330 3558]
2169 -- [ 806 2423]
2170 -- [ 189 3025]
2171 -- [ 767 3180]
2172 -- [2740 1581]
2173 -- [1650 2583]
2174 -- [ 141 3902]
2175 -- [1682 4198]
2176 -- [3499 1290]
2177 -- [1395 3840]
2178 -- [ 248 3116]
2179 -- [4255 1609]
2180 -- [3173 1279]
2181 -- [3680 1257]
2182 -- [2877 1581]
2183 -- [2526   16]
2185 -- [2111 1033]
2186 -- [1733 4130]
2187 -- [4355 1729]
2188 -- [3803 1217]
2189 -- [3321   21]
2190 -- [1774 3470]
2191 -- [3626  169]
2193 -- [ 476 4189]
2194 -- [ 320 4244]
2195 -- [ 189 1832]
2196 -- [1698 1992]
2197 -- [4530  501]
2198 -- [4121  714]
2199 -- [1794 2824]
2200 -- [4445 1755]
2201 -- [2383 1613]
2202 -- [   8 2618]
2204 -- [2718  891]
2205 -- [ 894 4370]
2206 -- [2879  421]
2207 -- [3129   35]
2209 -- [2823  815]
2210 -- [1549 2459]
2211 -- [1208 3599]
2212 -- [2548 1729]
2214 -- [ 653 3660]
2215 -- [1361 2350]
2216 -- [ 535 2900]
2217 -- [4282  332]
2218 -- [2676  610]
2219 -- [4315 1345]
2220 -- [3760 1586]
2222 -- [2826 1185]
2223 -- [2728 1448]
2224 -- [3850  987]
2225 -- [ 901 2358]
2226 -- [ 562 4464]
2228 -- [1093 2579]
2229 -- [2227  162]
2230 -- [1879 1668]
2231 -- [1186 4550]
2232 -- [1733 3063]
2233 -- [3177  332]
2234 -- [3798 1081]
2235 -- [ 802 2248]
2236 -- [ 917 2531]
2237 -- [ 561 2559]
2238 -- [ 275 3384]
2239 -- [ 417 2069]
2241 -- [3583 1559]
2242 -- [ 370 3167]
2243 -- [1275 4482]
2244 -- [2273 1259]
2245 -- [1097 4272]
2248 -- [ 301 4077]
2249 -- [2698  519]
2250 -- [3642  400]
2251 -- [2488  787]
2252 -- [1092 2568]
2253 -- [1247 3585]
2254 -- [  92 2424]
2255 -- [3884 1035]
2256 -- [3325  465]
2257 -- [1738 3121]
2258 -- [ 180 2233]
2259 -- [ 137 4309]
2260 -- [1525 4157]
2261 -- [3471 1363]
2262 -- [ 396 2420]
2263 -- [ 840 2860]
2264 -- [1017 2821]
2266 -- [4258   43]
2267 -- [2249  625]
2268 -- [ 556 2773]
2270 -- [  45 3337]
2271 -- [2409 1326]
2272 -- [4024  567]
2273 -- [3483  282]
2274 -- [ 180 3135]
2275 -- [2449 1546]
2276 -- [3122  253]
2278 -- [1976 1124]
2279 -- [2570 1693]
2280 -- [1525 2133]
2281 -- [ 230 2352]
2283 -- [3916  944]
2284 -- [4419  402]
2285 -- [1406 2080]
2286 -- [ 384 4089]
2287 -- [4413  459]
2288 -- [ 221 3805]
2289 -- [1204 2801]
2291 -- [2401  881]
2292 -- [ 135 3842]
2293 -- [3875 1661]
2294 -- [3053 1521]
2296 -- [3324 1808]
2297 -- [1665 3303]
2298 -- [2202  703]
2299 -- [2489 1579]
2300 -- [1725 2557]
2301 -- [3898  841]
2302 -- [1118 4428]
2303 -- [3866 1776]
2304 -- [ 786 3366]
2305 -- [3166 1511]
2306 -- [3621  120]
2307 -- [  64 1859]
2309 -- [ 868 3173]
2310 -- [2918  132]
2311 -- [ 899 2121]
2312 -- [1772 3046]
2313 -- [3351 1511]
2314 -- [ 430 3426]
2315 -- [1140 4245]
2316 -- [1200 3722]
2317 -- [1095 3337]
2318 -- [   9 3773]
2319 -- [ 773 3259]
2320 -- [2821  453]
2321 -- [ 767 3485]
2322 -- [ 936 1938]
2323 -- [ 481 3143]
2324 -- [1337 4049]
2326 -- [1735 4228]
2327 -- [2118 1005]
2328 -- [1832  280]
2330 -- [1922  277]
2333 -- [   8 4197]
2335 -- [2683 1376]
2336 -- [2973 1618]
2337 -- [2953  494]
2339 -- [ 533 2913]
2340 -- [3988 1228]
2341 -- [1081 2378]
2342 -- [ 166 2439]
2343 -- [2600 1059]
2344 -- [  53 3235]
2345 -- [ 127 2683]
2346 -- [2055 1655]
2347 -- [3558  806]
2350 -- [ 730 2363]
2351 -- [ 269 3135]
2352 -- [ 669 3851]
2353 -- [ 389 3534]
2354 -- [2600  940]
2355 -- [1269 3360]
2356 -- [3161 1752]
2357 -- [4402  980]
2358 -- [3527 1479]
2359 -- [1224 2870]
2360 -- [ 860 1964]
2361 -- [1118 2875]
2362 -- [1708 2585]
2363 -- [1855 1212]
2365 -- [  31 2007]
2366 -- [1902  864]
2367 -- [1012 4317]
2368 -- [1282 3764]
2369 -- [3188  946]
2370 -- [ 252 3723]
2371 -- [2591 1021]
2372 -- [2715 1579]
2373 -- [2030  389]
2374 -- [ 500 2123]
2375 -- [ 435 4531]
2376 -- [   5 2095]
2377 -- [ 746 2409]
2378 -- [3541 1627]
2379 -- [ 117 4044]
2380 -- [1936  515]
2381 -- [2390 1730]
2382 -- [2034 1064]
2383 -- [2059  811]
2384 -- [3004  641]
2385 -- [  19 3159]
2386 -- [ 953 2513]
2387 -- [4061 1292]
2388 -- [1179 4005]
2389 -- [3770 1349]
2390 -- [2802  782]
2391 -- [1639 2178]
2392 -- [ 621 2580]
2393 -- [ 281 2369]
2395 -- [1799 2741]
2396 -- [1960  630]
2397 -- [2844  985]
2398 -- [1111 3211]
2399 -- [2805  827]
2400 -- [ 110 3199]
2401 -- [ 260 2107]
2402 -- [2685  909]
2403 -- [2246  433]
2404 -- [4363  292]
2405 -- [4369 1303]
2406 -- [3412 1393]
2407 -- [ 886 4455]
2408 -- [1115 3686]
2409 -- [ 485 2844]
2410 -- [1380 3929]
2411 -- [3851  475]
2412 -- [2200 1270]
2413 -- [4538  409]
2414 -- [ 246 2132]
2415 -- [1491 3755]
2416 -- [4122 1344]
2417 -- [4240  607]
2418 -- [ 162 2952]
2419 -- [1851  348]
2420 -- [1297 3574]
2421 -- [4595 1421]
2422 -- [1398 3111]
2423 -- [4544 1007]
2424 -- [3479  674]
2425 -- [2786 1692]
2426 -- [ 565 2133]
2427 -- [4021 1663]
2428 -- [4568  421]
2429 -- [3694  487]
2430 -- [2523  699]
2431 -- [ 983 1968]
2432 -- [ 570 2730]
2433 -- [3960  655]
2435 -- [ 898 2028]
2436 -- [ 126 1853]
2437 -- [2406  317]
2438 -- [2615  287]
2439 -- [1623 2634]
2440 -- [ 225 3549]
2441 -- [ 789 3318]
2442 -- [2447 1749]
2443 -- [3662 1156]
2444 -- [1859 1073]
2445 -- [4600 1313]
2448 -- [2742  482]
2449 -- [1470 3859]
2450 -- [2930  100]
2452 -- [ 904 3607]
2453 -- [1500 2488]
2454 -- [ 442 4197]
2455 -- [1921  788]
2456 -- [2390  497]
2457 -- [1278 2916]
2458 -- [ 109 2839]
2459 -- [1515 3033]
2460 -- [ 120 4297]
2461 -- [1038 3444]
2462 -- [ 143 2507]
2463 -- [ 532 4070]
2464 -- [ 130 3136]
2465 -- [2156  604]
2467 -- [3953 1178]
2468 -- [4506  651]
2469 -- [1855 1347]
2470 -- [3196 1750]
2471 -- [2398  885]
2472 -- [2335 1302]
2473 -- [2730 1517]
2474 -- [ 171 3450]
2475 -- [3904  747]
2476 -- [2363  226]
2477 -- [1201 3554]
2479 -- [3478  480]
2480 -- [3258   32]
2481 -- [ 633 2483]
2482 -- [3612 1735]
2483 -- [ 697 2514]
2484 -- [1795 4330]
2485 -- [2384  652]
2486 -- [1670 4284]
2487 -- [ 403 2289]
2489 -- [4562  711]
2490 -- [3766 1677]
2491 -- [1180 3410]
2493 -- [3400  981]
2494 -- [2239   33]
2495 -- [3492 1290]
2496 -- [2535 1145]
2497 -- [1636 3171]
2498 -- [ 493 4352]
2499 -- [4480 1309]
2500 -- [3891 1796]
2501 -- [ 603 2748]
2502 -- [ 282 3814]
2503 -- [ 721 4368]
2505 -- [3468  647]
2506 -- [3363  463]
2508 -- [3213    5]
2509 -- [1421 2772]
2510 -- [ 130 2023]
2511 -- [4529 1508]
2512 -- [1322 3692]
2513 -- [1507 3617]
2514 -- [ 198 2800]
2515 -- [2099  507]
2516 -- [2099  529]
2517 -- [2556 1150]
2519 -- [ 273 3959]
2520 -- [ 109 3262]
2521 -- [2312 1674]
2522 -- [1599 3173]
2523 -- [ 684 2615]
2524 -- [ 459 3902]
2525 -- [3114  891]
2526 -- [3360  226]
2527 -- [3681  856]
2528 -- [   3 1911]
2529 -- [ 746 3991]
2530 -- [ 224 3494]
2531 -- [1319 2475]
2532 -- [3487 1244]
2534 -- [4328  239]
2535 -- [1969 1157]
2536 -- [2904   61]
2537 -- [4217 1083]
2538 -- [2937  327]
2539 -- [3219 1095]
2540 -- [3038  591]
2541 -- [3615  831]
2542 -- [ 297 2138]
2545 -- [3105  449]
2546 -- [1824  624]
2547 -- [2224 1211]
2548 -- [2752 1541]
2549 -- [3043  717]
2550 -- [2516 1065]
2551 -- [1933  703]
2552 -- [1852  906]
2553 -- [2162 1631]
2554 -- [3450  123]
2555 -- [1119 2729]
2556 -- [2079 1265]
2557 -- [  37 3565]
2559 -- [ 603 2421]
2560 -- [2359 1545]
2561 -- [2027  281]
2562 -- [2561  901]
2563 -- [ 380 3562]
2565 -- [3155  938]
2566 -- [ 802 2917]
2567 -- [3507 1194]
2568 -- [1214 2966]
2569 -- [   4 3845]
2570 -- [2232   34]
2571 -- [3126  468]
2572 -- [3167  837]
2573 -- [4109   67]
2574 -- [2649 1542]
2575 -- [2130 1167]
2576 -- [ 177 3149]
2577 -- [1590 2792]
2578 -- [2118 1071]
2579 -- [3526 1610]
2581 -- [2811 1232]
2582 -- [3991  730]
2583 -- [2107  653]
2584 -- [3895 1713]
2585 -- [ 198 3187]
2586 -- [ 442 2898]
2587 -- [2533 1455]
2588 -- [ 951 2541]
2589 -- [ 965 3743]
2590 -- [2437 1134]
2591 -- [1787 2236]
2592 -- [3761 1379]
2593 -- [3468 1506]
2594 -- [3366 1773]
2595 -- [4445  211]
2596 -- [2171 1752]
2597 -- [3840  969]
2598 -- [4338 1517]
2600 -- [ 393 2746]
2601 -- [3829 1019]
2602 -- [4597  585]
2603 -- [1722 4184]
2604 -- [1436 3329]
2605 -- [ 840 3765]
2606 -- [2005   14]
2607 -- [1794 4426]
2608 -- [1169 2471]
2609 -- [2595  968]
2610 -- [4243  642]
2611 -- [ 213 4171]
2612 -- [2192  970]
2613 -- [3473  499]
2614 -- [ 343 3302]
2615 -- [2756 1389]
2616 -- [1282 2031]
2617 -- [ 863 2873]
2618 -- [ 519 3434]
2619 -- [3371  717]
2620 -- [  65 2444]
2621 -- [3817  904]
2622 -- [ 455 2072]
2623 -- [2996  338]
2626 -- [ 609 3411]
2627 -- [ 393 3703]
2628 -- [ 894 2375]
2629 -- [1358 4497]
2630 -- [1865 1232]
2631 -- [1064 3112]
2632 -- [ 191 3070]
2633 -- [3613  986]
2634 -- [1488 3508]
2635 -- [1466 2946]
2636 -- [1288 4329]
2637 -- [1277 2488]
2638 -- [ 411 2717]
2639 -- [3642 1224]
2640 -- [2201   93]
2642 -- [ 594 2755]
2643 -- [3236 1645]
2644 -- [4208 1501]
2645 -- [2498  774]
2646 -- [ 720 4203]
2647 -- [ 829 2585]
2649 -- [3604 1203]
2650 -- [4258  567]
2651 -- [1619 3330]
2652 -- [ 126 2488]
2653 -- [4335  511]
2655 -- [ 138 2919]
2656 -- [4359 1285]
2658 -- [3399  949]
2659 -- [ 169 3784]
2660 -- [1273 2291]
2661 -- [2602  852]
2662 -- [3710 1133]
2663 -- [ 120 1911]
2664 -- [4064 1327]
2665 -- [ 105 2095]
2666 -- [4147  759]
2667 -- [1402 1819]
2668 -- [  87 2399]
2669 -- [4433 1462]
2671 -- [2502  938]
2672 -- [1642 3910]
2673 -- [2419 1202]
2674 -- [3422 1105]
2675 -- [1326 3654]
2677 -- [2535 1771]
2678 -- [1658 4026]
2679 -- [2902 1031]
2680 -- [1746 1952]
2681 -- [ 155 3478]
2682 -- [2344  915]
2683 -- [3420  997]
2684 -- [3799  597]
2685 -- [1497 2372]
2686 -- [3182  217]
2687 -- [ 950 3061]
2688 -- [1393 3321]
2690 -- [4301  866]
2693 -- [2142 1465]
2694 -- [2885  833]
2695 -- [2214 1681]
2697 -- [1968 1309]
2698 -- [1582 3809]
2699 -- [ 224 2182]
2700 -- [3367  461]
2701 -- [3933  311]
2702 -- [2239 1661]
2703 -- [3358 1177]
2704 -- [ 222 2972]
2705 -- [1442 2554]
2706 -- [3777  371]
2707 -- [3608 1612]
2708 -- [1468 3001]
2709 -- [3357  196]
2710 -- [1657 3219]
2711 -- [1282 2582]
2712 -- [ 306 2630]
2713 -- [ 401 3178]
2714 -- [3839 1580]
2715 -- [2628 1370]
2716 -- [ 601 2232]
2717 -- [2506  427]
2718 -- [2393  780]
2719 -- [2623 1570]
2720 -- [  85 2255]
2721 -- [1268 3546]
2722 -- [ 565 4370]
2723 -- [2254  474]
2724 -- [ 103 1985]
2725 -- [ 244 3032]
2726 -- [4298 1706]
2727 -- [4100  358]
2728 -- [3201   97]
2729 -- [4214  181]
2731 -- [ 663 3653]
2732 -- [4331  128]
2733 -- [ 166 3374]
2734 -- [2015  837]
2735 -- [1535 4229]
2736 -- [1272 2416]
2737 -- [ 137 1926]
2738 -- [1735 2516]
2739 -- [3555 1115]
2741 -- [4255  945]
2742 -- [4518 1526]
2743 -- [3090 1582]
2744 -- [ 393 3535]
2745 -- [4302  589]
2746 -- [1386 4455]
2747 -- [ 608 4162]
2749 -- [1684 3769]
2750 -- [3652  278]
2751 -- [1285 4047]
2752 -- [4248 1597]
2753 -- [ 362 2081]
2754 -- [ 828 2529]
2755 -- [4149  709]
2756 -- [4111 1691]
2757 -- [2290 1270]
2758 -- [ 335 3340]
2759 -- [1190 1986]
2760 -- [  44 3428]
2761 -- [4040  286]
2762 -- [1949 1407]
2764 -- [  99 3504]
2765 -- [ 880 3477]
2766 -- [1508 4300]
2767 -- [1606 2487]
2768 -- [4108  295]
2769 -- [2035  109]
2770 -- [1814  388]
2771 -- [1675 2969]
2772 -- [1364 3101]
2773 -- [4384  540]
2774 -- [ 212 3067]
2775 -- [2436  923]
2776 -- [1340 4000]
2777 -- [ 728 2595]
2778 -- [3018  924]
2779 -- [1799 2131]
2780 -- [4529 1371]
2781 -- [3927  266]
2782 -- [1636 4278]
2783 -- [1042 3860]
2785 -- [1442 3359]
2786 -- [1461 3508]
2789 -- [3551 1771]
2790 -- [ 643 2830]
2791 -- [2297  669]
2792 -- [  57 2892]
2793 -- [1662 2181]
2794 -- [1593 2263]
2795 -- [1190 3283]
2796 -- [4395 1281]
2797 -- [ 656 2012]
2798 -- [1414 3977]
2800 -- [1562 4544]
2801 -- [ 807 2090]
2802 -- [ 917 2123]
2803 -- [1187 3946]
2804 -- [ 757 3370]
2805 -- [ 816 2957]
2807 -- [3600 1122]
2808 -- [3307  154]
2809 -- [ 767 4072]
2812 -- [ 816 2136]
2813 -- [1869   55]
2814 -- [1024 2639]
2815 -- [  51 4279]
2816 -- [3697  435]
2817 -- [2805  565]
2818 -- [2301 1782]
2819 -- [1134 2483]
2820 -- [1440 3438]
2821 -- [1567 3354]
2822 -- [ 226 4478]
2823 -- [4072 1407]
2824 -- [3620 1788]
2826 -- [ 419 2733]
2827 -- [ 231 2686]
2828 -- [1717 2514]
2829 -- [ 163 2083]
2830 -- [4247 1562]
2831 -- [1113 2523]
2832 -- [1460 3456]
2834 -- [1564 2423]
2835 -- [1138 2565]
2837 -- [1941  519]
2838 -- [ 926 3106]
2839 -- [1224 3881]
2840 -- [2066 1679]
2841 -- [1300 3642]
2842 -- [3320  479]
2843 -- [2131 1619]
2844 -- [1385 3165]
2845 -- [4430  621]
2846 -- [3901  500]
2847 -- [ 163 2876]
2848 -- [1922  444]
2849 -- [1957 1166]
2850 -- [4152   56]
2851 -- [ 768 4233]
2852 -- [2650  693]
2853 -- [ 886 3655]
2854 -- [3347  606]
2856 -- [ 667 3239]
2857 -- [3613  542]
2859 -- [4265  964]
2860 -- [2148  123]
2861 -- [2461  374]
2862 -- [2153  907]
2863 -- [2189  329]
2864 -- [ 942 2140]
2865 -- [1641 3119]
2866 -- [4521  270]
2867 -- [1468 1944]
2868 -- [3674 1311]
2869 -- [3001  438]
2870 -- [4428 1033]
2871 -- [3443 1239]
2872 -- [1198 1895]
2873 -- [1602 4189]
2874 -- [ 404 3794]
2875 -- [4462   84]
2876 -- [ 358 4479]
2877 -- [  88 2423]
2878 -- [  69 2246]
2879 -- [1021 2221]
2880 -- [1094 2988]
2881 -- [3504  402]
2882 -- [3403 1224]
2883 -- [2552 1141]
2884 -- [4515  119]
2885 -- [ 860 3296]
2886 -- [ 597 4241]
2887 -- [1023 3678]
2888 -- [1511 3283]
2890 -- [   8 4395]
2891 -- [ 163 3869]
2892 -- [3215  606]
2893 -- [ 646 4047]
2894 -- [2922 1412]
2896 -- [1730 4173]
2897 -- [ 698 2343]
2898 -- [1128 3188]
2899 -- [ 816 3525]
2900 -- [1004 3381]
2902 -- [4347 1095]
2903 -- [1817 1433]
2904 -- [2734 1210]
2905 -- [ 773 4277]
2906 -- [2356  199]
2907 -- [2266 1784]
2908 -- [1323 2770]
2909 -- [4534 1805]
2910 -- [1281 2042]
2911 -- [ 974 3639]
2912 -- [ 956 2714]
2913 -- [1596 2593]
2915 -- [3579  487]
2916 -- [ 469 2752]
2917 -- [3368 1650]
2918 -- [4259 1396]
2919 -- [2973  265]
2920 -- [4440 1018]
2921 -- [2585  495]
2922 -- [ 252 3442]
2923 -- [  65 3454]
2924 -- [3313 1091]
2925 -- [3687  427]
2926 -- [1078 3384]
2927 -- [1691 4413]
2928 -- [4260 1389]
2929 -- [3918  399]
2930 -- [2156  840]
2931 -- [1287 3936]
2932 -- [1464 3512]
2933 -- [ 344 3930]
2934 -- [2389 1672]
2935 -- [1917  320]
2936 -- [ 551 2485]
2937 -- [ 305 2030]
2938 -- [2046 1191]
2939 -- [2261   53]
2940 -- [3147 1196]
2941 -- [2306 1290]
2942 -- [2958  143]
2943 -- [ 370 1991]
2944 -- [1217 2371]
2945 -- [ 482 4302]
2947 -- [2309 1809]
2948 -- [2173 1811]
2949 -- [2705 1011]
2950 -- [4407   59]
2951 -- [1292 2883]
2952 -- [ 821 3497]
2953 -- [1285 2231]
2954 -- [1661 1948]
2955 -- [ 874 3703]
2956 -- [1675 3818]
2957 -- [3027  615]
2958 -- [2421   33]
2959 -- [1123 4588]
2960 -- [2409 1142]
2961 -- [2059 1513]
2962 -- [2179  687]
2963 -- [ 724 3794]
2964 -- [ 833 4128]
2965 -- [3425  333]
2966 -- [1109 2424]
2967 -- [1557 1998]
2968 -- [1643 2091]
2969 -- [2693 1542]
2970 -- [2797 1802]
2972 -- [4549 1403]
2973 -- [ 799 2998]
2974 -- [1449 3184]
2975 -- [ 424 3585]
2976 -- [3248 1364]
2977 -- [ 146 2019]
2980 -- [2752 1049]
2981 -- [2804 1616]
2982 -- [2272  776]
2983 -- [ 416 4398]
2986 -- [ 359 3435]
2987 -- [1304 3547]
2989 -- [3964 1355]
2990 -- [2853  360]
2992 -- [ 457 3519]
2993 -- [4532  138]
2994 -- [1642 2053]
2995 -- [2172  691]
2996 -- [3306 1740]
2997 -- [1551 2500]
2998 -- [2880 1662]
2999 -- [3001  576]
3000 -- [1515 3932]
3001 -- [2260  603]
3003 -- [2904  976]
3004 -- [ 567 4149]
3005 -- [1058 1879]
3006 -- [ 294 3929]
3007 -- [1350 2428]
3008 -- [2369 1282]
3009 -- [3265 1759]
3010 -- [1686 3364]
3011 -- [3778  637]
3013 -- [2562  576]
3015 -- [ 206 3597]
3016 -- [2341 1679]
3018 -- [2936  971]
3019 -- [1586 4011]
3020 -- [ 903 2075]
3021 -- [3066 1096]
3022 -- [4262 1295]
3023 -- [1589 2404]
3024 -- [1840 1016]
3025 -- [3016 1419]
3026 -- [4520  938]
3027 -- [1728 1818]
3030 -- [1301 3143]
3031 -- [3705  229]
3032 -- [ 736 3625]
3033 -- [4071 1507]
3034 -- [ 827 1908]
3035 -- [4262 1769]
3036 -- [3803 1326]
3037 -- [2934 1640]
3038 -- [3376 1521]
3039 -- [4506 1368]
3040 -- [1017 3602]
3042 -- [3018 1768]
3043 -- [3949  236]
3044 -- [1580 3197]
3045 -- [2785 1668]
3046 -- [3522 1662]
3047 -- [4564  103]
3048 -- [4482  678]
3049 -- [ 466 3636]
3051 -- [4165 1800]
3052 -- [1424 4493]
3053 -- [4155 1596]
3054 -- [3662  113]
3055 -- [2637 1566]
3056 -- [ 988 4144]
3057 -- [ 922 4374]
3058 -- [ 831 3355]
3059 -- [3052  907]
3060 -- [3589  873]
3061 -- [2726 1694]
3062 -- [2680  828]
3063 -- [ 377 3320]
3065 -- [2214 1406]
3066 -- [1580 4107]
3067 -- [4372  946]
3069 -- [1137 2267]
3070 -- [ 259 4507]
3071 -- [1703 3928]
3072 -- [3149  824]
3073 -- [ 952 3456]
3074 -- [2495 1712]
3075 -- [ 133 3100]
3076 -- [ 989 2776]
3077 -- [4137    5]
3078 -- [2337  150]
3079 -- [1735 2866]
3080 -- [2228  719]
3081 -- [ 465 1950]
3082 -- [ 876 3010]
3083 -- [ 113 3521]
3085 -- [3235 1551]
3086 -- [4364 1289]
3087 -- [3299  100]
3088 -- [ 486 3629]
3089 -- [4428  667]
3090 -- [ 978 2205]
3091 -- [1603 4582]
3092 -- [4311  669]
3094 -- [3234 1297]
3095 -- [1769 3077]
3096 -- [3602  740]
3097 -- [ 486 3556]
3098 -- [4032 1212]
3099 -- [1403 1919]
3100 -- [3375 1193]
3101 -- [4290 1512]
3102 -- [1351 3860]
3103 -- [ 250 2250]
3104 -- [3082 1801]
3106 -- [ 297 1881]
3107 -- [1116 1911]
3108 -- [2206  987]
3109 -- [1800 2755]
3110 -- [1442 3895]
3111 -- [  23 3414]
3112 -- [4236 1767]
3113 -- [1727 3328]
3114 -- [2484  299]
3116 -- [4317  748]
3117 -- [ 174 2202]
3118 -- [3153 1712]
3119 -- [1361 2636]
3120 -- [ 922 4423]
3121 -- [ 959 4135]
3122 -- [1784 2050]
3123 -- [4418  977]
3124 -- [3872  115]
3125 -- [2479   23]
3126 -- [2886   51]
3127 -- [1596 4309]
3128 -- [1931  366]
3129 -- [4072  982]
3130 -- [1543 2387]
3131 -- [ 131 2834]
3133 -- [2462  856]
3134 -- [3241 1176]
3135 -- [1410 3631]
3136 -- [ 698 2711]
3137 -- [ 325 2793]
3138 -- [3843 1769]
3139 -- [1680 4542]
3140 -- [ 994 2621]
3141 -- [2833  748]
3142 -- [1208 4139]
3143 -- [  75 3557]
3144 -- [ 323 2514]
3145 -- [3554  867]
3146 -- [2584 1749]
3147 -- [ 984 3885]
3148 -- [2461  367]
3149 -- [2112  819]
3150 -- [4143 1797]
3151 -- [1136 3001]
3152 -- [1899 1122]
3154 -- [1845 1557]
3155 -- [1417 2546]
3157 -- [4199  674]
3158 -- [ 968 2890]
3159 -- [2113  463]
3160 -- [ 627 3360]
3161 -- [1948 1778]
3162 -- [2193  107]
3163 -- [4214 1391]
3164 -- [1587 3384]
3165 -- [2291  824]
3166 -- [3833 1030]
3167 -- [4007  858]
3168 -- [1676 3540]
3169 -- [3331  441]
3170 -- [3538 1146]
3171 -- [ 423 4459]
3172 -- [1546 2738]
3173 -- [ 145 4050]
3174 -- [2385  242]
3175 -- [ 109 4501]
3176 -- [ 365 2995]
3177 -- [ 244 4501]
3178 -- [4083  199]
3179 -- [3464  716]
3180 -- [1841  139]
3181 -- [ 921 4345]
3183 -- [1670 4557]
3184 -- [1358 2364]
3185 -- [3760  779]
3186 -- [3372  534]
3187 -- [3229   78]
3188 -- [ 802 2980]
3189 -- [2398  850]
3190 -- [ 152 3417]
3191 -- [ 781 4469]
3192 -- [ 792 3092]
3193 -- [1423 3631]
3194 -- [1398 2363]
3195 -- [ 454 3468]
3197 -- [2208  835]
3199 -- [ 168 1933]
3200 -- [3247  635]
3201 -- [4332  279]
3202 -- [3748   30]
3203 -- [1500 3092]
3204 -- [3138  497]
3205 -- [1467 3606]
3206 -- [ 223 4098]
3207 -- [2928 1241]
3208 -- [ 123 2133]
3209 -- [3154  690]
3210 -- [1105 3803]
3211 -- [3003 1517]
3212 -- [ 603 2562]
3213 -- [3336  983]
3214 -- [3314  893]
3215 -- [ 954 3539]
3216 -- [3990 1806]
3217 -- [1046 2583]
3218 -- [1400 3258]
3219 -- [2459  556]
3220 -- [2970 1201]
3221 -- [4149 1537]
3222 -- [3164 1770]
3223 -- [ 556 2710]
3224 -- [3560  638]
3225 -- [1056 2965]
3226 -- [3401    8]
3227 -- [3660  229]
3228 -- [ 993 2066]
3229 -- [4281 1481]
3230 -- [3035  249]
3231 -- [1386 2506]
3232 -- [ 240 2754]
3233 -- [1245 3869]
3234 -- [2440  498]
3235 -- [3769  717]
3236 -- [ 200 2410]
3237 -- [1599 4196]
3239 -- [2856  312]
3240 -- [2042  669]
3241 -- [1710 2360]
3242 -- [3104 1684]
3243 -- [3995 1719]
3244 -- [2164  948]
3245 -- [ 469 1966]
3246 -- [2153 1355]
3247 -- [1559 2619]
3248 -- [4152 1047]
3249 -- [3085  160]
3250 -- [1778 3883]
3251 -- [2836   86]
3252 -- [1791 4289]
3253 -- [3225  476]
3256 -- [3516  783]
3257 -- [ 831 3378]
3258 -- [ 481 2942]
3259 -- [2331  201]
3260 -- [ 971 4079]
3261 -- [3582  990]
3263 -- [1851 1610]
3264 -- [1171 2106]
3265 -- [1852   41]
3266 -- [2174  730]
3267 -- [1087 2419]
3268 -- [3883  122]
3269 -- [2535  896]
3270 -- [ 192 3739]
3271 -- [1150 3264]
3272 -- [   9 2414]
3273 -- [1304 3091]
3274 -- [1076 2869]
3275 -- [3140  892]
3276 -- [ 824 3652]
3277 -- [ 999 3217]
3278 -- [ 918 2727]
3279 -- [2753  519]
3280 -- [ 428 3135]
3281 -- [ 436 3131]
3282 -- [ 941 3943]
3283 -- [3165 1290]
3284 -- [1543 2216]
3285 -- [ 749 2162]
3286 -- [1132 2749]
3287 -- [ 590 4442]
3288 -- [ 257 4265]
3289 -- [ 764 2393]
3290 -- [1186 4429]
3291 -- [3658  114]
3292 -- [ 886 2177]
3294 -- [4074  437]
3295 -- [1877 1424]
3296 -- [3075  860]
3297 -- [2995  780]
3298 -- [4003  329]
3299 -- [3766  597]
3301 -- [1774 4330]
3303 -- [4484  227]
3304 -- [2930  959]
3305 -- [ 708 2517]
3306 -- [1808 3598]
3307 -- [1392 2856]
3308 -- [ 924 3366]
3310 -- [1229 1910]
3311 -- [1450 2948]
3312 -- [2560 1174]
3313 -- [ 208 4449]
3314 -- [1765 4306]
3316 -- [3920 1704]
3318 -- [4286 1511]
3319 -- [1352 3958]
3320 -- [3452 1283]
3322 -- [2448 1662]
3323 -- [1075 3430]
3324 -- [1806 3664]
3327 -- [2092 1270]
3328 -- [4596  904]
3329 -- [2937 1530]
3330 -- [1811 4597]
3331 -- [3677  228]
3332 -- [1485 2016]
3333 -- [2359  796]
3335 -- [ 996 3448]
3336 -- [2965 1725]
3337 -- [1484 4495]
3338 -- [3282  524]
3340 -- [2849 1601]
3342 -- [4285 1266]
3343 -- [2149 1195]
3344 -- [3333 1526]
3345 -- [ 995 3135]
3346 -- [3370  525]
3347 -- [2313 1622]
3348 -- [4438  930]
3349 -- [ 196 4297]
3350 -- [ 546 2943]
3352 -- [4103 1634]
3353 -- [2055  739]
3354 -- [1324 4339]
3355 -- [3939  173]
3356 -- [1744 2498]
3357 -- [ 809 2415]
3358 -- [ 174 4338]
3359 -- [2488  648]
3360 -- [2441  677]
3361 -- [4079 1421]
3363 -- [ 508 2877]
3364 -- [2385  497]
3365 -- [ 202 2591]
3366 -- [1268 1869]
3367 -- [2861  383]
3368 -- [1728 1935]
3369 -- [1487 2322]
3370 -- [ 539 4565]
3371 -- [1145 2772]
3372 -- [3042  244]
3373 -- [ 853 2364]
3374 -- [2547  422]
3375 -- [4407  289]
3376 -- [1401 3008]
3377 -- [ 678 3369]
3378 -- [3228 1320]
3379 -- [ 630 3724]
3380 -- [ 911 1927]
3381 -- [ 794 4162]
3382 -- [1680 3602]
3383 -- [4248 1543]
3385 -- [3444  633]
3386 -- [ 431 2174]
3387 -- [1143 4085]
3388 -- [   4 4079]
3389 -- [3579 1245]
3390 -- [3717  232]
3391 -- [1175 3358]
3392 -- [4211  370]
3393 -- [2870  795]
3394 -- [ 421 2922]
3395 -- [3630  925]
3396 -- [1129 3758]
3397 -- [3915  387]
3398 -- [1798 3067]
3399 -- [ 560 2344]
3400 -- [3731  348]
3401 -- [ 714 3648]
3402 -- [2325  765]
3403 -- [4099  873]
3404 -- [4222  494]
3405 -- [1232 3025]
3406 -- [3551 1410]
3407 -- [ 215 4428]
3408 -- [ 943 4014]
3409 -- [3669 1088]
3410 -- [3089 1206]
3411 -- [ 469 2687]
3412 -- [4541  414]
3413 -- [1394 3010]
3414 -- [ 246 2611]
3415 -- [2974   25]
3416 -- [ 428 2090]
3417 -- [ 289 4108]
3418 -- [1615 2708]
3419 -- [ 925 4376]
3420 -- [ 774 4253]
3421 -- [ 766 3581]
3422 -- [ 357 3886]
3423 -- [1012 2171]
3424 -- [3801  122]
3425 -- [3189 1162]
3426 -- [4546 1063]
3427 -- [1202 4441]
3429 -- [3512  770]
3430 -- [3107 1010]
3432 -- [ 494 2776]
3434 -- [ 924 1947]
3435 -- [ 765 4373]
3437 -- [ 357 2154]
3438 -- [1725 2166]
3439 -- [1370 3545]
3440 -- [  41 3010]
3442 -- [1741 4397]
3443 -- [4458  645]
3444 -- [3155 1317]
3445 -- [3243  681]
3446 -- [ 831 2845]
3447 -- [4030  677]
3448 -- [2177 1360]
3450 -- [3432  899]
3451 -- [ 631 4263]
3452 -- [4497  501]
3453 -- [2420 1454]
3454 -- [2320  179]
3456 -- [1504 2806]
3457 -- [ 801 3638]
3458 -- [ 859 3951]
3459 -- [ 300 4001]
3460 -- [2348 1604]
3461 -- [1261 4475]
3462 -- [ 279 2173]
3463 -- [1199 2832]
3464 -- [ 249 4558]
3466 -- [2814 1141]
3468 -- [ 224 3958]
3469 -- [1105 4196]
3470 -- [3800  396]
3471 -- [  80 2628]
3472 -- [ 672 4205]
3473 -- [1164 3737]
3474 -- [3970 1548]
3475 -- [4216   31]
3476 -- [3567 1674]
3477 -- [2675  728]
3478 -- [ 867 4340]
3479 -- [ 420 4378]
3480 -- [2809 1740]
3481 -- [2615  467]
3482 -- [4212  967]
3483 -- [2394 1154]
3484 -- [2337  717]
3485 -- [2063 1237]
3487 -- [3446 1303]
3488 -- [2923 1056]
3489 -- [1113 4009]
3490 -- [1548 3500]
3491 -- [ 844 2792]
3492 -- [2614  272]
3493 -- [2928 1169]
3494 -- [ 259 3790]
3495 -- [1529 3887]
3496 -- [3608   26]
3497 -- [ 909 2367]
3498 -- [1591 3843]
3499 -- [ 972 3409]
3500 -- [2696  484]
3501 -- [ 571 4302]
3502 -- [1507 3502]
3503 -- [ 801 2253]
3504 -- [1690 3289]
3505 -- [3303 1166]
3506 -- [2891  829]
3507 -- [1448 2438]
3508 -- [3177  157]
3509 -- [   3 4096]
3510 -- [1521 2668]
3511 -- [1460 3552]
3512 -- [ 979 4397]
3513 -- [4228  546]
3514 -- [4560 1521]
3515 -- [4248  448]
3516 -- [3178 1359]
3517 -- [1458 3267]
3518 -- [ 751 2865]
3519 -- [3175  475]
3520 -- [2744 1745]
3521 -- [1893 1204]
3522 -- [1354 3642]
3523 -- [2640  953]
3524 -- [2723 1140]
3525 -- [ 424 2666]
3526 -- [3570  506]
3527 -- [4177 1177]
3528 -- [3789  165]
3529 -- [1312 3617]
3530 -- [2987  961]
3531 -- [4333  425]
3532 -- [1992 1234]
3533 -- [1046 3256]
3534 -- [ 610 3888]
3535 -- [2344 1384]
3536 -- [ 331 2833]
3538 -- [1124 2912]
3539 -- [3659  773]
3540 -- [ 410 2298]
3541 -- [2286  808]
3542 -- [3104  988]
3544 -- [ 698 2934]
3545 -- [2600  393]
3546 -- [ 508 4403]
3547 -- [2884 1741]
3548 -- [4120  888]
3549 -- [3182  586]
3550 -- [3798 1528]
3551 -- [  11 2910]
3552 -- [4282  677]
3553 -- [ 806 2785]
3554 -- [2090  772]
3555 -- [  81 3148]
3556 -- [2806  877]
3558 -- [4118  302]
3559 -- [1746 3807]
3560 -- [2990 1784]
3561 -- [2430 1245]
3563 -- [4020  634]
3564 -- [4283 1408]
3567 -- [1472 4269]
3568 -- [ 986 2136]
3569 -- [1533 2207]
3570 -- [1148 3964]
3571 -- [2957  675]
3572 -- [1027 4094]
3574 -- [ 116 1954]
3575 -- [2030  128]
3576 -- [  10 4281]
3577 -- [4213  814]
3578 -- [1153 3641]
3579 -- [1996 1395]
3580 -- [2016 1676]
3581 -- [2956 1048]
3582 -- [3553  989]
3583 -- [  91 2594]
3585 -- [1188 2711]
3586 -- [2462 1344]
3587 -- [3403 1728]
3588 -- [4077  194]
3589 -- [1339 2801]
3590 -- [2526  111]
3591 -- [4353 1680]
3592 -- [3557 1448]
3593 -- [ 463 4061]
3594 -- [1278 3635]
3595 -- [2404  512]
3596 -- [3543 1637]
3597 -- [4545  721]
3598 -- [2405  764]
3600 -- [2195  105]
3601 -- [1927  732]
3602 -- [4044 1809]
3603 -- [ 729 2538]
3604 -- [3911 1340]
3605 -- [4374 1661]
3606 -- [1355 4058]
3607 -- [   8 2370]
3608 -- [2980 1133]
3609 -- [1357 2656]
3610 -- [2583 1518]
3611 -- [1736 3355]
3612 -- [ 784 4578]
3613 -- [2894  210]
3614 -- [1357 3560]
3615 -- [1761 1918]
3616 -- [ 783 3364]
3617 -- [ 630 2653]
3618 -- [3415  631]
3619 -- [ 630 3545]
3620 -- [3473 1454]
3621 -- [ 823 2630]
3622 -- [3117 1797]
3623 -- [3329 1046]
3624 -- [ 417 1891]
3625 -- [1099 2587]
3626 -- [2515  875]
3627 -- [2284  688]
3628 -- [1649 4305]
3629 -- [ 870 4219]
3630 -- [3748  432]
3631 -- [3148 1761]
3632 -- [2124  541]
3633 -- [1058 4219]
3634 -- [ 957 3854]
3635 -- [1854 1361]
3636 -- [1968  285]
3637 -- [1493 4322]
3638 -- [3995 1491]
3639 -- [2144  449]
3640 -- [1263 2892]
3641 -- [4251 1280]
3642 -- [ 904 4081]
3643 -- [4153  139]
3644 -- [2303 1774]
3645 -- [4429 1591]
3648 -- [1937 1427]
3649 -- [ 842 3029]
3650 -- [4450  766]
3651 -- [2219 1289]
3653 -- [3869 1441]
3654 -- [ 948 2611]
3655 -- [2361 1593]
3656 -- [2123  423]
3657 -- [ 352 2998]
3658 -- [4248 1515]
3659 -- [ 243 3898]
3660 -- [4496 1395]
3662 -- [1249 2542]
3663 -- [1791 4104]
3664 -- [3393  679]
3665 -- [2430 1391]
3667 -- [3082  937]
3668 -- [4415 1347]
3669 -- [4168 1269]
3670 -- [3593  452]
3671 -- [ 493 2724]
3672 -- [ 528 4498]
3673 -- [1548 3902]
3675 -- [4063 1254]
3676 -- [3117  550]
3678 -- [3763  959]
3679 -- [4556  710]
3680 -- [1108 3162]
3681 -- [1323 2400]
3682 -- [1298 3454]
3683 -- [1665 2405]
3684 -- [3607 1575]
3685 -- [1864  356]
3687 -- [1246 3534]
3688 -- [3119 1323]
3689 -- [1599 2410]
3690 -- [1010 3396]
3691 -- [4553 1587]
3692 -- [2907  968]
3693 -- [3196 1739]
3694 -- [ 755 3769]
3695 -- [2194 1520]
3696 -- [2984  762]
3697 -- [1685 4289]
3698 -- [2169   99]
3699 -- [ 438 3991]
3700 -- [1620 4357]
3701 -- [1890 1807]
3702 -- [ 314 3107]
3703 -- [2951 1490]
3704 -- [1710 4140]
3705 -- [1195 4576]
3706 -- [1102 2602]
3707 -- [1583 4360]
3708 -- [1843 1320]
3709 -- [1072 3731]
3710 -- [3650  601]
3711 -- [2968 1037]
3712 -- [2697  461]
3713 -- [1196 2806]
3714 -- [1254 3892]
3715 -- [1401 2935]
3717 -- [1750 2875]
3718 -- [2323  543]
3719 -- [2274 1639]
3720 -- [1808 3347]
3721 -- [3504  642]
3722 -- [ 181 2193]
3723 -- [ 112 3612]
3724 -- [1427 4080]
3725 -- [3408  449]
3726 -- [4591  589]
3727 -- [  73 3344]
3729 -- [4164 1352]
3730 -- [3405  820]
3731 -- [1583 2278]
3733 -- [3982  930]
3734 -- [1742 3058]
3735 -- [1217 3975]
3736 -- [3506 1197]
3737 -- [1738 3626]
3738 -- [ 831 4131]
3739 -- [3199  214]
3740 -- [2832  344]
3742 -- [ 300 3181]
3743 -- [ 301 2612]
3744 -- [2003  199]
3745 -- [ 201 3785]
3746 -- [2980   46]
3747 -- [4426 1400]
3748 -- [1849  674]
3749 -- [3023 1529]
3750 -- [1773 3112]
3751 -- [ 633 2544]
3752 -- [1869  490]
3753 -- [1435 2312]
3755 -- [ 160 2429]
3756 -- [  55 2800]
3757 -- [1132 2992]
3758 -- [2751 1249]
3759 -- [ 343 2358]
3760 -- [1715 3144]
3761 -- [3412 1072]
3762 -- [2145 1363]
3763 -- [3223  160]
3764 -- [ 477 3676]
3765 -- [1628 2469]
3766 -- [1036 2937]
3768 -- [1093 2412]
3769 -- [1140 2384]
3771 -- [ 930 2964]
3772 -- [2487 1583]
3773 -- [ 588 4187]
3774 -- [1448 2693]
3775 -- [4575  365]
3776 -- [4054 1145]
3777 -- [3688  743]
3778 -- [ 729 3123]
3779 -- [ 153 3564]
3780 -- [1202 3688]
3781 -- [1688 4211]
3782 -- [ 903 4193]
3783 -- [1147 2892]
3784 -- [3763  966]
3785 -- [ 954 2502]
3786 -- [   9 1926]
3787 -- [2653  184]
3789 -- [2023 1790]
3790 -- [2172  860]
3791 -- [ 317 3321]
3792 -- [3670   16]
3793 -- [3654  130]
3794 -- [4220 1515]
3795 -- [1967 1615]
3796 -- [1634 2475]
3797 -- [4110   43]
3799 -- [2015  374]
3801 -- [ 832 2600]
3802 -- [2120 1213]
3803 -- [3853  377]
3804 -- [3229  288]
3805 -- [3776 1454]
3806 -- [2641 1587]
3807 -- [ 141 2499]
3808 -- [1247 4022]
3809 -- [1751 2928]
3810 -- [3438 1409]
3811 -- [4191 1292]
3812 -- [ 286 1968]
3813 -- [ 882 2004]
3814 -- [1103 3426]
3815 -- [3520 1329]
3816 -- [1774 2001]
3817 -- [ 780 3665]
3819 -- [3144  606]
3820 -- [ 529 4013]
3821 -- [2043  160]
3822 -- [2467  387]
3825 -- [  31 3399]
3826 -- [  45 4091]
3827 -- [ 675 2778]
3828 -- [1754 1873]
3830 -- [3998  764]
3831 -- [1786 3396]
3832 -- [   9 1854]
3833 -- [ 370 2241]
3834 -- [1316 2821]
3835 -- [1739 3661]
3836 -- [2410  967]
3837 -- [2401 1433]
3838 -- [3910  289]
3839 -- [2194  462]
3841 -- [1382 2287]
3842 -- [3301 1304]
3843 -- [ 891 2522]
3844 -- [3159  607]
3845 -- [ 242 1951]
3846 -- [ 830 2636]
3847 -- [2830  261]
3848 -- [1568 2265]
3849 -- [1737 2668]
3851 -- [1094 4330]
3852 -- [2474  320]
3853 -- [1506 3441]
3854 -- [ 771 4014]
3855 -- [1636 2267]
3857 -- [1733 4156]
3858 -- [2542 1109]
3859 -- [3500 1769]
3860 -- [1541 3009]
3862 -- [1332 3938]
3863 -- [4228 1808]
7 -time: 0.02111 -dim: (11172, 2)
8 -time: 0.00013 -dim: (7, 57)
9 -time: 3.90125 -dim: (1835400, 3)
10 -time: 5.48260 -dim: (1730141, 3)
11_12 -time: 0.19573 -dim: [110424, 2]
13 -time: 0.07707 -dim: (36808, 4)
14_15 -time: 0.03379 -dim: [798, 2]
16 -time: 0.00001 -dim: (0, 2)
17_18 -time: 0.38055 -dim: [73616, 3]
19 -time: 0.00009 -dim: (1, 1)
20 -time: 0.22631 -dim: (0, 4601)
21 -time: 0.00081 -dim: (1, 4601)
22 -time: 0.00008 -dim: (3864, 3)
23 -time: 0.00004 -dim: (3864, 3)
24 -time: 0.00004 -dim: (0, 5)
25 -time: 0.00008 -dim: (4187, 3)
26 -time: 0.00005 -dim: (4187, 3)
smtPr 22-26 -time: 0.02445 -dim: nan
slvr_header -time: 2.06744 -dim: nan
*solver* -time: 900.12667 -dim: nan
res_read -time: 0.11176 -dim: nan
-- SUM CL TIME: 10.34419          |  SUM other TIME: 902.30587          |  SUM TIME: 912.65006
