128 137
15 27
50 93
8 23
140 144
120 147
113 136
52 96
107 149
50 88
40 48
4 23
75 89
103 113
103 149
123 130
9 34
9 37
34 37
101 142
7 39
10 48
127 138
17 40
0 27
28 39
2 47
0 17
128 132
1 25
120 143
29 47
19 46
80 81
0 39
3 47
8 38
27 28
63 91
96 99
82 92
7 49
116 137
65 75
0 4
29 30
57 93
1 45
1 12
0 28
27 39
11 24
2 29
123 126
69 80
0 40
112 139
0 7
9 12
12 34
12 37
94 99
39 49
17 27
9 30
30 34
30 37
3 29
88 96
88 95
35 49
*
85 113
97 112
21 87
74 136
0 90
94 101
38 85
96 106
43 106
80 145
45 88
22 60
25 109
13 121
47 146
92 103
82 115
42 59
20 85
19 60
13 63
*
