num branch_node: 7
num leaf_node: 8
num feature: 57
tree_depth: 3
num label: 2
nDC: 2432

***variables
a: 1 - 399 -> 399
s: 400 - 32606 -> 32207
z: 32607 - 69414 -> 36808
g: 69415 - 69430 -> 16
x: 69431 - 78632 -> 9202
ml: 78633 - 81028 -> 2396
cl: 81029 - 83233 -> 2205

variables***
[debug] --> CL ML ratio 1
the cl header --> p wcnf 83233 3812171 4602

timeout 900s ~/SAT_Project/loandra-master/loandra_static -pmreslin-cglim=30 -weight-strategy=1 -print-model -verbosity=1 ./solutions/spam_0.1_mc1.0_s1732_r1/phase_1_clauses_final >./solutions/spam_0.1_mc1.0_s1732_r1/phase_1_loandra_res

Start to read loandra res
*loandra status: SATISFIABLE
-ml sat and violated: 1684 | 712  | total #ml: 2396 | -violated weight: 712
0 -- [3988 4472]
4 -- [2021 2391]
10 -- [2632 3406]
12 -- [4544 3584]
13 -- [2802 2697]
15 -- [3013 3104]
26 -- [1525  173]
29 -- [4549 2250]
30 -- [4049 2292]
31 -- [3237 3996]
45 -- [3823 4487]
50 -- [4183 4005]
53 -- [1231   38]
59 -- [4430 2544]
64 -- [3447 4249]
77 -- [ 121 1463]
80 -- [4548 2685]
82 -- [2155 2242]
86 -- [2558 3600]
92 -- [4320 2159]
93 -- [3313 2903]
94 -- [2729 2080]
97 -- [4531 2682]
102 -- [ 985 1735]
103 -- [1649  973]
104 -- [4276 2820]
106 -- [ 606 1692]
108 -- [2708 3821]
115 -- [4039 2997]
122 -- [4278 2343]
123 -- [1892 2366]
124 -- [4178 3412]
126 -- [3206 2232]
128 -- [2671 2762]
129 -- [4404 3448]
130 -- [1838 3730]
131 -- [4220 1928]
134 -- [4238 4121]
137 -- [4267 2695]
139 -- [4457 4534]
141 -- [1818 3431]
148 -- [ 71 976]
155 -- [3327 4209]
157 -- [2293 2710]
160 -- [3766 4447]
164 -- [ 176 1309]
167 -- [1573 1711]
181 -- [3332 4212]
185 -- [4202 3217]
192 -- [1246  898]
202 -- [4274 2323]
203 -- [182 896]
204 -- [ 795 1254]
213 -- [3508 4376]
227 -- [1827 3553]
229 -- [3765 2173]
237 -- [3581 2068]
241 -- [ 891 1126]
252 -- [1061  729]
262 -- [3153 1919]
275 -- [3560 2013]
276 -- [2869 4228]
280 -- [3730 4060]
282 -- [3949 4063]
285 -- [4066 2936]
286 -- [1062  730]
289 -- [2304 2335]
291 -- [4066 3577]
293 -- [4517 2686]
296 -- [2512 4084]
299 -- [4436 3837]
300 -- [4121 3019]
304 -- [3776 2349]
305 -- [2259 3098]
306 -- [3292 3457]
317 -- [ 375 1733]
322 -- [4124 3999]
323 -- [4449 2579]
324 -- [2549 3223]
326 -- [648 975]
327 -- [3955 4114]
328 -- [4385 3490]
330 -- [ 150 1722]
332 -- [2267 4380]
333 -- [3812 2091]
337 -- [2431 3864]
344 -- [1953 4270]
350 -- [3458 4388]
352 -- [1042  268]
355 -- [4262 3292]
356 -- [735 515]
357 -- [4301 2864]
358 -- [3374 2074]
359 -- [1700  144]
360 -- [4580 2904]
374 -- [2404 4298]
378 -- [2460 4544]
383 -- [2951 4331]
389 -- [479 199]
390 -- [1662 1752]
395 -- [2738 2181]
398 -- [2298 2977]
399 -- [3619 3003]
401 -- [3654 4150]
406 -- [2435 4398]
411 -- [1063  456]
412 -- [2766 3696]
416 -- [ 845 1700]
419 -- [4057 3622]
420 -- [3868 4123]
422 -- [102 265]
431 -- [2492 2671]
433 -- [4107 2883]
439 -- [3141 4387]
443 -- [2272 4595]
444 -- [3279 4057]
447 -- [4350 1986]
452 -- [1221   25]
456 -- [3215 3812]
457 -- [2471 4155]
463 -- [4248 3759]
469 -- [2513 3843]
470 -- [2436 3158]
474 -- [4223 2815]
475 -- [2106 3787]
477 -- [3048 4099]
478 -- [4576 4270]
483 -- [3930 4316]
484 -- [2538 4032]
486 -- [456 803]
487 -- [1401 1217]
498 -- [3767 4306]
499 -- [1935 4288]
500 -- [1023  742]
502 -- [3159 4223]
506 -- [1017 1420]
507 -- [3881 4430]
509 -- [2438 3903]
511 -- [1642   20]
512 -- [4387 4169]
513 -- [3045 1949]
517 -- [2293 1908]
521 -- [1790 1522]
523 -- [94 38]
524 -- [4529 2635]
525 -- [2093 4289]
529 -- [4561 3216]
535 -- [3105 2307]
541 -- [4352 3487]
542 -- [1080  307]
548 -- [4393 4399]
549 -- [3020 4141]
552 -- [ 319 1037]
554 -- [2028 2686]
561 -- [1864 2413]
563 -- [1962 4047]
565 -- [4517 4124]
569 -- [2881 4126]
570 -- [2800 4114]
571 -- [3719 4139]
577 -- [4548 3358]
581 -- [4244 3879]
582 -- [4049 2986]
586 -- [126 237]
588 -- [3750 4164]
595 -- [3792 2507]
597 -- [4500 2153]
598 -- [1875 4212]
601 -- [4343 2041]
605 -- [2546 1827]
607 -- [1925 4117]
614 -- [1917 1947]
615 -- [3006 2970]
616 -- [2687 4197]
617 -- [1084   89]
622 -- [4375 4499]
625 -- [3176 4465]
626 -- [2959 4214]
628 -- [2592 1931]
635 -- [4401 2819]
637 -- [2577 4525]
638 -- [4454 3153]
640 -- [2932 3132]
642 -- [4499 4305]
644 -- [4390 3210]
645 -- [2381 2251]
648 -- [1487  206]
650 -- [4442 2391]
656 -- [4278 2561]
657 -- [2819 2651]
663 -- [203 487]
665 -- [ 278 1363]
666 -- [3617 4511]
667 -- [4289 2192]
669 -- [1594  566]
670 -- [1709  865]
677 -- [2176 2293]
685 -- [2471 2324]
690 -- [4436 1849]
696 -- [4361 4167]
702 -- [1869 2051]
708 -- [3507 4210]
710 -- [3073 4460]
715 -- [3856 3037]
723 -- [1888 4561]
726 -- [2289 2071]
730 -- [3359 2943]
733 -- [2917 3274]
734 -- [  61 1222]
739 -- [4189 3689]
744 -- [1636   99]
747 -- [ 153 1021]
751 -- [3863 3681]
754 -- [2730 3673]
756 -- [4564 3849]
757 -- [4552 3435]
758 -- [3435 2140]
761 -- [1017  797]
762 -- [1779   89]
772 -- [1221   60]
779 -- [2727 2164]
780 -- [4502 4198]
781 -- [2189 4396]
786 -- [2958 3729]
797 -- [2292 4208]
798 -- [2980 2946]
811 -- [ 313 1746]
815 -- [4376 4173]
816 -- [1863 1985]
817 -- [1924 3177]
818 -- [3040 2551]
826 -- [1926 4397]
831 -- [4143 2424]
836 -- [4293 3971]
838 -- [2360 2706]
839 -- [4102 2411]
842 -- [3174 4168]
859 -- [1982 2266]
866 -- [3459 2264]
867 -- [3578 4425]
870 -- [1189 1767]
871 -- [4271 2660]
872 -- [489 744]
874 -- [4007 3791]
875 -- [4434 2000]
876 -- [3287 2963]
877 -- [1404 1735]
885 -- [3032 4147]
889 -- [  96 1126]
890 -- [3970 1862]
891 -- [2135 3339]
892 -- [4526 4228]
893 -- [2521 4128]
894 -- [4259 3679]
908 -- [4209 4008]
910 -- [4279 2474]
911 -- [ 624 1368]
914 -- [4519 2162]
919 -- [ 510 1511]
920 -- [3668 4562]
923 -- [3772 4098]
924 -- [2015 4281]
926 -- [4595 3128]
927 -- [4595 3968]
929 -- [4590 3757]
942 -- [2068 1874]
944 -- [2389 4243]
947 -- [4416 4221]
954 -- [4186 3147]
960 -- [4594 2254]
966 -- [237 187]
972 -- [3373 4165]
984 -- [2702 3560]
986 -- [2061 4126]
988 -- [3391 2805]
990 -- [ 720 1442]
992 -- [2333 3867]
995 -- [1663  860]
996 -- [4443 3401]
999 -- [ 784 1131]
1000 -- [4465 2799]
1004 -- [3199 4192]
1007 -- [4574 3641]
1010 -- [4368 2484]
1013 -- [3642 3033]
1014 -- [2278 1891]
1015 -- [3490 3558]
1018 -- [2228 2247]
1024 -- [3860 3435]
1026 -- [ 896 1220]
1037 -- [1408  868]
1040 -- [4005 3041]
1041 -- [ 378 1615]
1049 -- [4349 2018]
1051 -- [3959 2389]
1054 -- [2651 1860]
1055 -- [2725 3195]
1057 -- [2012 4398]
1058 -- [3124 4344]
1062 -- [3179 2278]
1064 -- [ 104 1068]
1065 -- [324 227]
1067 -- [2619 1822]
1071 -- [4306 3358]
1072 -- [2322 4256]
1076 -- [3533 2881]
1083 -- [3500 2957]
1085 -- [3530 4411]
1088 -- [4200 2848]
1094 -- [4080 3688]
1099 -- [4276 4424]
1102 -- [935 527]
1109 -- [1539  568]
1110 -- [1674 1294]
1111 -- [233 218]
1115 -- [2279 4199]
1118 -- [250 428]
1120 -- [3770 2597]
1127 -- [2459 1919]
1129 -- [1342  950]
1130 -- [1155  173]
1131 -- [2580 3481]
1134 -- [4244 2938]
1136 -- [2275 4209]
1137 -- [2597 2701]
1139 -- [4350 4267]
1141 -- [2326 3349]
1143 -- [2010 3567]
1145 -- [2997 3413]
1148 -- [4496 1869]
1150 -- [4382 3215]
1151 -- [3185 1942]
1153 -- [2488 3943]
1160 -- [3311 4051]
1167 -- [2874 3449]
1168 -- [4141 3418]
1170 -- [2889 4249]
1172 -- [2643 3811]
1176 -- [4033 4300]
1182 -- [3185 3524]
1185 -- [3940 3246]
1186 -- [4137 2272]
1189 -- [2921 2732]
1195 -- [ 340 1246]
1198 -- [1722 1227]
1200 -- [2820 4430]
1205 -- [ 868 1375]
1214 -- [2647 3534]
1223 -- [2755 2383]
1230 -- [3245 4210]
1231 -- [2139 4340]
1239 -- [3879 4450]
1251 -- [4119 2976]
1253 -- [ 54 459]
1259 -- [1813 3128]
1261 -- [2001 3013]
1262 -- [3382 4342]
1263 -- [3923 4425]
1269 -- [330 675]
1273 -- [1814 2006]
1278 -- [3087 4567]
1280 -- [4141 3598]
1281 -- [4104 3181]
1284 -- [4252 3097]
1288 -- [4266 4094]
1294 -- [4528 4299]
1298 -- [4514 3309]
1300 -- [ 717 1721]
1302 -- [1442  515]
1303 -- [2644 2268]
1305 -- [3524 2261]
1309 -- [4229 4483]
1311 -- [4270 3120]
1312 -- [837 500]
1314 -- [3801 2636]
1319 -- [4381 2995]
1321 -- [4316 2140]
1324 -- [4272 2063]
1325 -- [2844 4495]
1326 -- [4139 3580]
1327 -- [3245 4350]
1329 -- [1836 4262]
1330 -- [1307  309]
1332 -- [900 261]
1334 -- [3102 1827]
1335 -- [3717 1827]
1337 -- [2845 4150]
1338 -- [2337 4519]
1340 -- [ 263 1158]
1346 -- [2511 4204]
1348 -- [3787 3659]
1349 -- [4114 2205]
1351 -- [ 826 1654]
1352 -- [3592 4427]
1356 -- [1749  245]
1366 -- [1167    5]
1368 -- [4505 4403]
1369 -- [203 634]
1376 -- [2086 4052]
1380 -- [1949 4142]
1384 -- [2226 2454]
1385 -- [4317 3915]
1386 -- [4315 3021]
1387 -- [3465 2357]
1388 -- [3311 4153]
1394 -- [ 333 1373]
1396 -- [4376 3759]
1399 -- [3156 2096]
1402 -- [3649 4584]
1404 -- [4365 2794]
1405 -- [2667 4159]
1409 -- [4349 4266]
1413 -- [3657 4091]
1419 -- [4089 2557]
1425 -- [2422 4208]
1429 -- [2160 3799]
1431 -- [1677 1770]
1437 -- [2192 4187]
1439 -- [ 256 1278]
1445 -- [3459 3249]
1447 -- [4259 3622]
1448 -- [2240 4074]
1452 -- [2245 3279]
1453 -- [4175 1967]
1458 -- [4357 2573]
1459 -- [4257 4066]
1462 -- [2758 4441]
1463 -- [4501 3047]
1466 -- [3214 1846]
1467 -- [2959 3852]
1470 -- [4274 3345]
1472 -- [478 331]
1473 -- [2933 3270]
1478 -- [2860 3096]
1480 -- [4210 4503]
1482 -- [3403 4486]
1486 -- [1914 4013]
1488 -- [2376 4491]
1498 -- [3005 4586]
1501 -- [4274 3828]
1504 -- [4147 2245]
1508 -- [4044 4082]
1516 -- [3480 2927]
1517 -- [411 240]
1519 -- [2416 3156]
1520 -- [3180 4529]
1528 -- [4247 3788]
1531 -- [4076 2368]
1532 -- [4236 4597]
1534 -- [1128  730]
1536 -- [4533 4345]
1540 -- [479 264]
1541 -- [3007 4248]
1545 -- [4309 2011]
1550 -- [ 305 1677]
1562 -- [1837 2225]
1565 -- [2837 4415]
1566 -- [982 315]
1575 -- [2278 1888]
1577 -- [728 448]
1579 -- [4004 2051]
1580 -- [388 436]
1582 -- [4461 3808]
1586 -- [4465 2290]
1592 -- [3659 4188]
1601 -- [3389 2651]
1609 -- [2364 2214]
1610 -- [4000 4057]
1611 -- [4346 4227]
1613 -- [3853 4301]
1614 -- [3089 2727]
1615 -- [201 286]
1616 -- [3551 1884]
1621 -- [2304 3474]
1625 -- [4510 3818]
1627 -- [4567 2286]
1630 -- [2281 4208]
1633 -- [2465 2566]
1642 -- [4412 2852]
1655 -- [4080 2771]
1662 -- [3816 4357]
1665 -- [4338 1926]
1666 -- [2187 1909]
1674 -- [3070 1914]
1675 -- [3943 3407]
1679 -- [4380 1893]
1684 -- [2364 2568]
1685 -- [3669 4107]
1689 -- [1513  303]
1693 -- [3819 4274]
1695 -- [4300 2850]
1696 -- [3043 4434]
1702 -- [3676 4597]
1706 -- [4410 3106]
1708 -- [1903 2464]
1710 -- [4049 2213]
1713 -- [4071 2934]
1721 -- [4569 3898]
1724 -- [3206 3507]
1725 -- [4457 3593]
1727 -- [3863 2895]
1733 -- [4075 3364]
1735 -- [2139 4475]
1739 -- [120 743]
1745 -- [1652  588]
1747 -- [4387 2082]
1749 -- [1416  871]
1750 -- [1380  319]
1754 -- [2659 4430]
1755 -- [4337 4324]
1757 -- [2591 2261]
1761 -- [1094  446]
1762 -- [2567 3943]
1769 -- [1047 1488]
1770 -- [3905 2646]
1772 -- [3633 4218]
1775 -- [4391 2603]
1777 -- [4026 4387]
1778 -- [3144 4074]
1779 -- [4093 4424]
1785 -- [4296 2641]
1786 -- [2983 3324]
1789 -- [701 848]
1792 -- [3081 4271]
1797 -- [3651 2249]
1799 -- [2983 3586]
1801 -- [3446 4290]
1803 -- [1891 4398]
1808 -- [ 20 614]
1810 -- [3811 4494]
1812 -- [2799 4411]
1817 -- [2883 4279]
1822 -- [4134 2391]
1823 -- [2374 2469]
1825 -- [1745 1063]
1826 -- [2662 4189]
1831 -- [446  29]
1838 -- [3597 3843]
1842 -- [3119 4051]
1847 -- [2343 3002]
1848 -- [4069 2445]
1855 -- [4329 3817]
1857 -- [4323 2477]
1859 -- [476 705]
1865 -- [4027 4061]
1872 -- [4551 4226]
1876 -- [2319 4133]
1879 -- [2301 2398]
1880 -- [3993 4160]
1882 -- [ 331 1658]
1886 -- [2362 3289]
1895 -- [753 566]
1897 -- [3304 2236]
1904 -- [2917 3520]
1905 -- [4259 3731]
1914 -- [4107 2128]
1915 -- [1717  335]
1918 -- [527 216]
1921 -- [ 473 1214]
1922 -- [846 488]
1925 -- [  0 606]
1926 -- [2449 2952]
1927 -- [3852 2401]
1933 -- [3296 2232]
1935 -- [3963 4107]
1940 -- [380 329]
1947 -- [1015  464]
1949 -- [2356 4066]
1953 -- [4338 2693]
1954 -- [3730 1895]
1956 -- [4447 2030]
1962 -- [1950 3736]
1964 -- [2644 2087]
1965 -- [3677 4148]
1968 -- [4495 2716]
1969 -- [2522 4183]
1972 -- [2892 4000]
1977 -- [ 333 1057]
1979 -- [ 68 115]
1982 -- [1165 1102]
1984 -- [ 360 1367]
1993 -- [ 553 1635]
1995 -- [3165 4421]
1998 -- [4591 3477]
2004 -- [1721 1750]
2009 -- [2711 4061]
2012 -- [2782 3003]
2017 -- [2221 2945]
2019 -- [4260 2346]
2020 -- [2395 3246]
2021 -- [2557 3801]
2022 -- [2745 4074]
2023 -- [38 54]
2024 -- [1967 4043]
2029 -- [4460 3580]
2031 -- [2919 3129]
2032 -- [2132 4113]
2036 -- [3521 4570]
2042 -- [4241 2995]
2043 -- [2538 3055]
2050 -- [4208 2334]
2053 -- [2563 3098]
2054 -- [4159 3433]
2059 -- [2389 2216]
2063 -- [4539 2048]
2075 -- [455 648]
2078 -- [4454 2664]
2079 -- [4357 3755]
2082 -- [4099 3267]
2086 -- [1174 1566]
2091 -- [627 919]
2092 -- [4408 3469]
2102 -- [3326 4505]
2103 -- [3893 4285]
2104 -- [4178 2645]
2106 -- [2970 3866]
2111 -- [3455 3297]
2112 -- [1269  843]
2114 -- [1970 4315]
2118 -- [4163 2940]
2120 -- [1088    7]
2122 -- [3438 4064]
2124 -- [2686 3750]
2126 -- [2613 4467]
2129 -- [3785 4270]
2131 -- [4350 1970]
2133 -- [3943 3386]
2134 -- [1090 1805]
2136 -- [1186 1711]
2142 -- [1826 2278]
2144 -- [1709   93]
2146 -- [2282 2627]
2148 -- [2542 4018]
2149 -- [1723  483]
2152 -- [3237 2743]
2156 -- [2119 3920]
2164 -- [4465 2095]
2165 -- [3959 1845]
2166 -- [2084 4095]
2167 -- [3769 2008]
2168 -- [2481 3455]
2170 -- [1822 2015]
2171 -- [4339 3374]
2176 -- [1224 1109]
2178 -- [4303 2967]
2179 -- [1384  198]
2182 -- [4297 2366]
2187 -- [2272 4489]
2191 -- [4296 2402]
2200 -- [3027 2248]
2206 -- [3702 1845]
2213 -- [1352 1623]
2223 -- [ 318 1749]
2226 -- [4489 2883]
2232 -- [2293 3850]
2239 -- [3439 4125]
2244 -- [ 843 1740]
2246 -- [635 457]
2250 -- [2555 2500]
2251 -- [4074 2208]
2253 -- [1963 2558]
2257 -- [1864 2751]
2258 -- [1668 1758]
2259 -- [2626 2248]
2262 -- [500 857]
2265 -- [4061 2358]
2266 -- [2658 4063]
2280 -- [4462 3854]
2281 -- [3801 3555]
2285 -- [ 742 1447]
2287 -- [4105 2592]
2288 -- [2849 2086]
2290 -- [4091 2397]
2292 -- [2698 4415]
2296 -- [1813 3670]
2302 -- [3558 2434]
2304 -- [2100 2874]
2305 -- [ 286 1195]
2307 -- [4472 2717]
2308 -- [1617  439]
2309 -- [3764 4526]
2310 -- [2499 4066]
2312 -- [2108 2225]
2317 -- [4054 1886]
2321 -- [1716  624]
2322 -- [4190 3726]
2326 -- [2818 2257]
2327 -- [3797 4212]
2329 -- [4073 2469]
2337 -- [3691 2068]
2338 -- [2388 2349]
2341 -- [3573 2426]
2342 -- [ 500 1257]
2348 -- [4525 2555]
2351 -- [3717 4065]
2352 -- [4511 3875]
2354 -- [4329 4435]
2359 -- [130 635]
2360 -- [4594 3636]
2362 -- [4461 2152]
2369 -- [4177 2727]
2370 -- [3201 4063]
2374 -- [775 197]
2375 -- [1862 4494]
2377 -- [4597 3346]
2379 -- [3194 3016]
2381 -- [2652 4197]
2384 -- [3431 3055]
2385 -- [4331 4307]
2390 -- [3578 4296]
2392 -- [3330 4109]
2394 -- [2142 3085]
-cl sat and violated: 1565 | 640  | total #cl: 2205 | -violated weight: 640
7 -- [2293  475]
18 -- [1625 3289]
20 -- [ 530 4094]
23 -- [3500 1411]
25 -- [ 946 3336]
42 -- [ 627 2496]
46 -- [ 643 2597]
52 -- [4229  849]
53 -- [ 606 3161]
54 -- [4296  524]
55 -- [4090  949]
58 -- [3034 1790]
64 -- [ 395 3110]
65 -- [2182 1526]
68 -- [ 913 4281]
69 -- [ 604 4569]
72 -- [1439 4581]
79 -- [  46 4491]
81 -- [ 856 2181]
82 -- [1822 1769]
84 -- [ 961 3110]
86 -- [ 532 2897]
87 -- [3376 1615]
91 -- [2732  445]
92 -- [3221 1508]
93 -- [1701 3003]
97 -- [ 722 2860]
104 -- [4202 1715]
105 -- [3457  111]
110 -- [ 556 2783]
111 -- [4209 1281]
114 -- [1240 3190]
122 -- [ 940 4511]
127 -- [3764  240]
128 -- [1102 2255]
129 -- [1362 4143]
130 -- [1553 1860]
135 -- [1059 4485]
138 -- [4375 1457]
147 -- [4524  819]
150 -- [1862 1700]
151 -- [4531  305]
153 -- [1712 4279]
157 -- [1588 2293]
163 -- [4352 1768]
165 -- [1609 4312]
170 -- [1264 4388]
175 -- [4485  694]
181 -- [1310 2370]
182 -- [  25 2248]
184 -- [1794 4281]
186 -- [ 241 4508]
188 -- [1037 4487]
189 -- [4187  708]
190 -- [4131 1412]
193 -- [4152 1297]
199 -- [1706 4310]
201 -- [3214 1090]
207 -- [ 814 3805]
209 -- [1700 3252]
211 -- [2481  324]
212 -- [1600 3721]
216 -- [2671 1243]
217 -- [ 323 3913]
218 -- [4274  511]
221 -- [2375 1564]
222 -- [1378 4101]
223 -- [2431  905]
229 -- [ 309 3543]
232 -- [3943  238]
233 -- [ 493 3658]
235 -- [4357  906]
238 -- [  37 4290]
241 -- [4202  222]
246 -- [3491 1221]
251 -- [3551  507]
254 -- [   8 4242]
261 -- [4466  575]
262 -- [ 299 3775]
266 -- [2092  683]
268 -- [ 600 4472]
271 -- [2306  204]
273 -- [ 166 2872]
274 -- [4511  965]
277 -- [ 323 3441]
278 -- [1359 4515]
281 -- [2615 1142]
285 -- [3613  868]
286 -- [4561   29]
289 -- [ 983 3275]
290 -- [2633  436]
292 -- [2874  660]
296 -- [2566   34]
297 -- [ 237 2593]
304 -- [ 459 3022]
306 -- [2094 1746]
307 -- [4312 1005]
308 -- [2892  970]
309 -- [4466  658]
312 -- [ 426 2576]
315 -- [2112 1685]
317 -- [4245  266]
323 -- [1475 3951]
325 -- [ 399 4189]
329 -- [4130 1666]
330 -- [4314  348]
333 -- [1019 2047]
334 -- [ 736 4215]
342 -- [2565 1623]
344 -- [1451 4370]
346 -- [2305 1282]
348 -- [1010 4279]
353 -- [ 107 2021]
354 -- [4206  605]
355 -- [1150 2983]
361 -- [1204 4160]
365 -- [4339  573]
368 -- [1081 4364]
369 -- [1776 4323]
370 -- [2011 1419]
375 -- [1729 1904]
377 -- [2434   89]
380 -- [ 902 4510]
381 -- [1334 3450]
387 -- [1043 2558]
392 -- [4510  554]
396 -- [4329  976]
398 -- [1712 4295]
401 -- [ 250 4146]
406 -- [4127 1799]
408 -- [3798    7]
414 -- [4474  314]
418 -- [ 785 2980]
421 -- [ 681 3284]
422 -- [3069 1055]
430 -- [3005   67]
436 -- [2925   84]
437 -- [ 843 3429]
441 -- [3567  956]
447 -- [ 607 4289]
448 -- [1611 4330]
460 -- [ 782 4530]
465 -- [4250   68]
472 -- [ 997 4189]
474 -- [ 592 4500]
475 -- [3560  444]
476 -- [2512  893]
478 -- [1654 3151]
482 -- [3432  182]
492 -- [4552 1637]
494 -- [4247  860]
496 -- [ 296 4477]
497 -- [1270 2632]
499 -- [3556  458]
500 -- [2746 1711]
506 -- [1695 2421]
511 -- [ 269 2793]
517 -- [1090 1913]
518 -- [ 579 3041]
519 -- [3237 1369]
521 -- [4102  480]
524 -- [ 512 2706]
525 -- [ 311 2656]
526 -- [ 148 4178]
528 -- [2243   84]
530 -- [2476  173]
534 -- [3551 1760]
539 -- [1968  360]
541 -- [4496 1069]
542 -- [ 751 1841]
550 -- [ 602 2547]
552 -- [1293 2054]
554 -- [1674 3010]
568 -- [4270  826]
575 -- [ 684 4387]
580 -- [ 500 1972]
586 -- [ 528 4115]
587 -- [2074  226]
594 -- [3163  662]
595 -- [ 404 3973]
599 -- [ 833 3472]
611 -- [ 575 4283]
613 -- [1294 4282]
617 -- [3669   20]
618 -- [ 199 2242]
621 -- [1327 3005]
622 -- [1279 3032]
624 -- [3452  876]
628 -- [2280 1407]
631 -- [2343  343]
646 -- [1303 4184]
651 -- [ 444 1987]
652 -- [4075  331]
655 -- [3047  197]
659 -- [ 235 1918]
668 -- [1110 3051]
677 -- [4342 1002]
680 -- [1562 4491]
685 -- [1087 4192]
687 -- [1200 4223]
689 -- [4149  759]
691 -- [1360 4456]
692 -- [2336  104]
700 -- [3842 1126]
703 -- [ 465 4130]
706 -- [4297 1412]
709 -- [2510  356]
710 -- [1735 3369]
711 -- [3018 1031]
719 -- [4373 1460]
721 -- [2225 1396]
722 -- [ 103 2306]
724 -- [4474  863]
726 -- [4347  505]
730 -- [ 482 4282]
735 -- [2860  964]
737 -- [4203  821]
743 -- [4127 1161]
744 -- [2250 1514]
748 -- [ 443 2160]
752 -- [2225  895]
753 -- [ 593 2688]
758 -- [3312 1628]
768 -- [2355   29]
772 -- [2836  110]
775 -- [2802  226]
777 -- [ 434 3452]
782 -- [ 870 2398]
784 -- [2525  124]
786 -- [ 724 4225]
787 -- [2384 1664]
789 -- [1330 4160]
792 -- [4233  208]
795 -- [3984  197]
797 -- [ 890 3723]
803 -- [3604  568]
804 -- [4110  778]
810 -- [4201    3]
811 -- [4564 1720]
817 -- [2987 1008]
818 -- [  45 4421]
824 -- [1384 3337]
826 -- [2553  606]
827 -- [2879  715]
828 -- [4279  107]
830 -- [1778 4439]
836 -- [2852   89]
837 -- [2963  852]
838 -- [ 463 2225]
841 -- [1390 4524]
845 -- [ 464 3044]
850 -- [ 541 4482]
855 -- [2055 1752]
869 -- [1079 4349]
873 -- [1022 4262]
876 -- [2382 1537]
891 -- [2526  185]
893 -- [1093 4373]
897 -- [  98 3673]
898 -- [1974 1163]
902 -- [2260  846]
903 -- [4137 1143]
913 -- [ 830 4542]
914 -- [4556 1783]
915 -- [1023 2266]
916 -- [ 249 2149]
919 -- [2052 1526]
920 -- [2661  717]
923 -- [1504 4454]
927 -- [4441 1567]
933 -- [ 843 2736]
934 -- [ 738 4423]
944 -- [2558 1797]
946 -- [3336  249]
949 -- [ 796 2374]
950 -- [ 194 1966]
955 -- [ 309 2731]
957 -- [2226 1041]
958 -- [3856  966]
959 -- [2895  309]
963 -- [ 232 4415]
964 -- [2455 1239]
967 -- [3348 1521]
974 -- [ 728 2139]
977 -- [1962  262]
979 -- [4209  970]
980 -- [ 524 2011]
985 -- [ 585 3625]
987 -- [3472 1307]
988 -- [ 874 2301]
991 -- [4203  626]
1000 -- [1777 4421]
1009 -- [3289   52]
1010 -- [1202 4132]
1011 -- [ 427 4274]
1020 -- [3252  182]
1022 -- [ 441 3920]
1028 -- [4226 1223]
1029 -- [2236  332]
1032 -- [ 887 4504]
1037 -- [3102  870]
1038 -- [2783  745]
1039 -- [ 361 3573]
1047 -- [ 627 4207]
1050 -- [ 544 2364]
1051 -- [4046  907]
1058 -- [3424 1289]
1059 -- [4204  184]
1068 -- [3654  391]
1069 -- [2021  262]
1070 -- [ 282 2293]
1071 -- [4450 1421]
1076 -- [1305 2438]
1077 -- [3761  481]
1080 -- [2890 1521]
1081 -- [2729  202]
1084 -- [2013 1026]
1087 -- [1337 4355]
1092 -- [4544  616]
1093 -- [1687 3066]
1105 -- [ 271 3658]
1109 -- [1168 4338]
1110 -- [ 934 4146]
1112 -- [ 142 2507]
1119 -- [3727    4]
1120 -- [2177  744]
1121 -- [3197 1556]
1123 -- [4291 1179]
1125 -- [1488 3648]
1126 -- [ 329 2999]
1132 -- [  42 4555]
1134 -- [2860 1149]
1136 -- [ 178 4114]
1139 -- [ 268 4399]
1142 -- [3225  465]
1146 -- [1189 2566]
1150 -- [2411 1488]
1151 -- [2788  256]
1157 -- [ 309 3772]
1158 -- [2838  847]
1162 -- [3637 1553]
1174 -- [1197 2284]
1176 -- [4091 1736]
1187 -- [ 271 2170]
1191 -- [1086 3391]
1195 -- [4095 1251]
1199 -- [3441  102]
1203 -- [3813  278]
1205 -- [3186  585]
1206 -- [1063 3677]
1209 -- [ 324 1932]
1215 -- [3445 1722]
1226 -- [ 779 4093]
1231 -- [ 510 3005]
1234 -- [4482 1629]
1238 -- [3422  459]
1240 -- [3247 1384]
1246 -- [4587  926]
1248 -- [2542  233]
1260 -- [ 484 3450]
1266 -- [ 375 2308]
1276 -- [   0 1822]
1277 -- [1747 4141]
1279 -- [3525  458]
1283 -- [3371 1342]
1289 -- [2897  456]
1290 -- [ 692 4439]
1293 -- [2339 1386]
1294 -- [1595 3863]
1295 -- [3215  931]
1302 -- [4198 1554]
1305 -- [4423 1299]
1308 -- [3401  246]
1309 -- [2732  578]
1310 -- [4326  203]
1311 -- [4218 1146]
1316 -- [2653 1061]
1318 -- [3006  986]
1321 -- [2495  560]
1322 -- [4062  555]
1334 -- [1747 3787]
1336 -- [1726 4214]
1340 -- [4155  525]
1341 -- [ 446 3052]
1342 -- [ 246 3003]
1345 -- [4289  817]
1346 -- [4099 1148]
1354 -- [1775 4387]
1356 -- [ 599 4283]
1357 -- [2471  473]
1358 -- [ 675 3138]
1361 -- [3211  256]
1362 -- [4051 1594]
1363 -- [ 738 2620]
1365 -- [1728 4342]
1367 -- [ 592 3566]
1371 -- [ 504 3242]
1373 -- [ 361 3920]
1375 -- [4159 1251]
1378 -- [ 182 2393]
1383 -- [4381  797]
1387 -- [1126 4334]
1389 -- [2389  913]
1393 -- [4531  348]
1395 -- [3511   89]
1400 -- [3126 1677]
1401 -- [ 151 2089]
1403 -- [2724  286]
1407 -- [3956  675]
1410 -- [ 324 4437]
1411 -- [2595   58]
1413 -- [2510  770]
1421 -- [3427  208]
1424 -- [1635 1976]
1431 -- [2521  773]
1434 -- [ 701 3255]
1435 -- [4280  333]
1443 -- [4531 1719]
1446 -- [4440 1302]
1448 -- [1341 4507]
1450 -- [3288  115]
1456 -- [3227  648]
1458 -- [4439  400]
1460 -- [ 948 2010]
1465 -- [1723 3758]
1467 -- [3486 1162]
1468 -- [2734 1735]
1469 -- [4232  279]
1480 -- [ 730 3510]
1482 -- [ 345 1864]
1487 -- [ 764 4260]
1490 -- [4170 1085]
1493 -- [4175 1812]
1496 -- [1966  206]
1497 -- [4323  226]
1502 -- [2461  508]
1505 -- [ 631 4515]
1508 -- [ 988 4244]
1509 -- [ 856 2356]
1511 -- [3969  108]
1513 -- [1610 2112]
1515 -- [2387  308]
1517 -- [2815 1341]
1523 -- [4110  646]
1524 -- [4346  128]
1533 -- [1234 4512]
1536 -- [4454  817]
1541 -- [1034 4376]
1542 -- [2729  154]
1544 -- [4487  611]
1547 -- [2261  322]
1549 -- [ 627 2504]
1550 -- [3239  948]
1551 -- [2575 1045]
1555 -- [2988 1617]
1558 -- [3898  235]
1559 -- [1623 2650]
1562 -- [2445 1080]
1570 -- [  10 3379]
1571 -- [2437 1321]
1572 -- [ 250 3279]
1573 -- [ 424 4570]
1579 -- [ 459 2139]
1580 -- [2980 1690]
1591 -- [4363 1806]
1592 -- [4160   82]
1594 -- [2667  108]
1595 -- [ 930 3233]
1596 -- [2802   53]
1597 -- [1533 2558]
1600 -- [4282 1344]
1605 -- [ 606 2786]
1606 -- [1182 2977]
1611 -- [ 728 3303]
1616 -- [3557  547]
1620 -- [ 949 2690]
1622 -- [ 632 4122]
1623 -- [1681 3391]
1625 -- [1091 4552]
1627 -- [1191 4346]
1628 -- [1321 3729]
1632 -- [1687 3527]
1633 -- [2963  267]
1641 -- [ 625 4226]
1643 -- [  48 3869]
1645 -- [ 701 3582]
1647 -- [4204  740]
1649 -- [ 169 4289]
1658 -- [4259  172]
1660 -- [1675 4428]
1661 -- [4239 1179]
1663 -- [1007 3457]
1665 -- [ 464 1866]
1666 -- [4400  704]
1667 -- [2162  792]
1668 -- [1765 3945]
1672 -- [ 949 3399]
1673 -- [1124 2089]
1676 -- [ 241 3041]
1678 -- [1993 1721]
1681 -- [ 490 4123]
1683 -- [4130 1786]
1690 -- [1660 2983]
1691 -- [1508 1940]
1695 -- [4479  708]
1702 -- [4599 1453]
1703 -- [ 481 1837]
1704 -- [ 574 1832]
1707 -- [ 830 2230]
1710 -- [   7 3409]
1721 -- [4450  162]
1722 -- [4272 1770]
1723 -- [  80 2390]
1742 -- [4480 1520]
1743 -- [4412  427]
1747 -- [ 210 3427]
1749 -- [ 486 2613]
1750 -- [ 318 3221]
1752 -- [ 585 2911]
1760 -- [3571  666]
1768 -- [ 530 2301]
1770 -- [1526 4422]
1771 -- [2248 1556]
1778 -- [1158 2105]
1783 -- [ 862 4245]
1784 -- [1665 4084]
1785 -- [2237  737]
1791 -- [4276 1105]
1798 -- [3767   38]
1804 -- [ 214 4043]
1807 -- [  57 2884]
1812 -- [3661   84]
1814 -- [ 307 3009]
1821 -- [1405 2278]
1822 -- [1677 2399]
1826 -- [4401 1359]
1835 -- [4117 1560]
1839 -- [3565 1738]
1841 -- [1179 1949]
1848 -- [1821  355]
1852 -- [ 845 2977]
1856 -- [2560  106]
1859 -- [3729  196]
1866 -- [1149 1927]
1868 -- [1668 2554]
1884 -- [ 286 4443]
1887 -- [2188   70]
1888 -- [1513 2594]
1891 -- [3377  681]
1892 -- [3727 1569]
1896 -- [3877   20]
1898 -- [ 385 4201]
1900 -- [2365  351]
1902 -- [ 626 4244]
1904 -- [4357  970]
1913 -- [1305 4272]
1917 -- [4520 1485]
1919 -- [ 427 3774]
1920 -- [4150 1006]
1923 -- [3051  658]
1935 -- [ 269 2487]
1937 -- [3637  803]
1938 -- [3984   84]
1940 -- [1695 2120]
1943 -- [2231  479]
1944 -- [4324 1477]
1947 -- [2463 1463]
1958 -- [ 549 2410]
1962 -- [4359  106]
1964 -- [1762 2714]
1979 -- [3971 1581]
1982 -- [ 662 2946]
1985 -- [ 326 4134]
1986 -- [2067 1401]
1989 -- [2355 1665]
1992 -- [2051 1154]
1995 -- [4155  141]
2001 -- [ 265 4114]
2010 -- [ 662 2465]
2016 -- [2727 1353]
2018 -- [ 228 1914]
2019 -- [2430 1700]
2020 -- [  66 4082]
2023 -- [1866  278]
2029 -- [1728 3006]
2031 -- [ 532 3696]
2034 -- [ 428 3566]
2038 -- [ 262 2245]
2039 -- [4159 1192]
2040 -- [1125 4122]
2042 -- [1185 3149]
2044 -- [ 986 4261]
2046 -- [ 596 4324]
2049 -- [ 916 3573]
2050 -- [1765 2120]
2053 -- [1415 4155]
2055 -- [1082 2305]
2057 -- [3795  860]
2058 -- [2752 1687]
2061 -- [4157  970]
2063 -- [  11 2209]
2065 -- [ 340 3085]
2076 -- [1758 4449]
2077 -- [4290   30]
2079 -- [4335  648]
2081 -- [4132  393]
2082 -- [2826 1524]
2083 -- [ 853 4391]
2084 -- [1028 4377]
2092 -- [ 522 2643]
2099 -- [4442 1732]
2100 -- [2002 1112]
2106 -- [3238 1610]
2107 -- [3272  968]
2110 -- [1629 4349]
2114 -- [4179  555]
2117 -- [3999  403]
2122 -- [3055  113]
2132 -- [ 868 1883]
2133 -- [3163 1687]
2139 -- [1075 4587]
2141 -- [1220 2951]
2144 -- [2892  849]
2145 -- [2083  773]
2146 -- [2531  665]
2148 -- [4340  175]
2149 -- [ 803 2938]
2151 -- [4126 1146]
2154 -- [4099  871]
2160 -- [3036  486]
2162 -- [2892 1582]
2169 -- [3747 1292]
2173 -- [ 663 4473]
2175 -- [ 981 2349]
2177 -- [ 479 3043]
2180 -- [4127  914]
2186 -- [ 672 3276]
2188 -- [2884 1366]
2199 -- [4470 1767]
2202 -- [1495 4054]
7 -time: 0.02106 -dim: (11172, 2)
8 -time: 0.00013 -dim: (7, 57)
9 -time: 3.83420 -dim: (1835400, 3)
10 -time: 5.41525 -dim: (1730141, 3)
11_12 -time: 0.18871 -dim: [110424, 2]
13 -time: 0.07400 -dim: (36808, 4)
14_15 -time: 0.03291 -dim: [798, 2]
16 -time: 0.00001 -dim: (0, 2)
17_18 -time: 0.34886 -dim: [73616, 3]
19 -time: 0.00007 -dim: (1, 1)
20 -time: 0.22112 -dim: (0, 4601)
21 -time: 0.00076 -dim: (1, 4601)
22 -time: 0.00005 -dim: (2205, 3)
23 -time: 0.00003 -dim: (2205, 3)
24 -time: 0.00003 -dim: (0, 5)
25 -time: 0.00005 -dim: (2396, 3)
26 -time: 0.00003 -dim: (2396, 3)
smtPr 22-26 -time: 0.01396 -dim: nan
slvr_header -time: 1.44626 -dim: nan
*solver* -time: 900.07975 -dim: nan
res_read -time: 0.05401 -dim: nan
-- SUM CL TIME: 10.15123          |  SUM other TIME: 901.58002          |  SUM TIME: 911.73125
