num branch_node: 7
num leaf_node: 8
num feature: 57
tree_depth: 3
num label: 2
nDC: 2432

***variables
a: 1 - 399 -> 399
s: 400 - 32606 -> 32207
z: 32607 - 69414 -> 36808
g: 69415 - 69430 -> 16
x: 69431 - 78632 -> 9202
ml: 78633 - 82289 -> 3657
cl: 82290 - 85533 -> 3244

variables***
[debug] --> CL ML ratio 3
the cl header --> p wcnf 85533 3819071 13390

timeout 900s ~/SAT_Project/loandra-master/loandra_static -pmreslin-cglim=30 -weight-strategy=1 -print-model -verbosity=1 ./solutions/spam_0.1_mc1.5_s2352_r3/phase_1_clauses_final >./solutions/spam_0.1_mc1.5_s2352_r3/phase_1_loandra_res

Start to read loandra res
*loandra status: SATISFIABLE
-ml sat and violated: 2556 | 1101  | total #ml: 3657 | -violated weight: 1101
9 -- [960 393]
13 -- [1687  568]
14 -- [1654 1511]
15 -- [1508 1032]
17 -- [2394 3638]
18 -- [1809  255]
25 -- [  58 1297]
31 -- [599 664]
38 -- [1705  437]
40 -- [3301 4353]
42 -- [1786 1125]
50 -- [ 814 1654]
51 -- [1384  610]
52 -- [3731 4222]
53 -- [3785 3696]
56 -- [3395 2633]
59 -- [842 867]
61 -- [144 881]
63 -- [2124 2621]
65 -- [4372 3299]
69 -- [2914 4496]
72 -- [3064 3685]
73 -- [1535 1138]
75 -- [1851 2663]
76 -- [4198 3814]
79 -- [645 685]
80 -- [3741 1883]
83 -- [1938 2938]
84 -- [3334 3996]
86 -- [3430 2441]
92 -- [2899 3166]
93 -- [1719 1153]
95 -- [3798 2479]
101 -- [433 592]
111 -- [3690 4479]
115 -- [1654  233]
117 -- [3521 3433]
119 -- [736  54]
121 -- [1111  680]
124 -- [138 199]
125 -- [1585  551]
126 -- [1574 1581]
134 -- [ 490 1020]
150 -- [3291 4355]
157 -- [  57 1229]
158 -- [4399 3046]
171 -- [4520 3109]
172 -- [1005  163]
176 -- [3633 2071]
177 -- [1760  233]
178 -- [3595 3850]
180 -- [1914 4536]
185 -- [1647  899]
186 -- [2087 1927]
187 -- [3050 4215]
188 -- [1754 1258]
189 -- [3642 2326]
196 -- [2154 2077]
198 -- [2799 4046]
201 -- [  57 1025]
202 -- [742 193]
207 -- [ 152 1226]
208 -- [2663 4564]
209 -- [1073  866]
213 -- [294 742]
219 -- [1723  116]
221 -- [ 391 1704]
224 -- [2760 3701]
228 -- [4137 3235]
229 -- [ 516 1017]
238 -- [2661 1888]
241 -- [2909 3410]
242 -- [2961 2277]
243 -- [2776 1984]
244 -- [4288 2631]
245 -- [4369 2393]
254 -- [1985 3657]
257 -- [3307 4426]
259 -- [544 620]
270 -- [1399 1317]
278 -- [2965 2110]
279 -- [3607 3217]
281 -- [1476  894]
287 -- [2834 3748]
294 -- [1514  730]
300 -- [ 650 1559]
303 -- [552 269]
309 -- [1227 1292]
319 -- [2950 2538]
320 -- [2528 1872]
327 -- [1938 3277]
331 -- [2664 2232]
333 -- [1555 1727]
336 -- [873 588]
339 -- [2030 3767]
342 -- [1526    8]
343 -- [4339 3565]
346 -- [3731 3541]
347 -- [2171 3059]
349 -- [781 429]
352 -- [ 399 1788]
361 -- [2212 3534]
363 -- [3268 3679]
368 -- [2927 2171]
369 -- [3526 3593]
370 -- [2189 3299]
377 -- [2876 3453]
381 -- [ 852 1421]
384 -- [1467 1735]
385 -- [3523 4137]
386 -- [1351  993]
389 -- [3853 1829]
390 -- [3292 3427]
391 -- [3071 4164]
394 -- [3143 2997]
395 -- [2144 2304]
402 -- [3408 1886]
406 -- [3293 4061]
408 -- [4195 2532]
410 -- [ 987 1497]
411 -- [ 110 1608]
416 -- [1390  759]
420 -- [1542  855]
430 -- [454 792]
433 -- [1138 1563]
437 -- [ 324 1759]
445 -- [1175 1307]
448 -- [1310   94]
450 -- [ 423 1543]
454 -- [1428  331]
455 -- [4348 4198]
457 -- [2064 2534]
459 -- [2428 2566]
464 -- [ 373 1594]
465 -- [3945 3922]
468 -- [ 412 1205]
471 -- [4121 2495]
472 -- [3638 2740]
473 -- [1914 2042]
477 -- [2417 2852]
479 -- [1722  502]
482 -- [1623  178]
488 -- [3985 3206]
491 -- [1641 1481]
493 -- [4118 2403]
495 -- [2542 4331]
496 -- [2352 4355]
498 -- [4463 3986]
499 -- [4399 3100]
501 -- [3978 4315]
507 -- [402 459]
510 -- [3428 2963]
511 -- [3182 3508]
514 -- [1675 1513]
517 -- [2461 1898]
519 -- [ 789 1105]
520 -- [ 357 1387]
526 -- [2073 2075]
528 -- [ 206 1223]
530 -- [ 607 1802]
532 -- [1622  744]
534 -- [4138 3593]
535 -- [2532 2890]
537 -- [2342 4011]
538 -- [2016 4289]
540 -- [4222 2251]
541 -- [403 620]
545 -- [2382 4341]
552 -- [829 358]
554 -- [4012 3696]
556 -- [4441 3540]
558 -- [3698 4405]
559 -- [ 489 1049]
561 -- [931 805]
563 -- [3213 2828]
567 -- [ 36 694]
569 -- [4517 3332]
571 -- [1610 1502]
572 -- [2772 2508]
579 -- [2177 1890]
580 -- [2840 4232]
583 -- [1425 1677]
586 -- [1668  683]
592 -- [2892 4203]
594 -- [3996 2183]
599 -- [2305 4470]
600 -- [592 117]
602 -- [4260 2876]
604 -- [3289 4076]
605 -- [1531 1404]
607 -- [3280 3905]
610 -- [2764 2809]
615 -- [786 324]
620 -- [3329 3233]
623 -- [3775 2701]
624 -- [241 781]
628 -- [ 719 1545]
632 -- [2643 4239]
641 -- [ 634 1687]
642 -- [2307 4208]
644 -- [1734 1716]
645 -- [693 152]
647 -- [2124 3523]
652 -- [3053 4590]
653 -- [2163 2588]
654 -- [ 245 1752]
662 -- [1571  473]
663 -- [2548 3612]
666 -- [1058  441]
667 -- [2341 2497]
668 -- [1154  935]
669 -- [3974 3235]
679 -- [2149 3301]
685 -- [699 271]
686 -- [1367  426]
690 -- [2920 3864]
696 -- [2412 2865]
705 -- [3499 3821]
706 -- [3310 3022]
707 -- [1178  166]
710 -- [3251 3594]
711 -- [1599 1110]
715 -- [4183 2709]
718 -- [3418 2451]
732 -- [282 743]
734 -- [1173 1433]
735 -- [4336 1952]
737 -- [4405 3233]
738 -- [3848 3405]
740 -- [1162 1515]
745 -- [3120 2116]
749 -- [880 110]
753 -- [2353 2809]
756 -- [4374 4158]
764 -- [4254 2429]
768 -- [595 674]
770 -- [ 703 1290]
775 -- [3441 2830]
792 -- [1091  687]
794 -- [4359 1971]
796 -- [2175 2318]
797 -- [4134 2284]
799 -- [3780 4432]
805 -- [2243 4028]
807 -- [4358 3026]
808 -- [2758 2751]
811 -- [2134 4102]
816 -- [1591 1219]
817 -- [899 338]
828 -- [4295 1903]
830 -- [2147 4087]
831 -- [2293 4286]
833 -- [2770 4004]
834 -- [1415 1512]
843 -- [1932 3430]
846 -- [2241 2653]
853 -- [1904 3191]
859 -- [2459 1981]
865 -- [1365 1783]
867 -- [4153 3170]
868 -- [2971 2818]
872 -- [ 473 1529]
873 -- [1377 1062]
878 -- [2955 2991]
882 -- [1457  880]
883 -- [2038 3213]
891 -- [ 626 1234]
894 -- [3960 3505]
895 -- [1532  130]
899 -- [ 16 644]
902 -- [3519 3160]
903 -- [1901 2508]
908 -- [2200 1936]
910 -- [4307 4479]
913 -- [3120 2552]
917 -- [4401 2394]
919 -- [2375 3063]
921 -- [4253 3277]
922 -- [4527 1854]
924 -- [1245  550]
928 -- [2740 2123]
929 -- [628 860]
930 -- [2830 2077]
931 -- [4169 4286]
932 -- [1658  168]
933 -- [184 628]
934 -- [ 987 1060]
941 -- [3918 3853]
947 -- [3846 4108]
949 -- [ 104 1549]
954 -- [ 319 1396]
959 -- [2708 1860]
961 -- [ 967 1172]
964 -- [4458 3972]
970 -- [2540 2932]
974 -- [3814 3986]
978 -- [1952 3464]
979 -- [4138 4034]
981 -- [3877 2876]
982 -- [4155 1850]
984 -- [211 270]
986 -- [2796 4520]
987 -- [1614  377]
990 -- [4415 3009]
993 -- [1511  540]
994 -- [2811 3150]
1000 -- [2474 2770]
1001 -- [3267 2993]
1006 -- [ 852 1682]
1008 -- [2473 3233]
1016 -- [4177 3976]
1022 -- [4252 4521]
1024 -- [2224 2524]
1025 -- [1643 1463]
1026 -- [1255 1601]
1028 -- [2954 4392]
1033 -- [4264 4458]
1036 -- [1305 1716]
1037 -- [2175 4357]
1043 -- [2305 3552]
1044 -- [4264 4134]
1047 -- [4584 2819]
1049 -- [1292 1032]
1052 -- [3368 4326]
1054 -- [2186 2845]
1056 -- [485 905]
1057 -- [ 325 1673]
1059 -- [400 558]
1060 -- [2226 1895]
1061 -- [3522 3436]
1067 -- [431 677]
1068 -- [3698 3863]
1070 -- [548  28]
1075 -- [2084 2505]
1079 -- [4554 4177]
1082 -- [3879 2392]
1085 -- [2177 2250]
1087 -- [2431 3323]
1090 -- [1856 2155]
1091 -- [1182 1205]
1095 -- [1508  732]
1098 -- [2276 2218]
1102 -- [  87 1723]
1103 -- [2300 4339]
1107 -- [4570 3417]
1109 -- [3298 2400]
1111 -- [1130 1457]
1117 -- [1886 3080]
1119 -- [2651 4281]
1126 -- [4104 2917]
1128 -- [4155 4369]
1129 -- [659 974]
1132 -- [ 599 1582]
1133 -- [3227 4233]
1134 -- [ 357 1289]
1138 -- [3897 2865]
1140 -- [1502 1341]
1152 -- [ 27 140]
1154 -- [2388 2931]
1155 -- [3501 2464]
1156 -- [620 859]
1160 -- [2794 4266]
1164 -- [2149 3549]
1165 -- [3655 3740]
1173 -- [3699 1969]
1175 -- [2841 1813]
1178 -- [200  36]
1182 -- [3655 3413]
1183 -- [4018 3139]
1184 -- [1531  639]
1185 -- [2232 2120]
1186 -- [1721  576]
1188 -- [2241 2304]
1190 -- [3326 2659]
1193 -- [2743 4415]
1197 -- [2873 1993]
1199 -- [4231 2899]
1202 -- [1586  936]
1204 -- [1218  913]
1207 -- [3214 4048]
1208 -- [1382  959]
1217 -- [2204 2323]
1218 -- [3022 3594]
1221 -- [4178 3143]
1233 -- [3671 2545]
1236 -- [2443 4555]
1239 -- [789 829]
1244 -- [1677  115]
1263 -- [128   7]
1267 -- [1478  449]
1271 -- [1605 1645]
1273 -- [2227 2302]
1278 -- [482 179]
1282 -- [609 152]
1283 -- [187 207]
1292 -- [2755 3071]
1303 -- [2638 3244]
1305 -- [ 446 1452]
1306 -- [3957 2609]
1313 -- [ 20 226]
1318 -- [1129 1457]
1319 -- [2539 2181]
1321 -- [2004 4030]
1327 -- [3251 1940]
1328 -- [ 907 1109]
1330 -- [2753 1932]
1331 -- [2218 4300]
1334 -- [1003   78]
1336 -- [4286 4275]
1337 -- [3839 2988]
1344 -- [2634 4473]
1351 -- [570 847]
1355 -- [1756  206]
1359 -- [3962 4353]
1361 -- [4541 4415]
1363 -- [3835 3108]
1367 -- [436 746]
1368 -- [3644 4563]
1375 -- [4505 3479]
1376 -- [2529 3217]
1381 -- [4394 2505]
1384 -- [3289 3048]
1385 -- [3419 4288]
1388 -- [4453 2164]
1397 -- [4198 4428]
1398 -- [2572 1946]
1402 -- [2945 2815]
1403 -- [4517 3324]
1405 -- [358 159]
1406 -- [2829 4573]
1417 -- [1676  618]
1420 -- [1276  805]
1423 -- [4408 2476]
1433 -- [3022 2670]
1437 -- [1061 1120]
1444 -- [2466 3447]
1445 -- [2380 3150]
1446 -- [2983 2431]
1449 -- [4178 2128]
1452 -- [ 215 1453]
1454 -- [666 465]
1457 -- [1376  562]
1463 -- [130 596]
1466 -- [ 776 1058]
1471 -- [2988 2989]
1472 -- [1489  100]
1473 -- [3612 4325]
1474 -- [4284 2456]
1478 -- [1050  351]
1481 -- [500 519]
1484 -- [2594 3196]
1491 -- [283 214]
1493 -- [2615 2539]
1494 -- [578 640]
1502 -- [ 539 1194]
1503 -- [3508 4597]
1504 -- [2299 2495]
1505 -- [4137 3919]
1514 -- [3535 2390]
1517 -- [4192 4502]
1524 -- [2710 2171]
1532 -- [2763 3999]
1535 -- [970 645]
1540 -- [3302 3883]
1542 -- [2572 3846]
1557 -- [3669 3170]
1561 -- [2462 2244]
1562 -- [293 856]
1563 -- [294 301]
1564 -- [4380 3979]
1565 -- [3654 4328]
1576 -- [1585 1202]
1577 -- [2107 2241]
1580 -- [1885 4133]
1581 -- [1803 1318]
1589 -- [2527 3105]
1595 -- [3206 1966]
1602 -- [2799 1872]
1609 -- [1245  106]
1617 -- [2931 2619]
1622 -- [611 104]
1625 -- [2464 2326]
1636 -- [4538 2834]
1639 -- [1869 2875]
1641 -- [4345 2530]
1645 -- [4204 2694]
1648 -- [3508 3700]
1651 -- [ 559 1490]
1652 -- [3269 3021]
1653 -- [4377 3372]
1656 -- [4390 4519]
1662 -- [1055 1691]
1663 -- [286  37]
1666 -- [ 32 323]
1668 -- [364 704]
1684 -- [984 709]
1688 -- [ 899 1151]
1689 -- [2618 2072]
1691 -- [2481 3400]
1694 -- [2252 3036]
1697 -- [3278 3821]
1700 -- [2814 4328]
1710 -- [476  88]
1711 -- [1047  877]
1713 -- [447 518]
1714 -- [3053 3711]
1718 -- [3050 3740]
1719 -- [2159 3881]
1724 -- [ 936 1159]
1727 -- [2498 3251]
1729 -- [4442 2753]
1735 -- [3106 3986]
1736 -- [2615 2411]
1737 -- [3217 2239]
1742 -- [1253   67]
1743 -- [ 744 1506]
1752 -- [598 334]
1761 -- [1044 1384]
1766 -- [3372 3900]
1781 -- [1761  766]
1789 -- [2789 3729]
1791 -- [ 34 609]
1795 -- [ 620 1178]
1798 -- [4243 2241]
1802 -- [1158 1242]
1806 -- [1149 1656]
1807 -- [3504 2676]
1810 -- [1538 1054]
1820 -- [4127 4458]
1824 -- [1615  125]
1825 -- [519  43]
1826 -- [4035 2736]
1827 -- [1988 4177]
1829 -- [422 701]
1832 -- [3458 1981]
1839 -- [2121 2295]
1844 -- [1144 1377]
1847 -- [245 974]
1849 -- [1351 1389]
1852 -- [205  67]
1854 -- [1195 1113]
1865 -- [4342 3260]
1867 -- [2052 2305]
1868 -- [2566 3138]
1877 -- [1807  634]
1880 -- [1714  217]
1881 -- [4151 2030]
1884 -- [1143  375]
1890 -- [2021 2744]
1894 -- [  82 1268]
1897 -- [2461 2716]
1902 -- [  34 1655]
1906 -- [4081 4178]
1911 -- [709  20]
1914 -- [4153 1952]
1915 -- [ 319 1321]
1916 -- [461 386]
1920 -- [1501  482]
1922 -- [883 203]
1927 -- [ 867 1410]
1928 -- [3945 2075]
1938 -- [1462   18]
1939 -- [ 257 1561]
1942 -- [2199 3962]
1943 -- [716 793]
1945 -- [ 409 1240]
1947 -- [2166 1963]
1951 -- [ 228 1676]
1953 -- [2021 2799]
1955 -- [ 693 1685]
1957 -- [3528 3213]
1969 -- [3480 4284]
1976 -- [4535 4482]
1987 -- [ 129 1521]
1988 -- [2872 4215]
1997 -- [ 961 1810]
2005 -- [2587 3705]
2006 -- [3532 3750]
2007 -- [2843 3514]
2012 -- [3952 4353]
2021 -- [2308 2453]
2023 -- [2127 4249]
2025 -- [1886 2511]
2027 -- [ 924 1376]
2031 -- [ 896 1465]
2033 -- [4127 2946]
2037 -- [2467 4061]
2045 -- [1225 1692]
2049 -- [1207  169]
2050 -- [1482  841]
2053 -- [3358 3027]
2054 -- [2746 2770]
2055 -- [3999 4008]
2065 -- [784 511]
2067 -- [3775 1944]
2068 -- [1965 4486]
2070 -- [1006 1749]
2075 -- [2193 2548]
2078 -- [1623  884]
2079 -- [1330  734]
2080 -- [1481  152]
2081 -- [ 973 1175]
2083 -- [612  30]
2089 -- [659 444]
2090 -- [2555 3405]
2094 -- [2039 4509]
2099 -- [631 960]
2103 -- [ 255 1025]
2109 -- [ 257 1722]
2110 -- [2986 3742]
2113 -- [1162  413]
2116 -- [4321 3121]
2119 -- [4149 2809]
2123 -- [2717 4269]
2126 -- [2753 3068]
2139 -- [ 191 1150]
2140 -- [3968 1851]
2141 -- [3392 3313]
2142 -- [3063 2593]
2144 -- [1807 1279]
2146 -- [1928 4092]
2147 -- [1371 1542]
2148 -- [2461 2583]
2149 -- [1658  332]
2160 -- [967 399]
2164 -- [3686 2589]
2166 -- [470 869]
2168 -- [2833 3785]
2171 -- [ 84 303]
2174 -- [487   7]
2177 -- [4421 2481]
2185 -- [ 111 1040]
2187 -- [510 896]
2188 -- [2758 2072]
2193 -- [767 313]
2197 -- [1333 1495]
2203 -- [3458 4380]
2204 -- [3636 3558]
2206 -- [ 602 1436]
2208 -- [2798 4129]
2211 -- [1806 1027]
2213 -- [1938 3234]
2218 -- [3034 3986]
2219 -- [789 595]
2225 -- [2613 3043]
2227 -- [2584 4392]
2229 -- [813 867]
2235 -- [1620 1362]
2238 -- [2548 2814]
2241 -- [ 357 1767]
2242 -- [ 405 1298]
2243 -- [3392 2852]
2245 -- [349   7]
2248 -- [1535  587]
2253 -- [624 970]
2257 -- [111 551]
2258 -- [859 858]
2261 -- [3003 2383]
2262 -- [2352 1971]
2267 -- [2566 3032]
2275 -- [1003 1343]
2278 -- [2922 4458]
2280 -- [4096 3392]
2281 -- [3096 2047]
2284 -- [2979 3308]
2286 -- [  71 1633]
2287 -- [3264 2283]
2289 -- [2890 3308]
2299 -- [3492 4315]
2301 -- [3698 3999]
2304 -- [1224 1239]
2306 -- [1419  118]
2310 -- [2159 2347]
2313 -- [1531 1406]
2314 -- [ 221 1531]
2315 -- [1145  236]
2317 -- [4355 3407]
2322 -- [2474 4421]
2326 -- [2876 2423]
2337 -- [4443 1835]
2340 -- [1483 1801]
2341 -- [3052 2573]
2342 -- [865 566]
2346 -- [4115 3785]
2348 -- [2838 3527]
2350 -- [3017 3028]
2351 -- [3657 2634]
2355 -- [3535 3992]
2362 -- [953 341]
2370 -- [4262 4584]
2372 -- [4006 2534]
2373 -- [2959 1856]
2374 -- [111 731]
2376 -- [3465 4357]
2377 -- [3292 3021]
2378 -- [3546 3263]
2380 -- [4002 4219]
2381 -- [ 875 1493]
2384 -- [3889 4446]
2385 -- [2518 4288]
2388 -- [4215 3406]
2396 -- [1721  845]
2399 -- [2312 2080]
2401 -- [855 841]
2409 -- [2542 3567]
2410 -- [1650 1538]
2414 -- [4129 2613]
2415 -- [3646 1872]
2420 -- [ 153 1081]
2421 -- [2028 4155]
2423 -- [2497 1877]
2425 -- [1370 1527]
2426 -- [ 308 1042]
2428 -- [3872 4160]
2429 -- [1426   60]
2432 -- [2803 2394]
2435 -- [596 869]
2436 -- [2159 3844]
2438 -- [140 860]
2441 -- [4564 4420]
2442 -- [4222 2520]
2443 -- [1380  205]
2448 -- [2505 4174]
2452 -- [ 945 1603]
2453 -- [ 966 1803]
2461 -- [2611 2917]
2463 -- [2071 4383]
2467 -- [501 250]
2469 -- [602 208]
2471 -- [2857 2021]
2472 -- [4590 4566]
2474 -- [1669 1686]
2475 -- [4343 3566]
2478 -- [4564 3162]
2481 -- [3510 4092]
2485 -- [ 356 1803]
2497 -- [1036  370]
2499 -- [2548 3170]
2503 -- [1851 2584]
2505 -- [2497 4242]
2507 -- [2408 2004]
2517 -- [1482 1646]
2519 -- [355 231]
2520 -- [3461 2299]
2522 -- [3400 3453]
2530 -- [  14 1666]
2536 -- [3802 4189]
2537 -- [3867 1943]
2541 -- [2633 3953]
2543 -- [609 444]
2545 -- [1952 4435]
2550 -- [3894 2543]
2555 -- [4057 2498]
2562 -- [2587 2232]
2566 -- [369  43]
2569 -- [484 896]
2571 -- [314 858]
2572 -- [3986 3034]
2575 -- [1162 1744]
2583 -- [4431 2946]
2584 -- [1741 1016]
2586 -- [3259 2530]
2595 -- [2834 1842]
2597 -- [3803 4280]
2599 -- [1367  411]
2603 -- [ 76 429]
2606 -- [2174 3740]
2607 -- [3910 4175]
2609 -- [2055 3071]
2611 -- [509 968]
2617 -- [1710  345]
2620 -- [3863 3843]
2621 -- [4214 4054]
2626 -- [2221 3003]
2632 -- [4209 2095]
2633 -- [4353 3037]
2634 -- [1641 1724]
2636 -- [3021 4487]
2637 -- [179 358]
2638 -- [1888 1837]
2640 -- [1305  884]
2648 -- [2164 1829]
2658 -- [4559 2592]
2660 -- [4530 4479]
2663 -- [4043 4285]
2664 -- [  10 1664]
2668 -- [3866 1930]
2669 -- [1580  228]
2670 -- [4012 3661]
2672 -- [ 739 1241]
2680 -- [4041 3395]
2681 -- [ 592 1404]
2684 -- [3162 3405]
2692 -- [1537  804]
2696 -- [3694 2131]
2700 -- [3748 3518]
2701 -- [974 514]
2706 -- [ 984 1713]
2707 -- [1451  516]
2712 -- [2713 4343]
2718 -- [960 929]
2722 -- [4439 3532]
2725 -- [2558 2387]
2727 -- [219   4]
2731 -- [ 681 1048]
2735 -- [4577 4427]
2737 -- [4113 4304]
2742 -- [4439 4465]
2746 -- [359 995]
2747 -- [2767 3073]
2749 -- [2539 4559]
2750 -- [2238 1851]
2755 -- [2440 3329]
2756 -- [1384 1496]
2758 -- [ 103 1599]
2759 -- [ 156 1555]
2761 -- [2315 3907]
2764 -- [1338  599]
2766 -- [1696  701]
2767 -- [4351 4215]
2768 -- [2220 2977]
2769 -- [3070 3293]
2775 -- [4070 3681]
2776 -- [2716 4350]
2778 -- [ 335 1557]
2788 -- [ 57 771]
2789 -- [3465 2021]
2790 -- [3974 2799]
2792 -- [1104 1413]
2793 -- [3400 2859]
2794 -- [2950 2909]
2795 -- [4232 3886]
2796 -- [3616 2650]
2798 -- [3633 4222]
2803 -- [3905 3713]
2816 -- [1011  624]
2821 -- [2537 4451]
2822 -- [1993 3915]
2824 -- [597 493]
2825 -- [ 974 1045]
2837 -- [2226 4262]
2838 -- [ 485 1051]
2839 -- [1072 1247]
2841 -- [3996 2067]
2844 -- [2511 2760]
2847 -- [ 780 1158]
2849 -- [ 599 1009]
2850 -- [617 384]
2852 -- [1662 1641]
2856 -- [1564  384]
2859 -- [3332 2442]
2864 -- [ 321 1772]
2866 -- [4284 3916]
2872 -- [1104 1135]
2875 -- [ 108 1088]
2878 -- [4485 3558]
2879 -- [1787  518]
2881 -- [2073 3411]
2885 -- [296 747]
2886 -- [4188 2166]
2890 -- [ 544 1700]
2893 -- [2524 3505]
2894 -- [ 793 1424]
2904 -- [3949 3518]
2906 -- [3343 4344]
2907 -- [ 301 1046]
2914 -- [4339 4411]
2915 -- [4381 4454]
2916 -- [3193 2503]
2919 -- [4559 4099]
2920 -- [958 975]
2921 -- [2568 4441]
2925 -- [4419 3919]
2928 -- [2584 3258]
2931 -- [464 567]
2934 -- [4520 3474]
2941 -- [ 631 1442]
2945 -- [1451 1604]
2946 -- [3711 3425]
2948 -- [ 63 712]
2949 -- [1503 1175]
2952 -- [ 306 1740]
2954 -- [2991 2752]
2961 -- [4341 4330]
2963 -- [1049 1505]
2965 -- [3623 2753]
2967 -- [4578 3888]
2968 -- [3430 3142]
2969 -- [1567 1285]
2972 -- [4325 3533]
2974 -- [1541 1512]
2976 -- [1606  355]
2978 -- [3022 3013]
2982 -- [ 106 1385]
2984 -- [4486 4526]
2985 -- [1061 1447]
2993 -- [3905 3992]
2995 -- [2642 1928]
3002 -- [1786  564]
3007 -- [ 899 1402]
3016 -- [1173  708]
3019 -- [ 319 1540]
3023 -- [4360 4093]
3024 -- [577 941]
3029 -- [149 781]
3031 -- [3391 2144]
3037 -- [3377 2116]
3038 -- [4486 3633]
3039 -- [4197 2456]
3042 -- [1203 1690]
3045 -- [1774  612]
3047 -- [2624 4063]
3050 -- [1245  144]
3051 -- [4336 2118]
3059 -- [3044 3296]
3064 -- [2858 2988]
3067 -- [683 394]
3068 -- [1511   54]
3079 -- [1224 1382]
3080 -- [4570 4497]
3082 -- [3238 2147]
3087 -- [  78 1349]
3090 -- [1328  381]
3092 -- [2157 4336]
3097 -- [ 343 1743]
3102 -- [3106 4209]
3103 -- [  45 1326]
3107 -- [ 627 1799]
3110 -- [2861 4027]
3111 -- [2131 2960]
3114 -- [1511 1319]
3120 -- [3632 4288]
3121 -- [1104  708]
3122 -- [4475 4284]
3127 -- [3187 1921]
3130 -- [4138 3462]
3131 -- [710 155]
3133 -- [4496 3073]
3138 -- [2662 3299]
3139 -- [2943 2216]
3145 -- [1636  981]
3147 -- [2539 3885]
3153 -- [1331  503]
3154 -- [2281 2394]
3155 -- [532 306]
3156 -- [4105 2761]
3157 -- [3193 3118]
3158 -- [2749 2944]
3159 -- [2124 3037]
3162 -- [3504 2647]
3166 -- [301 565]
3167 -- [1877 3413]
3170 -- [4586 2545]
3175 -- [ 694 1650]
3180 -- [2199 4175]
3181 -- [107 787]
3184 -- [2073 2853]
3191 -- [1588   84]
3194 -- [903 454]
3197 -- [2558 1822]
3199 -- [2947 2149]
3203 -- [ 572 1113]
3204 -- [3999 3400]
3207 -- [ 705 1191]
3213 -- [ 479 1318]
3214 -- [4279 2259]
3240 -- [4590 2770]
3241 -- [1241 1563]
3243 -- [2095 3889]
3246 -- [2532 2413]
3254 -- [2026 4012]
3256 -- [3734 4521]
3258 -- [1364  295]
3259 -- [1872 3565]
3261 -- [1651 1234]
3262 -- [2062 3559]
3264 -- [2013 3903]
3266 -- [207 985]
3272 -- [ 75 278]
3282 -- [4517 3566]
3285 -- [4452 4284]
3290 -- [4109 4133]
3291 -- [4107 4362]
3292 -- [2741 2809]
3293 -- [684 378]
3294 -- [3469 4057]
3295 -- [2508 3458]
3298 -- [4249 2026]
3299 -- [  5 658]
3302 -- [2547 3646]
3306 -- [1826 2959]
3307 -- [107 115]
3309 -- [1751  215]
3314 -- [1595 1110]
3316 -- [3145 2918]
3319 -- [4215 2417]
3321 -- [ 258 1519]
3326 -- [1961 2226]
3332 -- [1480   50]
3333 -- [3461 1849]
3334 -- [1099  633]
3342 -- [4399 4233]
3343 -- [3451 2635]
3345 -- [4397 4301]
3347 -- [3264 1888]
3348 -- [1801 1719]
3354 -- [4249 2745]
3358 -- [1454  739]
3360 -- [4249 3241]
3364 -- [337 228]
3380 -- [2539 3659]
3382 -- [ 695 1575]
3390 -- [3963 1909]
3396 -- [1333 1358]
3397 -- [3390 2945]
3398 -- [ 623 1297]
3402 -- [3949 3279]
3404 -- [2560 4487]
3405 -- [4011 4054]
3407 -- [1537 1432]
3408 -- [2159 3649]
3416 -- [ 112 1113]
3419 -- [1468  331]
3421 -- [3590 2508]
3426 -- [1983 2252]
3432 -- [ 930 1173]
3435 -- [3692 1895]
3441 -- [3400 3431]
3452 -- [2993 3571]
3454 -- [  38 1126]
3457 -- [2559 4458]
3459 -- [4321 2741]
3461 -- [1027  408]
3462 -- [3676 2450]
3463 -- [2056 4239]
3468 -- [1264 1246]
3469 -- [ 365 1590]
3471 -- [4027 2934]
3472 -- [2241 2633]
3473 -- [3481 2232]
3476 -- [ 836 1138]
3477 -- [ 784 1415]
3480 -- [1015  333]
3481 -- [3810 4281]
3483 -- [2339 2956]
3487 -- [4306 3749]
3488 -- [ 127 1256]
3495 -- [ 348 1554]
3500 -- [4307 4350]
3503 -- [3643 3193]
3513 -- [1227  106]
3514 -- [520 891]
3515 -- [4160 3301]
3517 -- [3146 4133]
3518 -- [4441 3613]
3519 -- [1733  527]
3521 -- [4358 1833]
3524 -- [1743  164]
3526 -- [1879 4439]
3532 -- [1296 1550]
3536 -- [  44 1671]
3540 -- [3092 2943]
3541 -- [1575  809]
3542 -- [3846 2362]
3547 -- [  61 1600]
3548 -- [4325 4294]
3552 -- [1853 1969]
3556 -- [1910 2226]
3561 -- [1623 1347]
3565 -- [2616 2002]
3568 -- [3295 3041]
3575 -- [4177 3988]
3579 -- [3344 4253]
3581 -- [ 28 179]
3583 -- [3563 2118]
3585 -- [2927 2120]
3586 -- [4440 4541]
3587 -- [1865 3281]
3590 -- [2075 4587]
3593 -- [3749 2351]
3596 -- [4159 2878]
3608 -- [2241 3891]
3609 -- [748 602]
3610 -- [754 166]
3611 -- [1993 2113]
3614 -- [2325 4362]
3619 -- [1135 1073]
3622 -- [4285 4517]
3624 -- [4555 4309]
3625 -- [1931 3044]
3630 -- [2980 4076]
3631 -- [4587 2657]
3632 -- [3037 2149]
3633 -- [  57 1261]
3635 -- [2736 2872]
3637 -- [3084 2394]
3642 -- [3999 2415]
3643 -- [ 433 1707]
3644 -- [4137 3934]
3647 -- [4270 3372]
3649 -- [1088 1287]
-cl sat and violated: 2229 | 1015  | total #cl: 3244 | -violated weight: 3045
2 -- [1687 3645]
5 -- [2991  819]
10 -- [2601  459]
12 -- [3254  544]
13 -- [ 783 2451]
14 -- [2211 1803]
16 -- [3518 1363]
23 -- [1964  739]
24 -- [4451  327]
28 -- [1142 3928]
32 -- [3238 1399]
37 -- [1239 4398]
40 -- [4450  501]
44 -- [1050 2643]
45 -- [ 351 2571]
46 -- [2734  371]
47 -- [3631 1201]
48 -- [1267 2860]
49 -- [1126 3589]
57 -- [1258 3425]
58 -- [3570  278]
60 -- [ 791 3196]
61 -- [3459 1531]
63 -- [1193 3853]
65 -- [3996 1592]
68 -- [1802 4525]
72 -- [ 329 2166]
73 -- [1617 4457]
77 -- [1903  529]
82 -- [2962 1808]
85 -- [2249 1508]
93 -- [1711 4374]
98 -- [2703 1645]
103 -- [4540 1623]
106 -- [3309 1311]
107 -- [3510  912]
112 -- [4108 1745]
115 -- [3514  794]
116 -- [2036  679]
117 -- [ 263 3535]
118 -- [2016 1646]
119 -- [4056 1709]
120 -- [1866  919]
121 -- [ 354 4450]
123 -- [ 748 1950]
124 -- [1525 2921]
128 -- [4190  324]
129 -- [1113 1905]
131 -- [2889  599]
132 -- [4281  853]
142 -- [2643 1544]
149 -- [2194 1711]
153 -- [ 592 3225]
154 -- [1207 2739]
159 -- [ 652 4209]
162 -- [1348 3248]
166 -- [3451 1279]
167 -- [2018  206]
175 -- [  31 3192]
176 -- [ 948 2381]
178 -- [ 399 2387]
179 -- [2974 1096]
180 -- [1462 1819]
181 -- [2612  754]
182 -- [1719 1995]
186 -- [3979 1487]
189 -- [2651  500]
197 -- [ 550 2975]
200 -- [ 644 4565]
204 -- [4012 1780]
206 -- [ 868 3292]
207 -- [2224 1017]
210 -- [1887 1700]
211 -- [1925  675]
215 -- [1090 3626]
217 -- [1686 4420]
220 -- [2703  378]
222 -- [ 386 3433]
225 -- [4093  802]
227 -- [1723 3319]
229 -- [ 282 2315]
233 -- [ 469 2327]
237 -- [ 376 2931]
244 -- [3184  187]
245 -- [3052  391]
246 -- [2028 1109]
248 -- [ 631 1838]
250 -- [ 778 3217]
257 -- [4451 1037]
258 -- [4486 1730]
265 -- [1332 2063]
277 -- [2751 1726]
278 -- [4070 1255]
283 -- [ 940 2763]
287 -- [ 852 2109]
292 -- [ 459 4192]
293 -- [ 570 3592]
307 -- [4415  122]
308 -- [1155 2760]
310 -- [2189   43]
312 -- [3031  360]
313 -- [1086 2326]
319 -- [3136  893]
320 -- [4064  905]
322 -- [ 180 3526]
323 -- [3499  773]
324 -- [4361 1256]
327 -- [3202 1419]
330 -- [2661  728]
334 -- [3138  547]
335 -- [ 953 4517]
348 -- [1649 4596]
351 -- [2809 1772]
354 -- [3715 1037]
358 -- [2948  974]
360 -- [4244  427]
364 -- [3847 1241]
365 -- [3164 1746]
368 -- [ 881 4027]
370 -- [1326 2417]
372 -- [2512 1484]
374 -- [1999  250]
376 -- [1953  933]
378 -- [3526  161]
380 -- [2226  288]
396 -- [  41 3829]
397 -- [2166 1185]
400 -- [ 666 2490]
402 -- [3583 1711]
405 -- [1717 2441]
407 -- [3588 1689]
410 -- [1774 3628]
412 -- [1044 3909]
420 -- [2900  433]
422 -- [ 255 2041]
432 -- [3926  974]
433 -- [ 579 3775]
436 -- [ 770 4471]
439 -- [ 773 3061]
440 -- [1883  176]
446 -- [1942 1096]
467 -- [3393  824]
469 -- [2061 1323]
481 -- [2516   66]
482 -- [1785 2532]
485 -- [3760  984]
486 -- [3496 1762]
488 -- [3757  159]
491 -- [  42 3032]
492 -- [ 371 3329]
493 -- [1310 2174]
495 -- [3201  674]
497 -- [1518 3731]
498 -- [3234  619]
499 -- [3118  648]
503 -- [3405 1123]
504 -- [ 423 2781]
506 -- [1931 1759]
507 -- [2603  784]
511 -- [1517 2991]
513 -- [ 899 3421]
515 -- [4218 1775]
516 -- [1127 4532]
517 -- [3016  545]
525 -- [ 977 4220]
526 -- [1727 2543]
527 -- [3883  444]
532 -- [1585 3938]
533 -- [2110 1433]
534 -- [1506 2738]
543 -- [4431  909]
547 -- [ 374 3829]
551 -- [4478 1574]
553 -- [3383   60]
554 -- [ 308 3429]
562 -- [ 330 3120]
563 -- [2035  769]
564 -- [ 585 2595]
566 -- [1188 4220]
568 -- [2845  381]
580 -- [ 749 2538]
581 -- [ 172 1871]
590 -- [2507 1567]
591 -- [ 327 2887]
592 -- [ 286 1976]
594 -- [   5 3216]
598 -- [ 945 3440]
599 -- [1745 3746]
601 -- [ 567 2921]
602 -- [2217 1110]
603 -- [1060 4379]
606 -- [ 964 2431]
607 -- [ 301 3755]
608 -- [ 225 4107]
609 -- [ 569 2615]
618 -- [ 152 4004]
620 -- [3713 1174]
622 -- [ 331 2105]
630 -- [2213  570]
631 -- [2815 1675]
636 -- [3028  817]
640 -- [ 187 4390]
644 -- [2557  453]
645 -- [3932 1096]
646 -- [3004  333]
650 -- [4137  129]
651 -- [1396 2655]
656 -- [1106 4454]
658 -- [1802 2981]
665 -- [ 485 4140]
667 -- [4550  661]
668 -- [1357 2259]
669 -- [4055  464]
671 -- [2491  568]
672 -- [2788  585]
674 -- [ 396 4545]
676 -- [1972 1663]
677 -- [1225 1828]
678 -- [3704  751]
679 -- [1705 4547]
681 -- [3345 1334]
684 -- [4057  216]
690 -- [ 882 3868]
696 -- [1373 2118]
707 -- [1456 4536]
710 -- [ 614 4133]
717 -- [ 358 4515]
720 -- [1109 3245]
722 -- [2012 1162]
725 -- [1606 2547]
731 -- [1590 3449]
732 -- [2175 1483]
733 -- [3056 1749]
744 -- [3558  672]
752 -- [ 459 3990]
753 -- [1076 2865]
759 -- [ 278 3832]
762 -- [ 766 1968]
763 -- [ 779 3955]
764 -- [1104 1990]
765 -- [ 823 4306]
766 -- [ 107 3979]
768 -- [4236  153]
770 -- [ 627 4245]
771 -- [ 441 3579]
774 -- [3611 1424]
783 -- [2942 1729]
790 -- [2888  374]
794 -- [1379 4409]
801 -- [3126 1658]
802 -- [1538 4271]
805 -- [2171 1203]
807 -- [ 441 3244]
811 -- [3408 1281]
812 -- [ 941 3560]
818 -- [4027 1351]
819 -- [1478 1828]
820 -- [ 500 4407]
822 -- [3919 1393]
827 -- [4212  622]
831 -- [3920 1408]
836 -- [3166  957]
837 -- [3984 1234]
839 -- [1715 1936]
840 -- [3833   41]
843 -- [1708 2542]
845 -- [ 602 3502]
846 -- [ 461 4165]
849 -- [ 286 1977]
850 -- [ 841 1965]
852 -- [3032 1038]
854 -- [1411 2416]
863 -- [1545 2395]
868 -- [  60 2284]
870 -- [1205 2787]
873 -- [3761  235]
874 -- [ 471 3132]
880 -- [4234  214]
881 -- [4551  867]
885 -- [2307 1399]
887 -- [2642  325]
889 -- [1333 3332]
894 -- [1536 1969]
895 -- [2618  605]
897 -- [ 985 2510]
900 -- [1557 2669]
901 -- [1686 3425]
902 -- [4363  458]
907 -- [ 121 3430]
909 -- [2773  214]
910 -- [1568 2131]
911 -- [4397 1759]
912 -- [ 484 3863]
915 -- [ 544 1824]
916 -- [2557  838]
918 -- [ 234 3996]
922 -- [1388 2947]
933 -- [ 638 2461]
939 -- [ 701 3360]
940 -- [3064 1316]
942 -- [ 906 3213]
943 -- [3074 1550]
944 -- [3893  399]
945 -- [1973  621]
946 -- [4002  138]
947 -- [1310 3664]
950 -- [1037 2421]
951 -- [  98 3911]
952 -- [ 486 2496]
963 -- [2190  426]
969 -- [ 148 3064]
975 -- [1933  858]
980 -- [ 838 2930]
983 -- [1695 3787]
985 -- [4594 1502]
988 -- [3413  231]
990 -- [4143 1453]
992 -- [1435 4357]
999 -- [ 174 2713]
1000 -- [2876  542]
1001 -- [ 453 2472]
1013 -- [1865  481]
1021 -- [3309 1322]
1022 -- [  78 1929]
1027 -- [2718  515]
1029 -- [3485 1111]
1030 -- [1735 2561]
1031 -- [1492 2290]
1032 -- [4259 1149]
1034 -- [ 378 3402]
1037 -- [1562 2757]
1038 -- [ 868 4241]
1039 -- [2156  247]
1040 -- [2137  228]
1044 -- [4321 1028]
1050 -- [ 683 3664]
1056 -- [3518   54]
1059 -- [1321 1920]
1064 -- [ 300 3779]
1066 -- [1623 3876]
1067 -- [3631 1488]
1068 -- [1497 3389]
1071 -- [ 714 3268]
1074 -- [3202  792]
1075 -- [1695 3538]
1076 -- [2215  992]
1080 -- [ 166 3024]
1083 -- [ 744 3404]
1085 -- [1636 4092]
1086 -- [4348 1723]
1089 -- [3214  125]
1092 -- [4329  770]
1094 -- [ 594 4474]
1096 -- [1550 3904]
1098 -- [ 827 4169]
1103 -- [ 852 3879]
1105 -- [ 464 4476]
1107 -- [ 899 2732]
1111 -- [   3 2667]
1112 -- [1498 4126]
1113 -- [ 675 3177]
1119 -- [ 464 2817]
1130 -- [3662 1478]
1140 -- [4435 1734]
1149 -- [ 674 2907]
1151 -- [2304  572]
1152 -- [2943   15]
1162 -- [2679   20]
1172 -- [ 146 4387]
1175 -- [2862  841]
1178 -- [ 793 4134]
1183 -- [ 875 2786]
1192 -- [3740  715]
1193 -- [1796 1985]
1197 -- [1602 2900]
1200 -- [1412 3744]
1201 -- [ 655 4184]
1205 -- [ 867 2935]
1213 -- [ 745 2900]
1215 -- [2830  128]
1217 -- [3061 1736]
1220 -- [4454  484]
1221 -- [1624 2073]
1223 -- [2017    4]
1224 -- [1411 2502]
1229 -- [1368 2797]
1230 -- [1863 1274]
1234 -- [ 490 2586]
1235 -- [1668 3429]
1237 -- [4256  655]
1248 -- [3777  683]
1250 -- [ 391 3074]
1252 -- [2854 1389]
1259 -- [1490 2728]
1263 -- [ 273 4335]
1265 -- [4400 1739]
1269 -- [ 211 2238]
1273 -- [3407  985]
1276 -- [3239  236]
1277 -- [  50 3067]
1279 -- [1111 2104]
1286 -- [  28 3066]
1288 -- [  67 3618]
1296 -- [3678 1429]
1300 -- [ 166 2622]
1302 -- [2672   57]
1305 -- [3969 1490]
1307 -- [1044 2745]
1309 -- [ 324 4248]
1311 -- [3064 1375]
1313 -- [2535  215]
1314 -- [ 751 3642]
1319 -- [1382 3621]
1320 -- [2474  351]
1332 -- [3778  102]
1333 -- [ 432 4300]
1335 -- [ 958 3393]
1338 -- [2639  903]
1340 -- [ 751 2706]
1345 -- [2149  609]
1347 -- [ 620 4398]
1350 -- [3603  666]
1353 -- [ 100 3562]
1364 -- [1694 3445]
1365 -- [3749  289]
1367 -- [1039 4091]
1369 -- [2064 1646]
1371 -- [2052  472]
1373 -- [2199 1371]
1375 -- [3918  436]
1382 -- [  20 2525]
1393 -- [3905 1373]
1395 -- [4036 1685]
1397 -- [4133 1392]
1400 -- [1287 2964]
1401 -- [1071 2542]
1407 -- [1916 1371]
1408 -- [ 444 2288]
1411 -- [1038 2443]
1414 -- [1145 3290]
1420 -- [1865  858]
1422 -- [4445  648]
1423 -- [3849  560]
1425 -- [1746 3887]
1426 -- [2918 1224]
1427 -- [1668 4136]
1433 -- [4105  233]
1434 -- [2918   65]
1438 -- [2507 1711]
1443 -- [1710 2499]
1446 -- [1617 3574]
1448 -- [2111  599]
1460 -- [3816 1663]
1461 -- [3283  899]
1464 -- [1070 2459]
1467 -- [4347 1774]
1469 -- [3749  492]
1470 -- [2171  669]
1472 -- [ 460 4408]
1473 -- [2976 1429]
1474 -- [1869  228]
1475 -- [1951  705]
1481 -- [3908 1749]
1484 -- [ 601 2257]
1486 -- [3219 1623]
1490 -- [1715 3478]
1491 -- [4597 1091]
1492 -- [ 543 2804]
1493 -- [3143  739]
1497 -- [1747 1854]
1500 -- [2574  843]
1501 -- [3539 1305]
1502 -- [3326 1598]
1504 -- [1492 4564]
1509 -- [  78 2843]
1510 -- [3286  515]
1512 -- [1593 2779]
1516 -- [ 645 3921]
1521 -- [ 588 3557]
1523 -- [3097 1623]
1527 -- [1189 3546]
1535 -- [3935   61]
1539 -- [ 969 4107]
1541 -- [3134  331]
1550 -- [ 417 4450]
1553 -- [ 627 2608]
1554 -- [ 867 2244]
1555 -- [ 867 4582]
1557 -- [ 353 4012]
1560 -- [2191  166]
1561 -- [1008 2946]
1563 -- [3263 1334]
1564 -- [3061 1723]
1565 -- [2809  403]
1567 -- [1201 3712]
1571 -- [1557 3607]
1572 -- [2318  596]
1573 -- [4287  940]
1577 -- [2116 1029]
1578 -- [ 590 3977]
1579 -- [1270 1833]
1582 -- [ 945 2105]
1587 -- [2400 1088]
1588 -- [4186 1762]
1590 -- [2438  770]
1594 -- [2621 1446]
1596 -- [2641  876]
1605 -- [1321 2817]
1606 -- [1854  402]
1607 -- [3815 1502]
1610 -- [3660  471]
1616 -- [1297 2984]
1617 -- [ 214 4147]
1625 -- [3512  330]
1627 -- [1809 4064]
1630 -- [2027  439]
1635 -- [ 495 2177]
1636 -- [3400 1024]
1646 -- [4021  599]
1648 -- [2164  997]
1650 -- [ 836 1825]
1651 -- [3581 1736]
1657 -- [ 867 3603]
1659 -- [ 331 3676]
1660 -- [2822  770]
1666 -- [1537 1955]
1668 -- [3041 1691]
1669 -- [ 355 1970]
1670 -- [1330 3388]
1671 -- [2828  795]
1674 -- [3586 1740]
1677 -- [ 594 3722]
1680 -- [3264 1282]
1685 -- [3383 1005]
1686 -- [4233 1509]
1687 -- [1516 2910]
1690 -- [ 173 2707]
1691 -- [2452  747]
1693 -- [ 766 2099]
1701 -- [3894 1728]
1703 -- [1057 2251]
1705 -- [ 827 4248]
1706 -- [ 838 4010]
1707 -- [1205 4194]
1712 -- [2511   41]
1714 -- [1959  235]
1716 -- [1543 4486]
1718 -- [1668 2954]
1724 -- [2490 1540]
1725 -- [  28 3053]
1727 -- [3339 1496]
1734 -- [1502 1818]
1735 -- [   7 4158]
1741 -- [1802 3449]
1743 -- [1658 3489]
1746 -- [ 699 2056]
1748 -- [ 500 3163]
1753 -- [4518  624]
1760 -- [1977  974]
1762 -- [ 493 2441]
1764 -- [4576  913]
1766 -- [3618  770]
1767 -- [ 375 1822]
1770 -- [3336 1623]
1771 -- [1174 4518]
1772 -- [4405  759]
1780 -- [1786 2468]
1784 -- [3993  946]
1785 -- [1333 2053]
1789 -- [3612  441]
1792 -- [1446 2488]
1793 -- [4091  125]
1795 -- [ 946 4377]
1804 -- [ 770 3653]
1806 -- [ 909 1833]
1810 -- [1493 3022]
1812 -- [1490 4513]
1817 -- [1950  839]
1828 -- [2886  341]
1831 -- [  95 3737]
1843 -- [1682 2899]
1846 -- [1129 2946]
1856 -- [  36 3099]
1862 -- [2188 1630]
1863 -- [1401 4382]
1868 -- [1292 4422]
1870 -- [1254 2819]
1871 -- [1209 3789]
1874 -- [1389 3033]
1876 -- [ 792 3495]
1877 -- [3735 1630]
1879 -- [ 375 2598]
1880 -- [1990 1484]
1884 -- [2431 1782]
1885 -- [ 354 3711]
1887 -- [ 805 2858]
1894 -- [1848 1668]
1895 -- [2343 1717]
1906 -- [ 855 3946]
1917 -- [ 452 2534]
1918 -- [3573 1417]
1925 -- [3904  166]
1935 -- [ 514 1872]
1950 -- [1162 3648]
1956 -- [4171 1104]
1958 -- [1531 2494]
1959 -- [2425 1226]
1960 -- [2285 1073]
1962 -- [1646 3604]
1967 -- [ 111 3614]
1968 -- [ 469 2563]
1970 -- [1874  110]
1974 -- [4505 1171]
1981 -- [2928  766]
1986 -- [ 135 4288]
1990 -- [3330    5]
1993 -- [2480 1676]
1996 -- [ 750 3071]
2008 -- [ 958 4176]
2010 -- [1182 3798]
2011 -- [2227  586]
2012 -- [ 676 2121]
2014 -- [3354  624]
2015 -- [2545 1314]
2017 -- [3321  913]
2019 -- [4336 1751]
2021 -- [2012 1746]
2026 -- [ 251 4505]
2027 -- [3147 1336]
2031 -- [ 747 2910]
2032 -- [  35 2597]
2033 -- [1537 1992]
2035 -- [3968 1412]
2038 -- [2894  396]
2054 -- [2263 1205]
2059 -- [1905 1453]
2061 -- [3520 1689]
2062 -- [ 298 2119]
2063 -- [4075 1258]
2064 -- [1674 2010]
2066 -- [  22 3303]
2068 -- [4144 1740]
2072 -- [1717 4306]
2074 -- [  22 2416]
2087 -- [3705 1741]
2090 -- [2241 1506]
2092 -- [4002  407]
2093 -- [ 337 2159]
2094 -- [ 723 4454]
2095 -- [1589 3867]
2096 -- [ 606 2866]
2098 -- [2736  113]
2101 -- [3050  759]
2105 -- [2251 1438]
2110 -- [ 310 2876]
2113 -- [ 138 2706]
2114 -- [3514  194]
2115 -- [1519 3222]
2118 -- [ 500 2633]
2122 -- [2826  444]
2124 -- [3304  948]
2128 -- [4515  738]
2134 -- [2476 1726]
2136 -- [3526 1347]
2147 -- [ 946 3194]
2149 -- [1024 3504]
2150 -- [4582  606]
2151 -- [3749 1433]
2152 -- [2643  804]
2153 -- [1113 2921]
2154 -- [ 104 2069]
2156 -- [3272  877]
2157 -- [ 151 3433]
2161 -- [ 957 2017]
2163 -- [3791  518]
2164 -- [ 317 2378]
2166 -- [2508 1665]
2168 -- [3905  904]
2169 -- [ 809 2738]
2174 -- [3298 1658]
2175 -- [ 868 3946]
2176 -- [1408 4551]
2181 -- [ 111 3553]
2183 -- [ 305 1993]
2184 -- [1453 4270]
2193 -- [3164  958]
2196 -- [1665 2740]
2197 -- [1354 4280]
2198 -- [ 439 2112]
2201 -- [3158 1563]
2202 -- [ 283 2917]
2211 -- [4172  325]
2215 -- [ 596 3896]
2217 -- [4461  187]
2219 -- [4458  492]
2221 -- [ 631 2459]
2224 -- [4008 1400]
2227 -- [2718   60]
2233 -- [ 538 2797]
2236 -- [1973 1255]
2238 -- [4383 1593]
2240 -- [ 103 4583]
2244 -- [ 357 2700]
2247 -- [2964 1401]
2249 -- [4302  883]
2252 -- [3909  728]
2255 -- [2586    3]
2260 -- [3401  913]
2262 -- [1111 3561]
2265 -- [4482  613]
2268 -- [1645 4341]
2271 -- [4207  144]
2273 -- [2932 1323]
2278 -- [1351 4570]
2280 -- [1537 4008]
2282 -- [ 929 4218]
2286 -- [ 173 3342]
2289 -- [4136 1484]
2292 -- [1623 3342]
2298 -- [3207  774]
2301 -- [ 982 2121]
2303 -- [ 476 2654]
2304 -- [1400 1991]
2311 -- [2052 1716]
2313 -- [3217  684]
2315 -- [ 547 3429]
2319 -- [2227 1430]
2322 -- [ 620 2312]
2324 -- [1538 2989]
2325 -- [1690 4549]
2327 -- [3159   31]
2330 -- [ 795 4366]
2332 -- [ 459 4376]
2333 -- [3202  357]
2336 -- [ 588 3502]
2337 -- [3992  738]
2340 -- [2695  620]
2341 -- [2388 1267]
2343 -- [3455   33]
2345 -- [1096 3420]
2346 -- [2197  846]
2350 -- [3870 1623]
2351 -- [2180  298]
2354 -- [4209  793]
2356 -- [1675 2006]
2357 -- [ 339 2378]
2359 -- [3337  560]
2364 -- [3577  568]
2368 -- [ 677 1969]
2373 -- [1897 1400]
2375 -- [4190  427]
2378 -- [4270  317]
2381 -- [2112 1067]
2385 -- [2257 1580]
2388 -- [ 255 3331]
2391 -- [3158  627]
2395 -- [4154  155]
2401 -- [2308  631]
2403 -- [1893 1615]
2404 -- [2359 1535]
2405 -- [2686 1577]
2407 -- [2173   98]
2411 -- [1983  655]
2412 -- [ 247 3153]
2417 -- [2652  235]
2425 -- [2876  498]
2426 -- [3779  246]
2430 -- [3092  434]
2433 -- [4106  166]
2440 -- [3234  427]
2443 -- [ 343 2400]
2445 -- [3900 1740]
2448 -- [ 617 4225]
2449 -- [2010 1615]
2456 -- [1293 4363]
2457 -- [4350  316]
2459 -- [1631 4439]
2472 -- [2485 1658]
2477 -- [ 792 2835]
2483 -- [ 280 2118]
2490 -- [3779  845]
2492 -- [3495 1700]
2498 -- [1044 2268]
2499 -- [3996 1534]
2500 -- [ 694 3574]
2504 -- [2060  399]
2508 -- [4454   12]
2511 -- [4280 1318]
2517 -- [ 327 3916]
2520 -- [ 720 2056]
2525 -- [ 624 1858]
2527 -- [1790 3407]
2530 -- [2630  622]
2532 -- [ 460 3197]
2535 -- [1798 3526]
2538 -- [1748 4111]
2545 -- [3909 1690]
2551 -- [1457 2858]
2554 -- [1027 2557]
2556 -- [2027  187]
2559 -- [ 378 2848]
2560 -- [2963   17]
2565 -- [ 592 2309]
2571 -- [2147  584]
2575 -- [3940  592]
2576 -- [  11 3652]
2581 -- [ 361 2131]
2585 -- [  28 2375]
2588 -- [ 845 1872]
2592 -- [3520  779]
2594 -- [3714 1149]
2597 -- [1694 2938]
2601 -- [3251  522]
2603 -- [ 453 3069]
2607 -- [2006 1396]
2617 -- [3027 1170]
2618 -- [3969 1321]
2619 -- [4414  759]
2620 -- [2087 1313]
2624 -- [ 206 3089]
2626 -- [4375 1070]
2627 -- [ 716 3507]
2637 -- [ 624 3677]
2640 -- [4012 1657]
2645 -- [2580  439]
2647 -- [ 893 3699]
2648 -- [3041  393]
2652 -- [1117 4353]
2661 -- [3968  327]
2662 -- [4387 1692]
2668 -- [ 236 1840]
2672 -- [1674 1960]
2674 -- [ 446 2887]
2680 -- [2626 1715]
2685 -- [ 999 3546]
2686 -- [1516 1814]
2693 -- [3505  277]
2694 -- [2800 1037]
2696 -- [4381  324]
2698 -- [1110 4433]
2699 -- [3793  648]
2700 -- [ 633 1852]
2703 -- [4084 1110]
2706 -- [3508 1639]
2709 -- [2085  108]
2713 -- [ 709 2080]
2714 -- [3981 1605]
2728 -- [1260 2147]
2734 -- [ 301 2456]
2737 -- [ 946 4477]
2739 -- [1455 4124]
2742 -- [4025  119]
2754 -- [2753  161]
2756 -- [1872  760]
2759 -- [2817  496]
2762 -- [ 469 3496]
2763 -- [2221 1677]
2764 -- [1150 2660]
2768 -- [1888  260]
2772 -- [ 600 2147]
2777 -- [2920 1388]
2778 -- [4395  166]
2782 -- [1871  437]
2783 -- [3648  111]
2785 -- [ 611 3073]
2788 -- [4592  588]
2789 -- [1493 2118]
2790 -- [4564 1517]
2791 -- [3769  453]
2793 -- [3810  875]
2794 -- [  53 3279]
2796 -- [1027 4201]
2801 -- [2760  210]
2807 -- [1590 3449]
2814 -- [ 957 2051]
2815 -- [1663 3403]
2820 -- [1484 3178]
2824 -- [3026  738]
2829 -- [3123 1790]
2830 -- [1686 3069]
2831 -- [2566  288]
2832 -- [ 945 3374]
2841 -- [2993  148]
2842 -- [3105  677]
2844 -- [2066 1150]
2845 -- [2178  933]
2855 -- [4454  419]
2861 -- [2496   32]
2867 -- [ 257 4177]
2870 -- [2371  103]
2872 -- [2857 1019]
2874 -- [ 107 2306]
2878 -- [3744  913]
2891 -- [2573 1501]
2895 -- [2305  450]
2896 -- [1647 2147]
2900 -- [ 596 3017]
2901 -- [1109 2194]
2904 -- [1388 1853]
2907 -- [  58 4357]
2909 -- [4219  914]
2910 -- [2061   47]
2915 -- [3269  896]
2916 -- [2683 1063]
2918 -- [2705 1511]
2926 -- [2308  968]
2927 -- [4469 1802]
2929 -- [4471 1004]
2930 -- [ 468 2520]
2936 -- [4370  173]
2938 -- [1633 3918]
2948 -- [1453 2036]
2951 -- [3573 1660]
2954 -- [2729   20]
2955 -- [ 899 1863]
2956 -- [3678 1457]
2959 -- [  98 2345]
2961 -- [2984  957]
2963 -- [1690 3178]
2964 -- [ 865 4520]
2965 -- [4546 1419]
2966 -- [1239 2841]
2968 -- [2129  716]
2970 -- [2351  355]
2972 -- [3707 1585]
2977 -- [ 578 2154]
2979 -- [3901  743]
2980 -- [3571 1400]
2981 -- [ 967 2865]
2992 -- [3501   34]
2993 -- [1072 2534]
2994 -- [1441 3251]
2995 -- [3176  957]
3001 -- [1734 3401]
3003 -- [3744  308]
3009 -- [4104  144]
3010 -- [ 725 3188]
3011 -- [3954  725]
3016 -- [3671 1593]
3018 -- [4195 1175]
3019 -- [ 781 2823]
3022 -- [3011  592]
3025 -- [2259 1080]
3026 -- [ 543 3469]
3029 -- [  11 3247]
3030 -- [ 983 3073]
3031 -- [1447 4155]
3032 -- [3810 1326]
3035 -- [1009 3505]
3041 -- [3123  590]
3044 -- [3440 1802]
3050 -- [2183 1287]
3057 -- [  74 3510]
3060 -- [1714 2312]
3062 -- [ 589 2958]
3067 -- [4478  210]
3070 -- [ 498 3864]
3071 -- [3211  578]
3075 -- [4053 1327]
3078 -- [ 474 2116]
3085 -- [3493 1645]
3086 -- [ 886 4392]
3087 -- [ 617 2399]
3089 -- [1745 3670]
3091 -- [ 114 3170]
3092 -- [  50 2924]
3093 -- [1014 4064]
3094 -- [3271 1334]
3099 -- [2668 1488]
3100 -- [2946  794]
3108 -- [ 378 2041]
3111 -- [2087  569]
3115 -- [2047  617]
3119 -- [ 875 3795]
3123 -- [3174 1567]
3133 -- [2303   67]
3134 -- [  41 2571]
3140 -- [4355  756]
3142 -- [1022 2756]
3146 -- [ 153 2430]
3149 -- [4213 1393]
3151 -- [3468 1478]
3152 -- [3653  823]
3153 -- [2328  619]
3156 -- [1334 2182]
3159 -- [4205  845]
3160 -- [ 364 3345]
3165 -- [3400  417]
3168 -- [3563  705]
3169 -- [3478   36]
3171 -- [1566 3476]
3172 -- [1412 3310]
3174 -- [ 422 4178]
3177 -- [ 557 4155]
3180 -- [ 739 2109]
3182 -- [3995  255]
3186 -- [ 247 2316]
3195 -- [ 476 3347]
3196 -- [3207  932]
3199 -- [1333 3794]
3200 -- [3686 1705]
3203 -- [1700 3187]
3222 -- [3787 1623]
3223 -- [1536 4046]
3224 -- [3410  460]
3225 -- [ 426 2045]
3226 -- [ 876 3057]
3227 -- [  23 2842]
3229 -- [4011  283]
3232 -- [2408  461]
3233 -- [2223  856]
3236 -- [1495 2425]
3237 -- [3615   10]
3239 -- [3572  896]
3240 -- [ 671 1909]
7 -time: 0.02229 -dim: (11172, 2)
8 -time: 0.00014 -dim: (7, 57)
9 -time: 4.10693 -dim: (1835400, 3)
10 -time: 5.82558 -dim: (1730141, 3)
11_12 -time: 0.20066 -dim: [110424, 2]
13 -time: 0.07924 -dim: (36808, 4)
14_15 -time: 0.03615 -dim: [798, 2]
16 -time: 0.00003 -dim: (0, 2)
17_18 -time: 0.39775 -dim: [73616, 3]
19 -time: 0.00011 -dim: (1, 1)
20 -time: 0.24071 -dim: (0, 4601)
21 -time: 0.00081 -dim: (1, 4601)
22 -time: 0.00007 -dim: (3244, 3)
23 -time: 0.00004 -dim: (3244, 3)
24 -time: 0.00004 -dim: (0, 5)
25 -time: 0.00008 -dim: (3657, 3)
26 -time: 0.00005 -dim: (3657, 3)
smtPr 22-26 -time: 0.02218 -dim: nan
slvr_header -time: 1.91427 -dim: nan
*solver* -time: 900.11645 -dim: nan
res_read -time: 0.07595 -dim: nan
-- SUM CL TIME: 10.93286          |  SUM other TIME: 902.10667          |  SUM TIME: 913.03953
