num branch_node: 7
num leaf_node: 8
num feature: 57
tree_depth: 3
num label: 2
nDC: 2432

***variables
a: 1 - 399 -> 399
s: 400 - 32606 -> 32207
z: 32607 - 69414 -> 36808
g: 69415 - 69430 -> 16
x: 69431 - 78632 -> 9202
ml: 78633 - 82898 -> 4266
cl: 82899 - 86683 -> 3785

variables***
[debug] --> CL ML ratio 3
the cl header --> p wcnf 86683 3822521 15622

timeout 900s ~/SAT_Project/loandra-master/loandra_static -pmreslin-cglim=30 -weight-strategy=1 -print-model -verbosity=1 ./solutions/spam_0.1_mc1.75_s2352_r3/phase_1_clauses_final >./solutions/spam_0.1_mc1.75_s2352_r3/phase_1_loandra_res

Start to read loandra res
*loandra status: SATISFIABLE
-ml sat and violated: 2304 | 1962  | total #ml: 4266 | -violated weight: 1962
4 -- [2715 2444]
10 -- [3271 3692]
11 -- [ 388 1634]
12 -- [2477 2271]
15 -- [1508 1032]
17 -- [2394 3638]
19 -- [2089 2076]
23 -- [154 247]
24 -- [3206 3986]
27 -- [1683 1778]
31 -- [599 664]
35 -- [3381 1957]
36 -- [2110 2490]
38 -- [1705  437]
40 -- [3301 4353]
41 -- [4312 3456]
45 -- [1361  524]
47 -- [ 804 1193]
48 -- [3415 3724]
49 -- [3542 2716]
51 -- [1384  610]
52 -- [3731 4222]
57 -- [3338 3746]
60 -- [3328 3332]
62 -- [4121 3505]
65 -- [4372 3299]
66 -- [ 379 1463]
72 -- [3064 3685]
73 -- [1535 1138]
74 -- [2078 2723]
75 -- [1851 2663]
76 -- [4198 3814]
77 -- [3244 2034]
78 -- [1876 3030]
82 -- [ 828 1103]
83 -- [1938 2938]
84 -- [3334 3996]
88 -- [3009 2786]
89 -- [3454 3928]
90 -- [619 407]
91 -- [251 270]
92 -- [2899 3166]
95 -- [3798 2479]
96 -- [3922 3925]
97 -- [4047 3616]
98 -- [4108 3603]
99 -- [2851 2165]
102 -- [4535 2902]
104 -- [3164 4271]
105 -- [3361 4384]
108 -- [2874 3097]
109 -- [1230  305]
112 -- [3246 1818]
115 -- [1654  233]
116 -- [635   6]
118 -- [ 418 1314]
119 -- [736  54]
120 -- [1798  628]
121 -- [1111  680]
122 -- [3673 2964]
124 -- [138 199]
128 -- [2869 2011]
129 -- [4472 2941]
131 -- [2556 2561]
140 -- [159 686]
141 -- [3177 4547]
142 -- [2137 4562]
143 -- [4013 2521]
144 -- [3761 2780]
149 -- [1405  189]
150 -- [3291 4355]
153 -- [4028 4551]
154 -- [2415 2926]
156 -- [3108 2135]
157 -- [  57 1229]
161 -- [1601 1048]
165 -- [2016 4514]
166 -- [3432 3933]
167 -- [3718 3930]
171 -- [4520 3109]
173 -- [2095 3622]
174 -- [4472 3464]
176 -- [3633 2071]
177 -- [1760  233]
180 -- [1914 4536]
181 -- [3584 4308]
185 -- [1647  899]
186 -- [2087 1927]
187 -- [3050 4215]
188 -- [1754 1258]
190 -- [505 346]
193 -- [2524 2574]
197 -- [3272 3564]
198 -- [2799 4046]
199 -- [3916 2594]
200 -- [884 825]
201 -- [  57 1025]
202 -- [742 193]
203 -- [2278 1853]
204 -- [2381 2554]
212 -- [4015 2319]
213 -- [294 742]
214 -- [4218 3511]
215 -- [2421 4588]
219 -- [1723  116]
226 -- [4568 4009]
228 -- [4137 3235]
230 -- [3304 3700]
232 -- [4278 4185]
233 -- [403  26]
235 -- [3141 4189]
236 -- [1983 2958]
242 -- [2961 2277]
243 -- [2776 1984]
245 -- [4369 2393]
246 -- [3430 4519]
248 -- [3614 2045]
250 -- [4033 4150]
253 -- [3989 3260]
255 -- [2291 3995]
256 -- [212 429]
258 -- [4383 2469]
260 -- [4524 1930]
266 -- [2275 2314]
270 -- [1399 1317]
271 -- [ 253 1325]
273 -- [723 646]
275 -- [2838 2416]
280 -- [4268 3982]
281 -- [1476  894]
284 -- [2680 2838]
285 -- [4416 3034]
287 -- [2834 3748]
288 -- [ 703 1656]
291 -- [4347 4099]
297 -- [3730 3741]
298 -- [4017 3467]
300 -- [ 650 1559]
301 -- [2827 4435]
302 -- [1187  380]
303 -- [552 269]
305 -- [1299 1224]
306 -- [ 998 1410]
307 -- [4338 4079]
308 -- [1578 1307]
309 -- [1227 1292]
310 -- [2793 3174]
312 -- [2188 3158]
313 -- [3737 4308]
319 -- [2950 2538]
321 -- [1791 1626]
323 -- [2005 2973]
328 -- [3424 3065]
331 -- [2664 2232]
336 -- [873 588]
337 -- [4445 2323]
339 -- [2030 3767]
340 -- [3241 4010]
341 -- [4040 4467]
343 -- [4339 3565]
346 -- [3731 3541]
347 -- [2171 3059]
348 -- [2504 1902]
353 -- [463 969]
355 -- [3923 4128]
356 -- [3188 4446]
358 -- [2655 2330]
359 -- [3662 2757]
364 -- [2581 3108]
365 -- [1529  740]
366 -- [2978 2649]
368 -- [2927 2171]
369 -- [3526 3593]
371 -- [654   6]
373 -- [1929 3100]
376 -- [2691 1947]
377 -- [2876 3453]
381 -- [ 852 1421]
382 -- [3562 4291]
384 -- [1467 1735]
387 -- [3842 2452]
390 -- [3292 3427]
391 -- [3071 4164]
394 -- [3143 2997]
395 -- [2144 2304]
397 -- [ 49 750]
399 -- [3530 3393]
400 -- [2176 3425]
401 -- [220 376]
402 -- [3408 1886]
406 -- [3293 4061]
408 -- [4195 2532]
409 -- [1338 1604]
410 -- [ 987 1497]
411 -- [ 110 1608]
412 -- [3108 3191]
414 -- [803 209]
422 -- [232 782]
423 -- [3014 4502]
424 -- [3345 3375]
429 -- [4173 3185]
431 -- [1329  710]
434 -- [611 634]
435 -- [2804 3738]
436 -- [1213 1178]
439 -- [1803 1721]
442 -- [2940 3360]
443 -- [4166 3280]
445 -- [1175 1307]
449 -- [1159  157]
450 -- [ 423 1543]
451 -- [2323 2141]
454 -- [1428  331]
455 -- [4348 4198]
456 -- [2995 3665]
457 -- [2064 2534]
458 -- [1876 2344]
459 -- [2428 2566]
462 -- [ 299 1467]
465 -- [3945 3922]
466 -- [3841 2689]
467 -- [2059 2574]
468 -- [ 412 1205]
470 -- [ 480 1178]
473 -- [1914 2042]
477 -- [2417 2852]
478 -- [4277 4545]
486 -- [3881 2420]
489 -- [1469  390]
490 -- [ 825 1295]
491 -- [1641 1481]
492 -- [4246 1972]
493 -- [4118 2403]
497 -- [2492 3706]
505 -- [2465 2841]
506 -- [ 119 1273]
507 -- [402 459]
508 -- [2362 4235]
509 -- [4363 2661]
510 -- [3428 2963]
518 -- [4443 3778]
519 -- [ 789 1105]
520 -- [ 357 1387]
521 -- [403 525]
524 -- [3023 2791]
525 -- [852 543]
526 -- [2073 2075]
527 -- [2295 4576]
531 -- [2826 2959]
535 -- [2532 2890]
538 -- [2016 4289]
541 -- [403 620]
544 -- [1051  874]
545 -- [2382 4341]
548 -- [1986 1934]
554 -- [4012 3696]
555 -- [3439 2368]
560 -- [3278 2308]
562 -- [1954 2567]
563 -- [3213 2828]
569 -- [4517 3332]
570 -- [388 731]
571 -- [1610 1502]
576 -- [4359 4019]
579 -- [2177 1890]
580 -- [2840 4232]
581 -- [3795 2696]
582 -- [4312 2105]
583 -- [1425 1677]
587 -- [3859 2267]
588 -- [2463 2334]
591 -- [3611 2005]
593 -- [1951 3156]
594 -- [3996 2183]
598 -- [3325 2649]
600 -- [592 117]
603 -- [4001 2759]
604 -- [3289 4076]
605 -- [1531 1404]
606 -- [ 914 1443]
608 -- [4163 3358]
609 -- [3768 2712]
611 -- [442 246]
614 -- [3662 4416]
615 -- [786 324]
616 -- [2010 2489]
618 -- [1469 1284]
619 -- [3929 3822]
623 -- [3775 2701]
624 -- [241 781]
625 -- [1495 1031]
628 -- [ 719 1545]
632 -- [2643 4239]
636 -- [2776 2442]
637 -- [4485 3067]
638 -- [2701 3834]
641 -- [ 634 1687]
644 -- [1734 1716]
646 -- [3957 2613]
648 -- [3616 4553]
650 -- [3703 3797]
651 -- [304 886]
653 -- [2163 2588]
655 -- [2820 2598]
657 -- [2322 2874]
658 -- [2063 3344]
659 -- [2244 2253]
664 -- [4527 2088]
665 -- [2390 3894]
666 -- [1058  441]
668 -- [1154  935]
669 -- [3974 3235]
671 -- [3663 3092]
673 -- [2742 3823]
674 -- [4293 2456]
676 -- [2112 3267]
679 -- [2149 3301]
680 -- [2540 4411]
685 -- [699 271]
686 -- [1367  426]
689 -- [3352 2237]
690 -- [2920 3864]
691 -- [714 200]
692 -- [3765 4259]
693 -- [ 233 1540]
697 -- [2631 4442]
698 -- [1466 1339]
699 -- [3452 1979]
702 -- [3019 3414]
703 -- [2323 3897]
705 -- [3499 3821]
710 -- [3251 3594]
711 -- [1599 1110]
714 -- [1056  519]
717 -- [3765 3829]
718 -- [3418 2451]
721 -- [ 405 1191]
724 -- [4265 2797]
726 -- [3292 3633]
727 -- [2954 1841]
729 -- [930 703]
730 -- [1908 2362]
732 -- [282 743]
734 -- [1173 1433]
736 -- [4221 4054]
740 -- [1162 1515]
742 -- [2138 2418]
744 -- [4033 3589]
746 -- [4241 1846]
747 -- [1445   81]
749 -- [880 110]
750 -- [982 623]
751 -- [2680 1897]
753 -- [2353 2809]
754 -- [1529  831]
758 -- [2507 3190]
762 -- [2156 2660]
771 -- [4489 2027]
772 -- [3533 2631]
773 -- [2310 2807]
775 -- [3441 2830]
777 -- [2614 4108]
782 -- [1969 3510]
783 -- [3228 2157]
785 -- [3782 4030]
789 -- [2544 3512]
791 -- [3714 3737]
793 -- [4229 4016]
795 -- [ 869 1159]
796 -- [2175 2318]
799 -- [3780 4432]
800 -- [2313 4548]
805 -- [2243 4028]
806 -- [3376 4384]
807 -- [4358 3026]
808 -- [2758 2751]
809 -- [2651 3570]
810 -- [3618 2600]
811 -- [2134 4102]
814 -- [3192 2113]
816 -- [1591 1219]
818 -- [3797 2513]
820 -- [1354 1761]
822 -- [3024 2317]
826 -- [1818 3374]
827 -- [4297 2853]
828 -- [4295 1903]
830 -- [2147 4087]
833 -- [2770 4004]
834 -- [1415 1512]
836 -- [749 676]
839 -- [ 488 1461]
842 -- [4590 2424]
844 -- [3823 4579]
845 -- [978 131]
848 -- [2096 3887]
850 -- [3738 4346]
851 -- [2032 3160]
856 -- [3273 2606]
857 -- [4028 2405]
859 -- [2459 1981]
860 -- [2673 4069]
864 -- [3109 3875]
865 -- [1365 1783]
867 -- [4153 3170]
868 -- [2971 2818]
869 -- [4459 2718]
871 -- [ 915 1693]
873 -- [1377 1062]
876 -- [3243 2117]
879 -- [4462 2662]
883 -- [2038 3213]
885 -- [3480 1834]
886 -- [1934 4260]
887 -- [3273 2343]
891 -- [ 626 1234]
892 -- [895  48]
893 -- [4378 2915]
894 -- [3960 3505]
895 -- [1532  130]
900 -- [1523  605]
902 -- [3519 3160]
903 -- [1901 2508]
908 -- [2200 1936]
909 -- [963 587]
912 -- [3759 4391]
913 -- [3120 2552]
916 -- [2474 4312]
917 -- [4401 2394]
918 -- [2513 2743]
920 -- [2176 3058]
921 -- [4253 3277]
922 -- [4527 1854]
924 -- [1245  550]
926 -- [1342  263]
930 -- [2830 2077]
932 -- [1658  168]
933 -- [184 628]
937 -- [2423 3763]
938 -- [ 564 1763]
941 -- [3918 3853]
945 -- [3575 2526]
947 -- [3846 4108]
948 -- [2873 3688]
949 -- [ 104 1549]
951 -- [401 319]
955 -- [146  21]
958 -- [3617 1951]
959 -- [2708 1860]
960 -- [3517 3515]
961 -- [ 967 1172]
962 -- [198 435]
963 -- [1314  711]
972 -- [2837 3173]
975 -- [ 861 1655]
976 -- [4234 3947]
977 -- [2018 4305]
978 -- [1952 3464]
979 -- [4138 4034]
980 -- [1455 1254]
981 -- [3877 2876]
983 -- [2315 3405]
987 -- [1614  377]
989 -- [3294 3389]
990 -- [4415 3009]
992 -- [4022 2813]
993 -- [1511  540]
994 -- [2811 3150]
997 -- [3238 2314]
998 -- [1219 1476]
999 -- [3382 4072]
1002 -- [3229 4338]
1003 -- [4112 3694]
1004 -- [2695 2322]
1005 -- [2081 2778]
1006 -- [ 852 1682]
1009 -- [2442 2231]
1011 -- [987 812]
1014 -- [4421 3652]
1016 -- [4177 3976]
1017 -- [2580 4056]
1018 -- [4351 2572]
1020 -- [3362 2237]
1021 -- [3617 2996]
1022 -- [4252 4521]
1025 -- [1643 1463]
1028 -- [2954 4392]
1035 -- [4186 2114]
1036 -- [1305 1716]
1037 -- [2175 4357]
1040 -- [ 614 1665]
1041 -- [3929 4210]
1042 -- [2557 3164]
1044 -- [4264 4134]
1048 -- [3396 1857]
1049 -- [1292 1032]
1050 -- [3958 1821]
1056 -- [485 905]
1058 -- [295 208]
1060 -- [2226 1895]
1062 -- [1092  605]
1065 -- [3317 2855]
1066 -- [ 35 716]
1067 -- [431 677]
1068 -- [3698 3863]
1072 -- [4055 2523]
1074 -- [2553 3621]
1075 -- [2084 2505]
1077 -- [4145 2388]
1078 -- [ 254 1058]
1079 -- [4554 4177]
1080 -- [2582 2902]
1085 -- [2177 2250]
1087 -- [2431 3323]
1091 -- [1182 1205]
1092 -- [ 662 1499]
1093 -- [2136 4533]
1094 -- [1514  540]
1095 -- [1508  732]
1096 -- [625 810]
1097 -- [3892 2966]
1099 -- [1612   74]
1101 -- [773 273]
1103 -- [2300 4339]
1104 -- [2044 2565]
1109 -- [3298 2400]
1110 -- [4384 3409]
1111 -- [1130 1457]
1113 -- [1858 4311]
1116 -- [1199 1425]
1118 -- [2411 3714]
1119 -- [2651 4281]
1120 -- [2103 4529]
1121 -- [3966 2812]
1122 -- [3735 4117]
1123 -- [4199 2801]
1124 -- [4010 4175]
1129 -- [659 974]
1131 -- [3087 3186]
1133 -- [3227 4233]
1134 -- [ 357 1289]
1135 -- [2884 4332]
1137 -- [2347 3180]
1140 -- [1502 1341]
1142 -- [3944 4541]
1148 -- [2082 1843]
1150 -- [ 886 1595]
1152 -- [ 27 140]
1153 -- [1402 1236]
1155 -- [3501 2464]
1159 -- [1859 2746]
1160 -- [2794 4266]
1162 -- [1255 1090]
1164 -- [2149 3549]
1167 -- [3906 3804]
1170 -- [2636 2620]
1174 -- [1352  904]
1175 -- [2841 1813]
1177 -- [1839 3381]
1178 -- [200  36]
1179 -- [ 285 1147]
1181 -- [2557 4297]
1182 -- [3655 3413]
1185 -- [2232 2120]
1187 -- [4236 4383]
1190 -- [3326 2659]
1193 -- [2743 4415]
1199 -- [4231 2899]
1204 -- [1218  913]
1205 -- [ 451 1559]
1206 -- [2538 4478]
1207 -- [3214 4048]
1210 -- [1911 3829]
1212 -- [1383   23]
1217 -- [2204 2323]
1219 -- [4470 3146]
1222 -- [2884 2706]
1228 -- [3946 3422]
1231 -- [3359 3263]
1235 -- [1385  999]
1237 -- [3396 4417]
1240 -- [3776 4402]
1241 -- [3238 2642]
1243 -- [3085 2914]
1245 -- [2085 2096]
1248 -- [1451 1110]
1251 -- [2908 3966]
1252 -- [ 506 1756]
1253 -- [3491 3420]
1255 -- [1988 2198]
1258 -- [1857 3453]
1259 -- [2294 4135]
1261 -- [2297 1962]
1263 -- [128   7]
1265 -- [3381 2084]
1267 -- [1478  449]
1269 -- [2791 3498]
1274 -- [4370 2272]
1280 -- [4295 1933]
1282 -- [609 152]
1284 -- [456 635]
1285 -- [2712 3956]
1286 -- [4352 4171]
1288 -- [2141 4259]
1297 -- [2730 4421]
1299 -- [ 574 1652]
1301 -- [2939 2113]
1302 -- [3259 2267]
1305 -- [ 446 1452]
1306 -- [3957 2609]
1307 -- [2714 2058]
1309 -- [ 989 1121]
1310 -- [3809 4051]
1311 -- [991 979]
1314 -- [ 672 1806]
1315 -- [4299 4416]
1321 -- [2004 4030]
1323 -- [4371 2713]
1325 -- [2611 3902]
1327 -- [3251 1940]
1329 -- [1218  999]
1330 -- [2753 1932]
1331 -- [2218 4300]
1333 -- [3357 3831]
1336 -- [4286 4275]
1338 -- [4403 3087]
1339 -- [3318 2191]
1340 -- [1773  897]
1341 -- [4293 2590]
1343 -- [3892 2972]
1345 -- [3152 2375]
1347 -- [199 826]
1349 -- [2720 3250]
1350 -- [2647 4020]
1351 -- [570 847]
1352 -- [279 614]
1353 -- [3049 2696]
1354 -- [168 672]
1355 -- [1756  206]
1358 -- [2957 2115]
1359 -- [3962 4353]
1362 -- [2466 2478]
1365 -- [2616 2010]
1367 -- [436 746]
1372 -- [3244 2691]
1373 -- [2701 3438]
1374 -- [3956 3132]
1375 -- [4505 3479]
1379 -- [3109 3871]
1381 -- [4394 2505]
1382 -- [2298 3379]
1383 -- [2561 3937]
1384 -- [3289 3048]
1388 -- [4453 2164]
1390 -- [4308 3995]
1391 -- [ 824 1628]
1394 -- [2995 2947]
1399 -- [1767 1379]
1400 -- [1890 3280]
1402 -- [2945 2815]
1403 -- [4517 3324]
1405 -- [358 159]
1409 -- [3693 3726]
1410 -- [3525 4054]
1411 -- [1529  386]
1413 -- [2125 3304]
1414 -- [3484 4102]
1415 -- [1345  696]
1417 -- [1676  618]
1418 -- [2054 3570]
1421 -- [1552 1448]
1423 -- [4408 2476]
1426 -- [2817 2345]
1427 -- [3883 3751]
1429 -- [2898 2421]
1431 -- [2307 2762]
1436 -- [1922 1859]
1437 -- [1061 1120]
1438 -- [3029 2755]
1445 -- [2380 3150]
1446 -- [2983 2431]
1447 -- [4360 3351]
1449 -- [4178 2128]
1450 -- [ 217 1591]
1451 -- [2262 2010]
1455 -- [2364 3250]
1456 -- [3728 3136]
1458 -- [4168 2845]
1460 -- [ 421 1379]
1465 -- [4111 4386]
1467 -- [2979 2271]
1471 -- [2988 2989]
1473 -- [3612 4325]
1475 -- [2637 3030]
1477 -- [1988 2724]
1484 -- [2594 3196]
1486 -- [1899 3439]
1489 -- [3574 3762]
1496 -- [2637 4404]
1498 -- [3286 2176]
1499 -- [ 170 1720]
1500 -- [2323 3897]
1501 -- [934 258]
1505 -- [4137 3919]
1508 -- [3554 1937]
1510 -- [3017 3211]
1511 -- [1379  220]
1514 -- [3535 2390]
1515 -- [3383 3490]
1516 -- [1565  634]
1520 -- [3674 3745]
1521 -- [3367 3900]
1525 -- [2876 3400]
1526 -- [2295 2702]
1529 -- [2017 3168]
1535 -- [970 645]
1538 -- [2766 3338]
1540 -- [3302 3883]
1542 -- [2572 3846]
1544 -- [4039 3687]
1545 -- [4302 2529]
1546 -- [1494  380]
1548 -- [ 419 1271]
1551 -- [4417 4445]
1552 -- [3235 2443]
1555 -- [1669  720]
1557 -- [3669 3170]
1558 -- [3419 2001]
1560 -- [4297 3687]
1561 -- [2462 2244]
1566 -- [3277 1893]
1567 -- [2921 2639]
1568 -- [3795 1882]
1569 -- [2926 4297]
1571 -- [1857 2117]
1573 -- [2528 2622]
1575 -- [3828 2144]
1576 -- [1585 1202]
1577 -- [2107 2241]
1585 -- [1881 3717]
1586 -- [ 303 1208]
1595 -- [3206 1966]
1596 -- [2687 4067]
1598 -- [3698 3714]
1601 -- [3462 4384]
1604 -- [3422 2407]
1607 -- [4164 4182]
1610 -- [3841 3780]
1611 -- [3744 3136]
1612 -- [3446 4298]
1613 -- [2058 3176]
1614 -- [1933 1945]
1619 -- [2555 2378]
1620 -- [2990 2916]
1623 -- [ 2 37]
1627 -- [3152 3966]
1628 -- [2954 2088]
1630 -- [2385 3285]
1633 -- [  38 1250]
1635 -- [3390 3764]
1636 -- [4538 2834]
1637 -- [4431 4218]
1641 -- [4345 2530]
1644 -- [2757 2380]
1645 -- [4204 2694]
1646 -- [3542 2743]
1650 -- [2851 4000]
1653 -- [4377 3372]
1655 -- [4594 1817]
1656 -- [4390 4519]
1660 -- [3240 2511]
1662 -- [1055 1691]
1665 -- [ 145 1653]
1668 -- [364 704]
1670 -- [2941 4526]
1673 -- [4302 3181]
1674 -- [1266   37]
1677 -- [2416 3176]
1685 -- [1472 1128]
1687 -- [1035 1428]
1688 -- [ 899 1151]
1689 -- [2618 2072]
1691 -- [2481 3400]
1692 -- [3571 1961]
1694 -- [2252 3036]
1695 -- [884 685]
1696 -- [1513 1472]
1697 -- [3278 3821]
1699 -- [1926 3563]
1700 -- [2814 4328]
1703 -- [2885 4509]
1705 -- [1897 4231]
1707 -- [3062 4195]
1708 -- [3651 3902]
1709 -- [1946 2674]
1710 -- [476  88]
1711 -- [1047  877]
1712 -- [3855 3870]
1714 -- [3053 3711]
1715 -- [1959 3622]
1718 -- [3050 3740]
1719 -- [2159 3881]
1723 -- [3607 2528]
1724 -- [ 936 1159]
1726 -- [2265 3103]
1727 -- [2498 3251]
1729 -- [4442 2753]
1730 -- [1140  349]
1731 -- [3109 3237]
1732 -- [986 492]
1733 -- [2527 2120]
1739 -- [3916 2569]
1740 -- [2076 4078]
1743 -- [ 744 1506]
1744 -- [3010 3723]
1745 -- [2830 2918]
1747 -- [2148 4030]
1751 -- [3102 2571]
1752 -- [598 334]
1753 -- [1656 1499]
1758 -- [4139 4040]
1759 -- [ 686 1211]
1760 -- [1314 1342]
1761 -- [1044 1384]
1763 -- [3320 2480]
1765 -- [2862 4599]
1768 -- [1313  239]
1770 -- [660 216]
1771 -- [3567 1940]
1774 -- [2510 4434]
1775 -- [535 638]
1776 -- [1157 1322]
1778 -- [ 610 1132]
1779 -- [3776 3450]
1785 -- [3383 1936]
1788 -- [4036 2713]
1792 -- [3409 3317]
1794 -- [3245 4524]
1799 -- [1177  972]
1800 -- [3352 3751]
1806 -- [1149 1656]
1807 -- [3504 2676]
1809 -- [2844 3888]
1810 -- [1538 1054]
1811 -- [3130 3054]
1812 -- [2651 2240]
1815 -- [1113  105]
1816 -- [3053 3873]
1817 -- [1821 3537]
1821 -- [ 704 1407]
1822 -- [1170 1203]
1824 -- [1615  125]
1826 -- [4035 2736]
1831 -- [4308 2320]
1833 -- [3712 3412]
1834 -- [3855 2440]
1835 -- [980 540]
1838 -- [2705 2269]
1839 -- [2121 2295]
1841 -- [2288 4238]
1845 -- [863 532]
1847 -- [245 974]
1849 -- [1351 1389]
1852 -- [205  67]
1854 -- [1195 1113]
1857 -- [2258 3738]
1859 -- [3721 3714]
1860 -- [3879 3383]
1862 -- [4013 2355]
1863 -- [1984 4257]
1865 -- [4342 3260]
1866 -- [3582 2478]
1868 -- [2566 3138]
1870 -- [4397 3214]
1872 -- [3453 4301]
1875 -- [3164 3637]
1876 -- [4455 3420]
1877 -- [1807  634]
1878 -- [  53 1319]
1880 -- [1714  217]
1882 -- [2262 4253]
1885 -- [3495 3374]
1886 -- [3858 2786]
1888 -- [3517 2034]
1889 -- [ 879 1601]
1893 -- [3228 3715]
1895 -- [ 181 1079]
1899 -- [2623 4082]
1902 -- [  34 1655]
1904 -- [  80 1244]
1905 -- [3606 1875]
1910 -- [1204 1482]
1915 -- [ 319 1321]
1916 -- [461 386]
1917 -- [1978 2478]
1918 -- [3038 2632]
1919 -- [1902 3036]
1921 -- [2478 2366]
1926 -- [2908 3153]
1927 -- [ 867 1410]
1928 -- [3945 2075]
1931 -- [4068 4119]
1933 -- [2180 4182]
1938 -- [1462   18]
1939 -- [ 257 1561]
1943 -- [716 793]
1944 -- [251 626]
1945 -- [ 409 1240]
1946 -- [4200 3203]
1949 -- [819 430]
1950 -- [4184 3841]
1956 -- [4192 3197]
1957 -- [3528 3213]
1960 -- [4336 3333]
1962 -- [1933 2346]
1963 -- [1302  302]
1965 -- [3089 3489]
1966 -- [1741 1335]
1967 -- [4186 2648]
1970 -- [1491 1788]
1973 -- [4311 2248]
1975 -- [2780 4256]
1981 -- [2467 4431]
1982 -- [3643 4433]
1984 -- [1328  802]
1985 -- [4085 3588]
1986 -- [4258 3250]
1987 -- [ 129 1521]
1988 -- [2872 4215]
1991 -- [1314  659]
1994 -- [2190 3530]
1995 -- [3543 2069]
1997 -- [ 961 1810]
1998 -- [3563 4299]
1999 -- [2601 3371]
2001 -- [1440 1681]
2003 -- [1905 3374]
2004 -- [1679 1279]
2006 -- [3532 3750]
2011 -- [3795 2580]
2016 -- [2174 3007]
2017 -- [1609   96]
2021 -- [2308 2453]
2024 -- [2992 3139]
2027 -- [ 924 1376]
2028 -- [421 406]
2030 -- [2564 4341]
2034 -- [4511 3484]
2035 -- [2415 4036]
2037 -- [2467 4061]
2038 -- [3084 4376]
2040 -- [955 699]
2045 -- [1225 1692]
2048 -- [1760 1772]
2049 -- [1207  169]
2052 -- [2627 3524]
2053 -- [3358 3027]
2057 -- [ 853 1360]
2060 -- [ 294 1018]
2062 -- [874 540]
2065 -- [784 511]
2068 -- [1965 4486]
2069 -- [2927 2862]
2070 -- [1006 1749]
2073 -- [886 873]
2077 -- [4344 3599]
2080 -- [1481  152]
2081 -- [ 973 1175]
2085 -- [1452  987]
2088 -- [3539 2804]
2091 -- [3713 3328]
2092 -- [2955 2441]
2093 -- [2148 3531]
2096 -- [3614 2955]
2097 -- [2908 2836]
2099 -- [631 960]
2100 -- [2150 2275]
2102 -- [3451 2124]
2103 -- [ 255 1025]
2105 -- [977 282]
2110 -- [2986 3742]
2111 -- [3557 2635]
2114 -- [ 565 1114]
2118 -- [3458 4319]
2119 -- [4149 2809]
2120 -- [3549 3056]
2121 -- [4420 2006]
2122 -- [1310  308]
2123 -- [2717 4269]
2126 -- [2753 3068]
2132 -- [881 854]
2134 -- [4239 2701]
2135 -- [789 966]
2136 -- [2808 3890]
2137 -- [1016  178]
2138 -- [2470 3302]
2139 -- [ 191 1150]
2140 -- [3968 1851]
2141 -- [3392 3313]
2144 -- [1807 1279]
2146 -- [1928 4092]
2147 -- [1371 1542]
2151 -- [845  45]
2152 -- [4405 3900]
2156 -- [2321 2009]
2158 -- [3160 4421]
2162 -- [2410 2278]
2164 -- [3686 2589]
2174 -- [487   7]
2175 -- [ 454 1086]
2177 -- [4421 2481]
2179 -- [1263 1467]
2185 -- [ 111 1040]
2187 -- [510 896]
2189 -- [4216 4209]
2190 -- [3471 2742]
2191 -- [1088 1302]
2194 -- [3393 4344]
2196 -- [2995 3507]
2198 -- [ 564 1758]
2200 -- [3319 2221]
2201 -- [2799 3142]
2203 -- [3458 4380]
2206 -- [ 602 1436]
2208 -- [2798 4129]
2209 -- [ 216 1316]
2210 -- [ 121 1518]
2214 -- [2769 4287]
2217 -- [2964 3614]
2221 -- [ 342 1114]
2225 -- [2613 3043]
2227 -- [2584 4392]
2228 -- [4161 2026]
2230 -- [2128 3789]
2233 -- [370   1]
2234 -- [1833 2990]
2236 -- [1682  486]
2237 -- [3561 3288]
2238 -- [2548 2814]
2240 -- [3826 2747]
2241 -- [ 357 1767]
2242 -- [ 405 1298]
2244 -- [2828 2577]
2245 -- [349   7]
2253 -- [624 970]
2254 -- [1798  635]
2256 -- [1553  465]
2258 -- [859 858]
2260 -- [3762 3924]
2263 -- [3722 2479]
2264 -- [2398 3724]
2265 -- [2208 3782]
2267 -- [2566 3032]
2269 -- [352 432]
2272 -- [3555 1976]
2273 -- [2902 2895]
2274 -- [3286 2866]
2275 -- [1003 1343]
2276 -- [1673 1167]
2280 -- [4096 3392]
2281 -- [3096 2047]
2283 -- [ 796 1769]
2287 -- [3264 2283]
2288 -- [4182 2607]
2289 -- [2890 3308]
2290 -- [1561  452]
2291 -- [2144 3228]
2297 -- [3130 1962]
2298 -- [1961 2209]
2308 -- [2551 3373]
2309 -- [ 554 1353]
2311 -- [3435 3454]
2312 -- [1800 1035]
2314 -- [ 221 1531]
2318 -- [1398 1047]
2320 -- [1175  211]
2321 -- [3056 2887]
2322 -- [2474 4421]
2326 -- [2876 2423]
2328 -- [3732 3388]
2330 -- [ 434 1293]
2331 -- [3136 4535]
2336 -- [2117 3359]
2339 -- [2701 2563]
2340 -- [1483 1801]
2341 -- [3052 2573]
2343 -- [ 267 1340]
2348 -- [2838 3527]
2349 -- [3752 2617]
2350 -- [3017 3028]
2352 -- [2163 3066]
2353 -- [3333 3620]
2354 -- [3416 4023]
2355 -- [3535 3992]
2359 -- [1339  123]
2369 -- [1878 4545]
2370 -- [4262 4584]
2372 -- [4006 2534]
2373 -- [2959 1856]
2374 -- [111 731]
2375 -- [4183 3227]
2376 -- [3465 4357]
2377 -- [3292 3021]
2380 -- [4002 4219]
2381 -- [ 875 1493]
2384 -- [3889 4446]
2389 -- [751 739]
2390 -- [1138 1489]
2399 -- [2312 2080]
2401 -- [855 841]
2404 -- [1613 1442]
2407 -- [ 748 1684]
2409 -- [2542 3567]
2415 -- [3646 1872]
2416 -- [4303 1911]
2417 -- [2929 2006]
2426 -- [ 308 1042]
2427 -- [2639 4125]
2429 -- [1426   60]
2434 -- [1960 2863]
2435 -- [596 869]
2436 -- [2159 3844]
2437 -- [ 75 406]
2438 -- [140 860]
2440 -- [2082 3177]
2442 -- [4222 2520]
2444 -- [ 708 1301]
2445 -- [2922 2791]
2447 -- [2527 2053]
2448 -- [2505 4174]
2449 -- [3577 4579]
2450 -- [3524 2413]
2453 -- [ 966 1803]
2456 -- [1514 1683]
2458 -- [ 840 1458]
2459 -- [3834 3486]
2461 -- [2611 2917]
2464 -- [3704 4229]
2468 -- [1539 1530]
2469 -- [602 208]
2471 -- [2857 2021]
2472 -- [4590 4566]
2475 -- [4343 3566]
2476 -- [2158 4318]
2477 -- [450 695]
2480 -- [4175 3751]
2481 -- [3510 4092]
2485 -- [ 356 1803]
2486 -- [ 825 1013]
2487 -- [2968 4374]
2488 -- [2298 4600]
2489 -- [3936 4398]
2493 -- [1766 1510]
2494 -- [1395 1154]
2495 -- [4212 3551]
2498 -- [  32 1050]
2499 -- [2548 3170]
2500 -- [2872 3494]
2501 -- [   6 1048]
2503 -- [1851 2584]
2506 -- [1740   62]
2507 -- [2408 2004]
2508 -- [4470 1859]
2510 -- [2642 1994]
2511 -- [3252 3856]
2515 -- [2402 1925]
2516 -- [2683 2214]
2517 -- [1482 1646]
2521 -- [1382   35]
2524 -- [2855 2915]
2526 -- [ 398 1569]
2528 -- [4542 3654]
2533 -- [ 310 1810]
2538 -- [3742 3984]
2541 -- [2633 3953]
2542 -- [ 780 1340]
2544 -- [2361 3376]
2545 -- [1952 4435]
2547 -- [1923 2418]
2548 -- [3379 3808]
2549 -- [1080  113]
2552 -- [1434 1101]
2553 -- [4484 2795]
2554 -- [4255 1817]
2556 -- [4509 3631]
2558 -- [3501 2181]
2561 -- [2301 4333]
2563 -- [4169 3176]
2564 -- [3655 3752]
2566 -- [369  43]
2573 -- [2964 3606]
2576 -- [2046 4556]
2578 -- [1423  955]
2580 -- [4545 2895]
2582 -- [3089 3726]
2583 -- [4431 2946]
2585 -- [1498 1791]
2588 -- [2793 4547]
2590 -- [2603 2486]
2592 -- [1295  959]
2595 -- [2834 1842]
2598 -- [4165 4425]
2599 -- [1367  411]
2600 -- [2018 4443]
2602 -- [1820 2269]
2603 -- [ 76 429]
2607 -- [3910 4175]
2609 -- [2055 3071]
2610 -- [2093 4420]
2611 -- [509 968]
2614 -- [1915 3218]
2618 -- [ 404 1619]
2620 -- [3863 3843]
2624 -- [2115 2907]
2629 -- [2531 2512]
2630 -- [2076 3139]
2631 -- [3016 1963]
2632 -- [4209 2095]
2633 -- [4353 3037]
2634 -- [1641 1724]
2637 -- [179 358]
2638 -- [1888 1837]
2639 -- [2520 3629]
2641 -- [2659 2848]
2642 -- [4003 4151]
2644 -- [2189 2004]
2650 -- [3000 3717]
2653 -- [2586 4182]
2655 -- [2381 2528]
2656 -- [ 45 678]
2659 -- [1572 1040]
2661 -- [3240 3297]
2668 -- [3866 1930]
2670 -- [4012 3661]
2671 -- [1354 1361]
2672 -- [ 739 1241]
2674 -- [2146 3903]
2675 -- [1878 2862]
2679 -- [2701 3148]
2681 -- [ 592 1404]
2682 -- [529 246]
2683 -- [2156 2088]
2688 -- [2370 4520]
2691 -- [114 788]
2695 -- [4411 3331]
2699 -- [3829 3521]
2700 -- [3748 3518]
2704 -- [4106 3859]
2705 -- [4323 3496]
2706 -- [ 984 1713]
2707 -- [1451  516]
2709 -- [419 656]
2710 -- [2134 3284]
2719 -- [2703 2419]
2720 -- [4447 4262]
2722 -- [4439 3532]
2724 -- [4579 3001]
2727 -- [219   4]
2728 -- [2382 4427]
2731 -- [ 681 1048]
2732 -- [2185 2619]
2733 -- [3485 3811]
2735 -- [4577 4427]
2738 -- [3473 2613]
2740 -- [1546  445]
2741 -- [223 369]
2742 -- [4439 4465]
2750 -- [2238 1851]
2752 -- [   4 1516]
2757 -- [889 267]
2759 -- [ 156 1555]
2761 -- [2315 3907]
2768 -- [2220 2977]
2769 -- [3070 3293]
2770 -- [3001 3154]
2771 -- [1780 1724]
2772 -- [3394 3191]
2773 -- [368 866]
2781 -- [4267 3120]
2784 -- [3531 3231]
2790 -- [3974 2799]
2792 -- [1104 1413]
2793 -- [3400 2859]
2795 -- [4232 3886]
2800 -- [3921 4530]
2801 -- [1968 2914]
2802 -- [2715 4499]
2803 -- [3905 3713]
2804 -- [1422  558]
2805 -- [1298 1308]
2807 -- [ 63 901]
2808 -- [497 383]
2809 -- [147 428]
2810 -- [1693 1765]
2814 -- [2951 2678]
2815 -- [558 229]
2816 -- [1011  624]
2817 -- [2378 3604]
2818 -- [3205 2667]
2819 -- [2707 2603]
2822 -- [1993 3915]
2825 -- [ 974 1045]
2829 -- [1151  182]
2830 -- [3745 2711]
2832 -- [1286  736]
2836 -- [1716  413]
2837 -- [2226 4262]
2838 -- [ 485 1051]
2844 -- [2511 2760]
2845 -- [3262 3739]
2846 -- [3768 2203]
2847 -- [ 780 1158]
2849 -- [ 599 1009]
2851 -- [2308 4271]
2854 -- [4428 4053]
2860 -- [3701 1942]
2861 -- [3916 4556]
2862 -- [ 904 1811]
2863 -- [ 143 1238]
2864 -- [ 321 1772]
2865 -- [3536 2271]
2867 -- [2683 2486]
2868 -- [2010 3569]
2870 -- [3380 2167]
2873 -- [2434 1877]
2877 -- [2471 3031]
2881 -- [2073 3411]
2882 -- [3436 2643]
2883 -- [521 857]
2888 -- [3722 2151]
2890 -- [ 544 1700]
2892 -- [201 740]
2893 -- [2524 3505]
2895 -- [1919 2553]
2899 -- [ 129 1639]
2901 -- [2469 2240]
2902 -- [4481 2292]
2903 -- [ 254 1262]
2905 -- [3963 2415]
2906 -- [3343 4344]
2907 -- [ 301 1046]
2911 -- [4145 4562]
2912 -- [4408 2373]
2915 -- [4381 4454]
2916 -- [3193 2503]
2917 -- [ 467 1309]
2921 -- [2568 4441]
2922 -- [3289 3740]
2923 -- [3704 3590]
2924 -- [729 157]
2925 -- [4419 3919]
2926 -- [2938 2379]
2928 -- [2584 3258]
2932 -- [993 898]
2933 -- [ 981 1438]
2936 -- [3429 1983]
2937 -- [2537 2845]
2938 -- [ 817 1183]
2939 -- [3062 3693]
2940 -- [ 609 1523]
2941 -- [ 631 1442]
2942 -- [4267 4327]
2944 -- [4029 2641]
2945 -- [1451 1604]
2946 -- [3711 3425]
2952 -- [ 306 1740]
2954 -- [2991 2752]
2955 -- [4309 2831]
2957 -- [3902 3137]
2960 -- [4268 3915]
2961 -- [4341 4330]
2962 -- [2170 2275]
2965 -- [3623 2753]
2969 -- [1567 1285]
2970 -- [3636 2385]
2972 -- [4325 3533]
2975 -- [ 288 1482]
2982 -- [ 106 1385]
2983 -- [3761 4384]
2984 -- [4486 4526]
2985 -- [1061 1447]
2986 -- [2422 1832]
2987 -- [3107 2585]
2988 -- [2992 2967]
2991 -- [3501 2165]
2992 -- [3775 2734]
2993 -- [3905 3992]
2997 -- [2399 2469]
2998 -- [1101 1012]
2999 -- [4063 4284]
3000 -- [3777 3672]
3003 -- [4389 2715]
3006 -- [326 401]
3008 -- [3069 2066]
3009 -- [4250 3476]
3010 -- [1692 1015]
3013 -- [1304  593]
3017 -- [1701  908]
3018 -- [4545 2786]
3021 -- [4323 3678]
3023 -- [4360 4093]
3028 -- [1142   64]
3033 -- [1936 4212]
3035 -- [2544 4070]
3038 -- [4486 3633]
3041 -- [3680 2858]
3043 -- [2075 4413]
3050 -- [1245  144]
3051 -- [4336 2118]
3053 -- [1394 1322]
3055 -- [3636 2093]
3057 -- [4026 3242]
3059 -- [3044 3296]
3060 -- [3476 1915]
3063 -- [2551 2616]
3064 -- [2858 2988]
3065 -- [180 656]
3067 -- [683 394]
3069 -- [1837 3716]
3077 -- [2591 2446]
3078 -- [1047  162]
3079 -- [1224 1382]
3082 -- [3238 2147]
3088 -- [2328 2904]
3090 -- [1328  381]
3092 -- [2157 4336]
3093 -- [4437 3955]
3095 -- [3916 2811]
3096 -- [959 591]
3097 -- [ 343 1743]
3099 -- [2035 2420]
3108 -- [1829 2265]
3109 -- [ 782 1283]
3110 -- [2861 4027]
3112 -- [2173 2575]
3113 -- [2985 3814]
3114 -- [1511 1319]
3118 -- [ 307 1398]
3119 -- [3701 2979]
3120 -- [3632 4288]
3124 -- [3794 3351]
3125 -- [2930 4146]
3127 -- [3187 1921]
3128 -- [4023 3278]
3129 -- [3396 3978]
3131 -- [710 155]
3132 -- [197  96]
3133 -- [4496 3073]
3134 -- [ 88 944]
3136 -- [2572 3937]
3139 -- [2943 2216]
3140 -- [1057 1338]
3141 -- [3069 2132]
3142 -- [1338  569]
3144 -- [3026 3061]
3146 -- [2802 4047]
3149 -- [1699   38]
3153 -- [1331  503]
3155 -- [532 306]
3162 -- [3504 2647]
3166 -- [301 565]
3167 -- [1877 3413]
3169 -- [3565 3408]
3170 -- [4586 2545]
3172 -- [833 780]
3173 -- [2915 3633]
3174 -- [2935 2488]
3176 -- [1139  370]
3177 -- [3138 3677]
3179 -- [2401 2419]
3183 -- [4215 4281]
3184 -- [2073 2853]
3185 -- [ 851 1704]
3189 -- [3043 3025]
3190 -- [2848 2028]
3191 -- [1588   84]
3194 -- [903 454]
3195 -- [2872 4047]
3196 -- [2466 2322]
3199 -- [2947 2149]
3201 -- [1373  293]
3203 -- [ 572 1113]
3204 -- [3999 3400]
3208 -- [3604 2908]
3210 -- [816 356]
3214 -- [4279 2259]
3216 -- [1178 1101]
3217 -- [1917 3880]
3219 -- [1941 4116]
3226 -- [4525 2933]
3227 -- [3173 3069]
3229 -- [648 374]
3231 -- [3245 3583]
3233 -- [4424 2910]
3234 -- [2427 3561]
3235 -- [4035 2940]
3237 -- [2376 1860]
3240 -- [4590 2770]
3245 -- [ 149 1036]
3247 -- [3092 4251]
3248 -- [2714 3600]
3249 -- [3491 2870]
3252 -- [3931 2188]
3257 -- [3822 2153]
3258 -- [1364  295]
3259 -- [1872 3565]
3262 -- [2062 3559]
3267 -- [2344 2797]
3270 -- [1438  506]
3272 -- [ 75 278]
3278 -- [ 609 1010]
3279 -- [3900 3166]
3282 -- [4517 3566]
3284 -- [3025 3113]
3285 -- [4452 4284]
3286 -- [139 916]
3289 -- [2905 2387]
3290 -- [4109 4133]
3292 -- [2741 2809]
3293 -- [684 378]
3296 -- [3578 4504]
3298 -- [4249 2026]
3299 -- [  5 658]
3304 -- [3492 3069]
3306 -- [1826 2959]
3309 -- [1751  215]
3310 -- [3921 3187]
3311 -- [3620 3327]
3312 -- [2201 2076]
3315 -- [4323 3175]
3318 -- [2501 3509]
3320 -- [ 500 1127]
3321 -- [ 258 1519]
3322 -- [4042 3272]
3323 -- [1984 3422]
3326 -- [1961 2226]
3327 -- [2849 1968]
3329 -- [4368 3900]
3330 -- [2445 3872]
3331 -- [2714 1877]
3332 -- [1480   50]
3335 -- [2297 2106]
3338 -- [ 988 1177]
3340 -- [3314 2872]
3342 -- [4399 4233]
3343 -- [3451 2635]
3346 -- [2100 2937]
3351 -- [4013 2954]
3352 -- [1539  982]
3354 -- [4249 2745]
3357 -- [2123 3892]
3358 -- [1454  739]
3359 -- [ 557 1386]
3364 -- [337 228]
3365 -- [2358 4398]
3366 -- [2640 2495]
3368 -- [3907 4411]
3369 -- [357 599]
3370 -- [2761 2520]
3372 -- [4443 3124]
3373 -- [1533  267]
3376 -- [3287 3498]
3382 -- [ 695 1575]
3383 -- [2452 2665]
3385 -- [2906 2292]
3386 -- [2647 2894]
3388 -- [2411 2696]
3390 -- [3963 1909]
3393 -- [1240 1079]
3395 -- [3683 3574]
3398 -- [ 623 1297]
3400 -- [1989 2869]
3405 -- [4011 4054]
3407 -- [1537 1432]
3409 -- [296 653]
3411 -- [3886 2974]
3412 -- [3291 4223]
3416 -- [ 112 1113]
3417 -- [4396 3341]
3419 -- [1468  331]
3420 -- [3018 3845]
3421 -- [3590 2508]
3423 -- [1502 1457]
3430 -- [2730 2231]
3431 -- [2266 2368]
3433 -- [ 196 1473]
3434 -- [1979 2979]
3435 -- [3692 1895]
3436 -- [3094 3862]
3438 -- [ 597 1443]
3441 -- [3400 3431]
3443 -- [2533 3014]
3446 -- [4146 2249]
3454 -- [  38 1126]
3455 -- [680 703]
3460 -- [1946 3062]
3461 -- [1027  408]
3463 -- [2056 4239]
3465 -- [4272 3695]
3466 -- [2548 3923]
3469 -- [ 365 1590]
3470 -- [3923 3034]
3472 -- [2241 2633]
3473 -- [3481 2232]
3480 -- [1015  333]
3487 -- [4306 3749]
3489 -- [1455 1297]
3490 -- [2864 3031]
3494 -- [2713 3296]
3495 -- [ 348 1554]
3497 -- [2272 3466]
3500 -- [4307 4350]
3502 -- [1875 4580]
3504 -- [ 525 1218]
3508 -- [2208 3205]
3510 -- [4000 3272]
3513 -- [1227  106]
3518 -- [4441 3613]
3520 -- [2872 2874]
3521 -- [4358 1833]
3522 -- [ 495 1319]
3523 -- [2205 3310]
3524 -- [1743  164]
3526 -- [1879 4439]
3527 -- [2773 2916]
3528 -- [2419 2459]
3530 -- [3512 2229]
3531 -- [2174 4180]
3532 -- [1296 1550]
3537 -- [1896 4306]
3538 -- [254 457]
3539 -- [ 886 1176]
3540 -- [3092 2943]
3542 -- [3846 2362]
3543 -- [2858 3402]
3548 -- [4325 4294]
3550 -- [2010 4162]
3551 -- [1960 3298]
3553 -- [3725 2801]
3557 -- [ 179 1619]
3558 -- [1890 3521]
3559 -- [3007 3618]
3560 -- [1244 1759]
3562 -- [2353 2368]
3568 -- [3295 3041]
3569 -- [3373 2277]
3570 -- [ 696 1279]
3571 -- [4015 2318]
3572 -- [3798 3694]
3575 -- [4177 3988]
3578 -- [ 685 1547]
3579 -- [3344 4253]
3584 -- [3422 3772]
3585 -- [2927 2120]
3587 -- [1865 3281]
3588 -- [907 240]
3589 -- [3634 2600]
3591 -- [ 328 1602]
3594 -- [1472  603]
3597 -- [2974 2855]
3598 -- [4289 1993]
3599 -- [2067 1987]
3600 -- [799 825]
3602 -- [4225 2745]
3603 -- [1062  182]
3606 -- [4199 3931]
3607 -- [4278 2792]
3609 -- [748 602]
3610 -- [754 166]
3611 -- [1993 2113]
3614 -- [2325 4362]
3617 -- [ 740 1470]
3618 -- [2215 1946]
3619 -- [1135 1073]
3622 -- [4285 4517]
3624 -- [4555 4309]
3628 -- [1823 1992]
3629 -- [3952 3684]
3632 -- [3037 2149]
3633 -- [  57 1261]
3634 -- [3353 3070]
3636 -- [2631 2515]
3638 -- [867 552]
3641 -- [1632  687]
3642 -- [3999 2415]
3645 -- [3421 2517]
3646 -- [3872 2219]
3647 -- [4270 3372]
3650 -- [667 869]
3652 -- [2446 3269]
3668 -- [1860 3426]
3670 -- [3064 3305]
3671 -- [ 869 1059]
3672 -- [321 758]
3678 -- [2536 2283]
3679 -- [2352 2234]
3680 -- [2906 2581]
3682 -- [ 963 1408]
3685 -- [4342 2973]
3687 -- [695 850]
3689 -- [2392 3681]
3690 -- [2753 2108]
3691 -- [1916 2595]
3694 -- [3749 3728]
3696 -- [4431 4518]
3697 -- [732 928]
3702 -- [3535 2190]
3703 -- [2662 4049]
3706 -- [2465 3379]
3707 -- [2475 2099]
3712 -- [3707 3435]
3715 -- [3136 2220]
3717 -- [558 324]
3721 -- [3009 3027]
3722 -- [3376 2501]
3723 -- [1715   45]
3724 -- [2749 4516]
3726 -- [166 825]
3727 -- [2947 1941]
3729 -- [2215 3554]
3730 -- [2890 4316]
3735 -- [3989 3143]
3742 -- [3150 3754]
3743 -- [3843 2118]
3744 -- [1731 1071]
3755 -- [1263  666]
3759 -- [ 142 1162]
3760 -- [2934 1893]
3762 -- [3162 2632]
3763 -- [1199  121]
3764 -- [2491 3609]
3768 -- [1577  855]
3769 -- [3757 1907]
3770 -- [2480 3321]
3771 -- [123 927]
3778 -- [560 558]
3780 -- [ 568 1680]
3784 -- [2977 3658]
3785 -- [3060 1896]
3788 -- [444 218]
3791 -- [1893 3962]
3793 -- [ 306 1793]
3794 -- [1675 1748]
3796 -- [3987 3232]
3797 -- [4422 2665]
3798 -- [2169 3236]
3799 -- [2979 3256]
3800 -- [3130 4276]
3804 -- [3756 3702]
3808 -- [2655 4408]
3809 -- [429 793]
3812 -- [3519 2055]
3813 -- [832 856]
3814 -- [ 641 1071]
3817 -- [840  84]
3821 -- [1821 3955]
3822 -- [1872 2901]
3825 -- [2496 3918]
3826 -- [4155 4459]
3827 -- [178 871]
3828 -- [1751   38]
3830 -- [3859 2718]
3831 -- [1544 1780]
3834 -- [692 469]
3835 -- [2150 2126]
3836 -- [3551 2356]
3840 -- [4280 4322]
3841 -- [1998 1819]
3847 -- [2006 2973]
3848 -- [2166 1970]
3850 -- [2503 3654]
3852 -- [2901 3453]
3853 -- [402 375]
3854 -- [2468 2575]
3855 -- [3464 3265]
3856 -- [3724 3398]
3861 -- [3783 2986]
3864 -- [1313  256]
3867 -- [ 732 1765]
3869 -- [2709 3099]
3871 -- [2838 4087]
3873 -- [3453 3406]
3876 -- [2990 2231]
3878 -- [3242 4441]
3879 -- [2480 2626]
3880 -- [3492 3938]
3883 -- [1096 1089]
3887 -- [ 100 1750]
3890 -- [1465 1812]
3891 -- [3938 1860]
3892 -- [4506 4566]
3897 -- [4185 2764]
3898 -- [1044  155]
3899 -- [679 821]
3901 -- [3923 4370]
3904 -- [2366 2421]
3905 -- [233 637]
3908 -- [1685  352]
3911 -- [4320 2837]
3912 -- [379 368]
3914 -- [376  70]
3915 -- [1847 4360]
3920 -- [3094 2449]
3921 -- [1915 2043]
3923 -- [1877 2317]
3924 -- [3627 2454]
3927 -- [4326 2300]
3932 -- [230 658]
3934 -- [2612 3380]
3936 -- [1700  478]
3939 -- [2682 2872]
3942 -- [3009 2984]
3943 -- [1495 1244]
3944 -- [2232 2234]
3948 -- [2279 2457]
3951 -- [  17 1016]
3952 -- [3570 4222]
3955 -- [3339 4437]
3957 -- [1138 1780]
3958 -- [2194 2870]
3959 -- [3005 2914]
3960 -- [3802 2954]
3962 -- [2122 2437]
3963 -- [ 938 1372]
3965 -- [1121 1056]
3966 -- [2992 4469]
3969 -- [1307 1491]
3971 -- [4342 3427]
3974 -- [  0 430]
3979 -- [ 276 1232]
3980 -- [4104 2797]
3982 -- [1896 2811]
3983 -- [1863 2766]
3985 -- [2013 4591]
3986 -- [3366 1868]
3991 -- [1772  839]
3999 -- [ 722 1402]
4000 -- [4404 2264]
4003 -- [4567 2869]
4004 -- [2890 2784]
4005 -- [2242 3975]
4010 -- [2423 3657]
4013 -- [4435 2866]
4014 -- [4030 1871]
4015 -- [2852 3460]
4016 -- [2921 4177]
4017 -- [3156 2183]
4018 -- [3100 2820]
4022 -- [3394 2443]
4023 -- [3216 3388]
4027 -- [4447 1891]
4028 -- [2097 4292]
4030 -- [3764 1994]
4037 -- [2086 1906]
4038 -- [1615 1238]
4042 -- [340 458]
4044 -- [1491 1563]
4046 -- [3552 3993]
4048 -- [3771 3417]
4049 -- [4547 2711]
4054 -- [282 653]
4056 -- [2991 2244]
4057 -- [ 283 1044]
4060 -- [3235 2672]
4065 -- [4384 3662]
4066 -- [3580 2491]
4068 -- [3422 3871]
4071 -- [3865 3317]
4073 -- [3889 3525]
4075 -- [1448 1519]
4076 -- [ 78 943]
4083 -- [2461 4585]
4085 -- [2169 3853]
4087 -- [1907 4049]
4088 -- [3837 4357]
4090 -- [2634 3725]
4092 -- [3180 4125]
4094 -- [2363 4501]
4096 -- [2662 2283]
4098 -- [3115 2832]
4100 -- [3118 2987]
4101 -- [4144 3077]
4102 -- [216  69]
4109 -- [2600 3470]
4111 -- [1280 1239]
4114 -- [ 933 1262]
4116 -- [3209 3291]
4118 -- [ 256 1398]
4121 -- [1034  214]
4123 -- [581 790]
4127 -- [4214 3409]
4129 -- [2021 2499]
4132 -- [103 969]
4133 -- [1263 1322]
4135 -- [2249 3471]
4138 -- [1901 2968]
4141 -- [4507 4547]
4142 -- [3525 2809]
4143 -- [2662 3612]
4144 -- [1692   21]
4148 -- [2311 2104]
4150 -- [4576 2399]
4151 -- [3446 2385]
4152 -- [667 585]
4154 -- [1578 1128]
4155 -- [1578  532]
4156 -- [1047  337]
4158 -- [1370 1251]
4159 -- [   6 1676]
4161 -- [2724 2230]
4162 -- [2636 2966]
4165 -- [2995 2689]
4166 -- [1395   45]
4168 -- [ 423 1635]
4169 -- [ 180 1005]
4172 -- [3368 2786]
4173 -- [658 290]
4174 -- [2287 3865]
4175 -- [144 592]
4180 -- [1852 3309]
4181 -- [4104 2951]
4182 -- [ 973 1532]
4183 -- [2062 1939]
4186 -- [3653 3115]
4188 -- [4161 4347]
4190 -- [3525 2930]
4192 -- [2348 4298]
4195 -- [3557 4067]
4199 -- [2599 3543]
4200 -- [4408 2264]
4206 -- [2591 4233]
4207 -- [3157 3334]
4209 -- [2647 4426]
4210 -- [4375 4441]
4212 -- [2823 3714]
4215 -- [4558 3240]
4216 -- [2122 2570]
4217 -- [2516 3238]
4219 -- [2362 3581]
4220 -- [934 509]
4222 -- [618 355]
4224 -- [4093 3821]
4225 -- [1063 1006]
4227 -- [3810 1970]
4232 -- [1005  509]
4240 -- [3360 1990]
4241 -- [1903 1844]
4242 -- [1657  832]
4243 -- [2352 3275]
4244 -- [1101  270]
4245 -- [3289 2217]
4247 -- [3649 1934]
4249 -- [1850 4373]
4251 -- [2862 2582]
4252 -- [1385 1328]
4253 -- [2312 1817]
4254 -- [4085 3769]
4257 -- [2467 3075]
4258 -- [1299 1115]
4260 -- [1423 1508]
4261 -- [2400 4127]
4262 -- [ 688 1812]
-cl sat and violated: 2012 | 1773  | total #cl: 3785 | -violated weight: 5319
3 -- [2194 1763]
5 -- [2991  819]
6 -- [4386  311]
8 -- [1280 3646]
11 -- [2249  616]
12 -- [3254  544]
16 -- [3518 1363]
17 -- [3738  700]
18 -- [1314 2569]
20 -- [2904  558]
21 -- [2661  850]
25 -- [3663  593]
26 -- [2805 1319]
27 -- [ 200 3991]
28 -- [1142 3928]
32 -- [3238 1399]
35 -- [1084 4591]
43 -- [1086 4270]
44 -- [1050 2643]
46 -- [2734  371]
49 -- [1126 3589]
50 -- [ 591 3924]
53 -- [2103  853]
59 -- [3784  260]
60 -- [ 791 3196]
62 -- [2646 1648]
66 -- [3967  353]
67 -- [3849 1048]
70 -- [ 878 3235]
71 -- [2147  588]
72 -- [ 329 2166]
76 -- [3458 1418]
78 -- [3360  168]
79 -- [1718 1951]
80 -- [4510 1201]
83 -- [2049 1039]
85 -- [2249 1508]
86 -- [1266 2805]
89 -- [ 708 3155]
90 -- [ 210 2474]
92 -- [4223 1443]
93 -- [1711 4374]
98 -- [2703 1645]
101 -- [ 892 3060]
102 -- [ 348 3899]
105 -- [4279  376]
107 -- [3510  912]
108 -- [1231 3443]
110 -- [2083 1161]
111 -- [1976  774]
113 -- [2931 1790]
114 -- [ 139 3134]
115 -- [3514  794]
120 -- [1866  919]
121 -- [ 354 4450]
123 -- [ 748 1950]
125 -- [3733   86]
126 -- [1458 3245]
132 -- [4281  853]
133 -- [2649  950]
136 -- [2658  778]
137 -- [ 529 3168]
142 -- [2643 1544]
143 -- [ 884 2072]
144 -- [4023  799]
146 -- [1553 3192]
147 -- [1489 3660]
149 -- [2194 1711]
153 -- [ 592 3225]
157 -- [1688 3961]
158 -- [1727 2967]
163 -- [3426  256]
164 -- [1885 1035]
165 -- [ 443 2415]
170 -- [2888 1213]
171 -- [1513 2987]
174 -- [2939  971]
175 -- [  31 3192]
178 -- [ 399 2387]
179 -- [2974 1096]
180 -- [1462 1819]
181 -- [2612  754]
189 -- [2651  500]
190 -- [4535 1612]
192 -- [1539 2703]
194 -- [2847 1669]
196 -- [3728 1647]
197 -- [ 550 2975]
198 -- [1789 2205]
201 -- [3164   69]
202 -- [1115 2313]
205 -- [3441  376]
207 -- [2224 1017]
210 -- [1887 1700]
211 -- [1925  675]
212 -- [2773  287]
213 -- [ 804 4527]
214 -- [1605 2655]
216 -- [ 147 3976]
217 -- [1686 4420]
220 -- [2703  378]
225 -- [4093  802]
227 -- [1723 3319]
230 -- [ 189 3043]
234 -- [2972  157]
235 -- [1672 4495]
237 -- [ 376 2931]
239 -- [ 675 2374]
240 -- [3023 1076]
245 -- [3052  391]
248 -- [ 631 1838]
250 -- [ 778 3217]
251 -- [   6 3311]
256 -- [3932   86]
258 -- [4486 1730]
259 -- [4426 1485]
260 -- [4534 1076]
261 -- [1773 3597]
263 -- [1792 3921]
264 -- [1688 3536]
265 -- [1332 2063]
266 -- [2533 1048]
268 -- [2181 1561]
269 -- [ 245 2649]
271 -- [ 337 1967]
273 -- [2654 1360]
275 -- [1015 3200]
276 -- [3417  519]
277 -- [2751 1726]
278 -- [4070 1255]
279 -- [2671 1206]
285 -- [1935  363]
286 -- [4410 1553]
289 -- [ 990 2844]
290 -- [ 322 3180]
291 -- [2487 1708]
292 -- [ 459 4192]
298 -- [2888  499]
299 -- [ 733 3975]
300 -- [4180   87]
303 -- [  68 3013]
305 -- [3588  509]
307 -- [4415  122]
308 -- [1155 2760]
309 -- [ 737 3413]
311 -- [1086 2840]
313 -- [1086 2326]
315 -- [2236 1304]
317 -- [1713 3968]
318 -- [1635 2756]
319 -- [3136  893]
320 -- [4064  905]
321 -- [2683  750]
323 -- [3499  773]
326 -- [3317 1603]
329 -- [2395 1296]
331 -- [ 980 2328]
333 -- [4343 1460]
335 -- [ 953 4517]
337 -- [1015 2952]
341 -- [2082  417]
343 -- [1206 2831]
344 -- [1250 4378]
347 -- [ 964 4338]
349 -- [ 676 3387]
350 -- [ 926 3018]
352 -- [2211 1582]
354 -- [3715 1037]
355 -- [1136 4323]
360 -- [4244  427]
361 -- [3433   31]
364 -- [3847 1241]
365 -- [3164 1746]
367 -- [1361 4548]
368 -- [ 881 4027]
369 -- [3149   91]
370 -- [1326 2417]
373 -- [4004  807]
376 -- [1953  933]
378 -- [3526  161]
379 -- [3691  815]
380 -- [2226  288]
381 -- [ 668 1855]
382 -- [3442  669]
383 -- [ 128 3857]
384 -- [ 664 4139]
385 -- [  86 3817]
386 -- [1168 3363]
387 -- [4583  263]
388 -- [  86 4538]
390 -- [ 586 3549]
392 -- [1025 3888]
395 -- [2824 1032]
397 -- [2166 1185]
398 -- [4323 1409]
400 -- [ 666 2490]
401 -- [2790   47]
402 -- [3583 1711]
403 -- [ 733 3134]
404 -- [3220 1269]
406 -- [1800 2463]
408 -- [2143  109]
409 -- [1755 2397]
410 -- [1774 3628]
412 -- [1044 3909]
417 -- [3488  595]
418 -- [ 923 3005]
420 -- [2900  433]
421 -- [3141 1280]
422 -- [ 255 2041]
423 -- [3788 1504]
424 -- [1325 3201]
430 -- [3805 1614]
431 -- [2801  697]
439 -- [ 773 3061]
440 -- [1883  176]
442 -- [3272  408]
443 -- [ 854 2939]
444 -- [4114  313]
448 -- [2364  287]
449 -- [1472 3995]
454 -- [ 380 4446]
460 -- [3768  220]
461 -- [1661 3476]
463 -- [ 514 3043]
464 -- [   2 2677]
465 -- [2364 1003]
468 -- [ 295 3890]
469 -- [2061 1323]
472 -- [3984 1186]
474 -- [2111  780]
477 -- [2763 1640]
478 -- [4341  709]
481 -- [2516   66]
485 -- [3760  984]
486 -- [3496 1762]
489 -- [ 824 2281]
497 -- [1518 3731]
498 -- [3234  619]
499 -- [3118  648]
502 -- [2440 1611]
503 -- [3405 1123]
505 -- [1318 3055]
506 -- [1931 1759]
509 -- [1651 1935]
511 -- [1517 2991]
515 -- [4218 1775]
517 -- [3016  545]
519 -- [1181 4007]
520 -- [3419  511]
521 -- [1613 4115]
524 -- [2833  487]
528 -- [   0 2212]
532 -- [1585 3938]
533 -- [2110 1433]
535 -- [3177  209]
536 -- [ 656 2301]
537 -- [2765 1628]
539 -- [3535  617]
541 -- [2496  423]
542 -- [4212 1346]
543 -- [4431  909]
544 -- [ 259 4422]
545 -- [  17 3116]
549 -- [3162  778]
552 -- [ 926 2636]
554 -- [ 308 3429]
555 -- [4208 1205]
557 -- [ 310 4223]
558 -- [ 293 1945]
559 -- [2189 1506]
560 -- [3716  269]
564 -- [ 585 2595]
565 -- [ 790 2805]
566 -- [1188 4220]
567 -- [ 363 3355]
569 -- [3787   45]
571 -- [2597   45]
574 -- [ 414 2421]
578 -- [2589 1723]
579 -- [3112 1613]
582 -- [ 785 3930]
584 -- [2371  778]
585 -- [3574  484]
587 -- [2815  818]
596 -- [ 964 3328]
599 -- [1745 3746]
602 -- [2217 1110]
606 -- [ 964 2431]
607 -- [ 301 3755]
608 -- [ 225 4107]
609 -- [ 569 2615]
611 -- [ 326 3152]
612 -- [1359 3956]
619 -- [4185 1609]
620 -- [3713 1174]
623 -- [1902 1560]
624 -- [3142 1322]
625 -- [3019 1035]
626 -- [3745 1122]
627 -- [2322 1375]
628 -- [ 839 1988]
629 -- [ 554 4290]
631 -- [2815 1675]
632 -- [3337  802]
636 -- [3028  817]
638 -- [2417 1348]
641 -- [3113  497]
644 -- [2557  453]
646 -- [3004  333]
648 -- [2783  171]
655 -- [1757 3872]
656 -- [1106 4454]
661 -- [ 778 1991]
662 -- [1974 1377]
663 -- [2491  677]
666 -- [2768   86]
667 -- [4550  661]
671 -- [2491  568]
672 -- [2788  585]
673 -- [ 757 3776]
674 -- [ 396 4545]
675 -- [1262 2426]
676 -- [1972 1663]
677 -- [1225 1828]
678 -- [3704  751]
679 -- [1705 4547]
680 -- [2026 1524]
683 -- [ 454 2081]
684 -- [4057  216]
685 -- [2752 1204]
689 -- [4532  540]
691 -- [3245  335]
692 -- [2782  804]
693 -- [1422 3561]
694 -- [1616 2840]
696 -- [1373 2118]
697 -- [3472 1473]
699 -- [ 841 3391]
701 -- [1486 3967]
706 -- [1542 2826]
713 -- [2784 1232]
715 -- [ 334 2563]
716 -- [2857 1076]
717 -- [ 358 4515]
719 -- [ 699 3290]
720 -- [1109 3245]
721 -- [  23 2614]
722 -- [2012 1162]
723 -- [ 755 2102]
724 -- [2803 1350]
727 -- [4183  546]
729 -- [ 529 2156]
730 -- [4461 1504]
731 -- [1590 3449]
735 -- [ 171 4191]
736 -- [ 587 2309]
737 -- [ 812 2527]
738 -- [4120  122]
739 -- [1536 3260]
740 -- [ 552 4126]
742 -- [1436 3707]
745 -- [ 305 3925]
746 -- [3173 1302]
750 -- [ 911 2633]
751 -- [ 522 2801]
752 -- [ 459 3990]
754 -- [2741  435]
755 -- [4122 1268]
756 -- [ 508 2423]
758 -- [1803 4027]
759 -- [ 278 3832]
760 -- [3602 1285]
763 -- [ 779 3955]
767 -- [1430 4265]
771 -- [ 441 3579]
776 -- [ 299 3794]
778 -- [3416  994]
780 -- [2299 1464]
784 -- [2693  122]
785 -- [2944 1515]
787 -- [1237 4269]
791 -- [3107  363]
798 -- [2738  438]
803 -- [4111 1634]
804 -- [ 864 3949]
805 -- [2171 1203]
808 -- [ 164 2049]
810 -- [2077 1272]
811 -- [3408 1281]
815 -- [1432 2631]
816 -- [ 614 2878]
820 -- [ 500 4407]
821 -- [ 225 2886]
822 -- [3919 1393]
823 -- [3236  503]
824 -- [ 672 4568]
826 -- [ 281 4015]
827 -- [4212  622]
830 -- [ 429 4055]
831 -- [3920 1408]
833 -- [1714 3028]
835 -- [2835 1357]
839 -- [1715 1936]
843 -- [1708 2542]
844 -- [ 569 2273]
845 -- [ 602 3502]
847 -- [4280  570]
848 -- [3543 1765]
849 -- [ 286 1977]
854 -- [1411 2416]
855 -- [1123 1932]
858 -- [4312  571]
861 -- [3388  906]
863 -- [1545 2395]
864 -- [1676 1914]
865 -- [1051 3306]
866 -- [1533 3303]
868 -- [  60 2284]
870 -- [1205 2787]
873 -- [3761  235]
875 -- [1600 4437]
877 -- [1206 3066]
878 -- [ 249 3235]
879 -- [ 986 2438]
883 -- [1085 4474]
885 -- [2307 1399]
886 -- [4240 1716]
894 -- [1536 1969]
896 -- [  58 3956]
903 -- [2049 1565]
904 -- [1578 2074]
907 -- [ 121 3430]
910 -- [1568 2131]
912 -- [ 484 3863]
914 -- [ 800 2783]
915 -- [ 544 1824]
917 -- [4235 1452]
918 -- [ 234 3996]
920 -- [1672 2443]
921 -- [3260 1250]
922 -- [1388 2947]
926 -- [4236 1043]
931 -- [ 132 3554]
935 -- [3801  707]
940 -- [3064 1316]
942 -- [ 906 3213]
946 -- [4002  138]
949 -- [ 735 2040]
950 -- [1037 2421]
954 -- [3657 1302]
955 -- [2536  567]
956 -- [3849 1080]
957 -- [ 999 4347]
959 -- [1077 4583]
960 -- [3118  268]
961 -- [ 576 3408]
963 -- [2190  426]
964 -- [4557  533]
965 -- [1023 3956]
970 -- [4163  569]
971 -- [ 466 2362]
977 -- [1177 2680]
979 -- [2562    1]
980 -- [ 838 2930]
981 -- [4562 1559]
983 -- [1695 3787]
985 -- [4594 1502]
988 -- [3413  231]
989 -- [1213 1953]
991 -- [2802  918]
994 -- [1208 2196]
995 -- [1311 2984]
997 -- [ 930 3647]
1001 -- [ 453 2472]
1003 -- [ 892 4548]
1006 -- [2276  909]
1009 -- [2580  706]
1010 -- [ 782 2041]
1011 -- [1432 2837]
1012 -- [ 697 3628]
1013 -- [1865  481]
1014 -- [ 210 3623]
1017 -- [ 894 1847]
1018 -- [ 450 2368]
1019 -- [1030 3665]
1023 -- [4051 1169]
1025 -- [2551  935]
1027 -- [2718  515]
1029 -- [3485 1111]
1030 -- [1735 2561]
1031 -- [1492 2290]
1034 -- [ 378 3402]
1036 -- [4499  189]
1038 -- [ 868 4241]
1039 -- [2156  247]
1040 -- [2137  228]
1042 -- [4370 1381]
1045 -- [3276  567]
1047 -- [ 731 1834]
1048 -- [2687  312]
1051 -- [  81 3303]
1055 -- [4588 1708]
1056 -- [3518   54]
1068 -- [1497 3389]
1075 -- [1695 3538]
1078 -- [ 401 4242]
1079 -- [1569 2491]
1082 -- [3319 1767]
1083 -- [ 744 3404]
1084 -- [4467  519]
1089 -- [3214  125]
1090 -- [1294 2067]
1094 -- [ 594 4474]
1097 -- [4183 1198]
1099 -- [2434   94]
1100 -- [ 802 2816]
1101 -- [ 498 2490]
1102 -- [2575 1779]
1103 -- [ 852 3879]
1106 -- [ 338 4352]
1113 -- [ 675 3177]
1116 -- [3850  148]
1119 -- [ 464 2817]
1121 -- [ 912 1962]
1127 -- [1082 1852]
1130 -- [3662 1478]
1132 -- [ 381 4555]
1134 -- [ 849 2242]
1137 -- [3620 1783]
1138 -- [ 432 4531]
1139 -- [2885 1712]
1140 -- [4435 1734]
1141 -- [3598  223]
1146 -- [1592 2783]
1148 -- [1861 1693]
1149 -- [ 674 2907]
1150 -- [1156 3777]
1154 -- [2965 1804]
1155 -- [ 765 2498]
1159 -- [ 615 3997]
1160 -- [ 758 4250]
1161 -- [1336 2807]
1165 -- [2582  541]
1167 -- [2891 1727]
1174 -- [2476 1188]
1175 -- [2862  841]
1177 -- [1229 3710]
1178 -- [ 793 4134]
1179 -- [3385 1426]
1180 -- [ 542 2287]
1181 -- [2644 1450]
1182 -- [3587 1349]
1183 -- [ 875 2786]
1184 -- [2187  994]
1185 -- [ 335 3042]
1186 -- [2810  774]
1191 -- [1291 2769]
1194 -- [3819 1655]
1195 -- [  19 3075]
1196 -- [1647 4086]
1200 -- [1412 3744]
1201 -- [ 655 4184]
1202 -- [ 320 2864]
1203 -- [ 450 2714]
1204 -- [2027  475]
1206 -- [1771 3845]
1210 -- [ 510 3456]
1211 -- [2179   79]
1212 -- [3460  686]
1216 -- [  15 2687]
1218 -- [1296 2069]
1220 -- [4454  484]
1221 -- [1624 2073]
1222 -- [4053  224]
1224 -- [1411 2502]
1225 -- [4383    0]
1226 -- [ 820 2216]
1227 -- [ 952 2579]
1229 -- [1368 2797]
1232 -- [  14 2870]
1233 -- [4046  862]
1234 -- [ 490 2586]
1236 -- [1693 1874]
1237 -- [4256  655]
1238 -- [ 522 3300]
1239 -- [2219  700]
1243 -- [ 156 3993]
1245 -- [4140 1628]
1246 -- [1441 3099]
1250 -- [ 391 3074]
1251 -- [1839  225]
1252 -- [2854 1389]
1258 -- [1319 3393]
1261 -- [2795  831]
1266 -- [3224 1651]
1267 -- [2270 1565]
1270 -- [1016 3843]
1271 -- [2185  264]
1272 -- [ 794 4375]
1274 -- [ 743 3275]
1276 -- [3239  236]
1277 -- [  50 3067]
1278 -- [2305  462]
1281 -- [1138 3272]
1288 -- [  67 3618]
1290 -- [1665 3881]
1291 -- [1681 4523]
1292 -- [1544 2613]
1293 -- [ 520 4051]
1295 -- [ 839 2422]
1297 -- [1002 4453]
1299 -- [4530  121]
1303 -- [1992  680]
1304 -- [ 354 1889]
1305 -- [3969 1490]
1306 -- [3601  313]
1311 -- [3064 1375]
1313 -- [2535  215]
1315 -- [1839  467]
1316 -- [ 295 2132]
1317 -- [2298  195]
1319 -- [1382 3621]
1322 -- [1161 3652]
1329 -- [1878  394]
1333 -- [ 432 4300]
1335 -- [ 958 3393]
1336 -- [ 745 3129]
1339 -- [4458  891]
1344 -- [3038  921]
1345 -- [2149  609]
1348 -- [ 859 2216]
1350 -- [3603  666]
1352 -- [3067  824]
1353 -- [ 100 3874]
1354 -- [3158 1249]
1356 -- [2030 1201]
1357 -- [3841 1198]
1359 -- [ 778 2100]
1361 -- [4594  139]
1362 -- [4372  625]
1364 -- [1694 3445]
1365 -- [3749  289]
1368 -- [ 429 2569]
1369 -- [2064 1646]
1370 -- [1908  244]
1375 -- [3918  436]
1376 -- [3815  529]
1377 -- [1479 2214]
1380 -- [1596 3643]
1381 -- [ 885 2088]
1384 -- [3628 1033]
1387 -- [ 733 2416]
1389 -- [ 320 3576]
1391 -- [2780  676]
1393 -- [3905 1373]
1394 -- [ 279 3794]
1395 -- [4036 1685]
1396 -- [1398 2279]
1400 -- [1287 2964]
1401 -- [1071 2542]
1402 -- [3225  156]
1403 -- [2031  131]
1405 -- [3145  686]
1406 -- [2813 1731]
1407 -- [1916 1371]
1408 -- [ 444 2288]
1409 -- [3369 1489]
1410 -- [1479 4531]
1414 -- [1145 3290]
1416 -- [1046 1921]
1420 -- [1865  858]
1423 -- [3849  560]
1424 -- [ 814 4039]
1429 -- [2812  704]
1431 -- [1669 3742]
1433 -- [4105  233]
1435 -- [1223 2157]
1438 -- [2507 1711]
1439 -- [1095 2992]
1440 -- [ 513 4046]
1442 -- [3714  136]
1445 -- [1753 2332]
1446 -- [1617 3574]
1447 -- [  80 3919]
1449 -- [2731  129]
1452 -- [2686 1201]
1453 -- [2772 1372]
1454 -- [1317 2861]
1456 -- [ 494 2078]
1457 -- [4135  337]
1462 -- [1089 4263]
1468 -- [1553 2322]
1469 -- [3749  492]
1472 -- [ 460 4408]
1475 -- [1951  705]
1476 -- [3595  516]
1479 -- [2580  300]
1480 -- [1331 3505]
1481 -- [3908 1749]
1482 -- [3018 1108]
1483 -- [3908  618]
1484 -- [ 601 2257]
1487 -- [ 587 2033]
1488 -- [ 595 4483]
1489 -- [1466 1864]
1491 -- [4597 1091]
1492 -- [ 543 2804]
1493 -- [3143  739]
1494 -- [1917  145]
1495 -- [1084 2614]
1496 -- [4552  397]
1497 -- [1747 1854]
1500 -- [2574  843]
1501 -- [3539 1305]
1502 -- [3326 1598]
1508 -- [4024   92]
1509 -- [  78 2843]
1513 -- [1603 4590]
1514 -- [ 854 3798]
1517 -- [1503 2042]
1518 -- [1397 2321]
1520 -- [2544  864]
1521 -- [ 588 3557]
1522 -- [1738 2078]
1523 -- [3097 1623]
1525 -- [ 318 4428]
1526 -- [2062 1264]
1527 -- [1189 3546]
1528 -- [4347 1116]
1529 -- [ 694 2743]
1530 -- [1409 3706]
1532 -- [2812   17]
1533 -- [1133 3388]
1535 -- [3935   61]
1538 -- [1375 3716]
1539 -- [ 969 4107]
1540 -- [1143 3453]
1542 -- [4117  733]
1545 -- [1088 2606]
1548 -- [3925 1186]
1549 -- [2205 1373]
1552 -- [4334  659]
1559 -- [4578  702]
1562 -- [2511 1678]
1563 -- [3263 1334]
1566 -- [2389 1032]
1568 -- [2188  983]
1569 -- [1571 4542]
1570 -- [4125 1171]
1574 -- [ 158 3918]
1575 -- [2107  809]
1576 -- [ 685 4299]
1577 -- [2116 1029]
1578 -- [ 590 3977]
1580 -- [1237 4016]
1581 -- [2391  719]
1584 -- [1804 3211]
1586 -- [1366 1891]
1587 -- [2400 1088]
1589 -- [4432  112]
1595 -- [1381 4128]
1600 -- [1639 4148]
1602 -- [4539 1576]
1603 -- [2062  517]
1604 -- [ 124 4435]
1607 -- [3815 1502]
1611 -- [ 162 3182]
1614 -- [2168  618]
1615 -- [ 504 2174]
1617 -- [ 214 4147]
1623 -- [4489   86]
1624 -- [ 693 2919]
1628 -- [ 337 2914]
1629 -- [ 504 4340]
1631 -- [3419 1737]
1632 -- [3955 1103]
1633 -- [2153  639]
1634 -- [3895 1794]
1635 -- [ 495 2177]
1636 -- [3400 1024]
1637 -- [2132 1283]
1639 -- [ 319 2633]
1640 -- [1681 3500]
1642 -- [4337 1171]
1645 -- [2943 1150]
1647 -- [  73 3686]
1649 -- [ 646 1905]
1656 -- [ 758 2594]
1661 -- [2568  221]
1663 -- [2972 1003]
1664 -- [1373 2412]
1665 -- [4436 1460]
1666 -- [1537 1955]
1667 -- [4323 1409]
1670 -- [1330 3388]
1672 -- [ 665 4278]
1675 -- [ 699 3830]
1678 -- [2244 1640]
1679 -- [4600 1758]
1680 -- [3264 1282]
1683 -- [2567  300]
1684 -- [ 151 3151]
1686 -- [4233 1509]
1691 -- [2452  747]
1692 -- [1863 1328]
1693 -- [ 766 2099]
1694 -- [1515 2260]
1698 -- [2132 1806]
1699 -- [3722  160]
1700 -- [1016 4313]
1702 -- [1932  424]
1703 -- [1057 2251]
1706 -- [ 838 4010]
1709 -- [2296 1268]
1710 -- [ 540 4556]
1715 -- [3113 1678]
1716 -- [1543 4486]
1717 -- [ 454 3563]
1719 -- [4499 1135]
1721 -- [  93 3199]
1722 -- [1849  621]
1723 -- [2057  180]
1725 -- [  28 3053]
1727 -- [3339 1496]
1728 -- [3070  220]
1729 -- [3007  191]
1730 -- [3264  630]
1731 -- [4435 1788]
1733 -- [3584 1611]
1736 -- [3096  502]
1739 -- [ 502 2412]
1740 -- [ 288 3236]
1748 -- [ 500 3163]
1750 -- [4495  499]
1751 -- [ 519 2420]
1753 -- [4518  624]
1755 -- [2306 1036]
1758 -- [1235 3767]
1763 -- [2881 1468]
1767 -- [ 375 1822]
1768 -- [2568  227]
1769 -- [2509  433]
1771 -- [1174 4518]
1773 -- [ 218 2473]
1774 -- [ 828 3509]
1777 -- [3086  194]
1778 -- [2272  508]
1779 -- [4108 1458]
1782 -- [ 264 3919]
1783 -- [2984  765]
1784 -- [3993  946]
1785 -- [1333 2053]
1789 -- [3612  441]
1790 -- [3269 1121]
1791 -- [ 267 3592]
1792 -- [1446 2488]
1794 -- [1559 3744]
1796 -- [1260 4338]
1797 -- [2452  367]
1806 -- [ 909 1833]
1814 -- [2191  952]
1817 -- [1950  839]
1821 -- [1489 4364]
1822 -- [ 359 4411]
1825 -- [ 610 3444]
1826 -- [ 872 1818]
1829 -- [1768 3019]
1832 -- [3722 1242]
1833 -- [1494 3316]
1834 -- [3539  219]
1835 -- [1248 2912]
1836 -- [2106   26]
1842 -- [4518  831]
1844 -- [3004  925]
1845 -- [3788  488]
1851 -- [ 668 2732]
1852 -- [4302  641]
1853 -- [1724 3232]
1854 -- [ 529 2614]
1855 -- [3637 1226]
1864 -- [2550 1421]
1866 -- [   1 3277]
1874 -- [1389 3033]
1876 -- [ 792 3495]
1878 -- [ 998 2941]
1880 -- [1990 1484]
1881 -- [ 569 2604]
1884 -- [2431 1782]
1885 -- [ 354 3711]
1886 -- [2204  241]
1887 -- [ 805 2858]
1895 -- [2343 1717]
1900 -- [3144 1240]
1901 -- [1678 3893]
1903 -- [4004 1363]
1906 -- [ 855 3946]
1908 -- [ 346 3593]
1909 -- [3344   88]
1911 -- [2784  253]
1913 -- [1405 3849]
1915 -- [2587  961]
1917 -- [ 452 2534]
1918 -- [3573 1417]
1919 -- [1602 3100]
1920 -- [ 537 2063]
1924 -- [1877 1727]
1928 -- [ 221 3676]
1929 -- [1639 2320]
1931 -- [ 874 4085]
1936 -- [1062 3909]
1940 -- [1170 2207]
1941 -- [ 267 3311]
1942 -- [3677 1350]
1943 -- [ 503 2914]
1944 -- [3622  296]
1949 -- [4524  353]
1954 -- [ 697 2847]
1956 -- [4171 1104]
1959 -- [2425 1226]
1962 -- [1646 3604]
1968 -- [ 469 2563]
1969 -- [2604  917]
1970 -- [1874  110]
1971 -- [ 394 3950]
1972 -- [3985 1458]
1975 -- [4102  740]
1977 -- [1887 1704]
1979 -- [3227 1716]
1981 -- [2928  766]
1982 -- [ 361 3127]
1983 -- [4001  437]
1984 -- [3364 1141]
1985 -- [1034 2066]
1986 -- [ 135 4288]
1991 -- [3537  989]
1992 -- [3762 1616]
1993 -- [2480 1676]
1994 -- [1311 3187]
1996 -- [ 750 3071]
2001 -- [3975  840]
2002 -- [3024  752]
2003 -- [2037  480]
2005 -- [4422 1093]
2006 -- [4091  633]
2008 -- [ 958 4176]
2010 -- [1182 3798]
2011 -- [2227  586]
2014 -- [3354  624]
2015 -- [2545 1314]
2019 -- [4336 1751]
2020 -- [2647  334]
2021 -- [2012 1746]
2024 -- [1425 3579]
2028 -- [ 699 3552]
2030 -- [1022 3739]
2031 -- [ 747 2910]
2033 -- [1537 1992]
2034 -- [2843 1009]
2035 -- [3968 1412]
2036 -- [1657 2601]
2038 -- [2894  396]
2039 -- [ 917 4230]
2040 -- [2045  712]
2041 -- [1444 3270]
2043 -- [ 343 3109]
2044 -- [2038 1592]
2045 -- [4016  678]
2047 -- [ 756 2729]
2050 -- [1448 4460]
2051 -- [2306  757]
2052 -- [3503   37]
2053 -- [4200 1551]
2054 -- [2263 1205]
2056 -- [1172 4259]
2059 -- [1905 1453]
2060 -- [1433 4475]
2063 -- [4075 1258]
2064 -- [1674 2010]
2065 -- [1212 4070]
2066 -- [  22 3303]
2068 -- [4144 1740]
2069 -- [1141 3117]
2071 -- [2494 1226]
2073 -- [3332 1712]
2076 -- [1006 3136]
2077 -- [ 953 3307]
2079 -- [2895  892]
2080 -- [1152 4130]
2081 -- [3915  465]
2084 -- [2014 1306]
2087 -- [3705 1741]
2093 -- [ 337 2159]
2095 -- [1589 3867]
2100 -- [2949  814]
2101 -- [3050  759]
2102 -- [1919  142]
2104 -- [ 416 2229]
2105 -- [2251 1438]
2106 -- [ 480 4162]
2110 -- [ 310 2876]
2111 -- [4310 1765]
2112 -- [ 693 1939]
2113 -- [ 138 2706]
2114 -- [3514  194]
2116 -- [3719 1444]
2117 -- [4524  149]
2119 -- [ 651 4527]
2120 -- [1392 4077]
2124 -- [3304  948]
2129 -- [4036 1691]
2132 -- [3836  634]
2134 -- [2476 1726]
2136 -- [3526 1347]
2138 -- [1539 3100]
2139 -- [2338  580]
2141 -- [1430 4475]
2144 -- [4569  287]
2146 -- [3589 1693]
2149 -- [1024 3504]
2151 -- [3749 1433]
2153 -- [1113 2921]
2155 -- [4026 1216]
2159 -- [2742 1793]
2160 -- [2746  541]
2161 -- [ 957 2017]
2164 -- [ 317 2378]
2166 -- [2508 1665]
2170 -- [3943  765]
2171 -- [2119  191]
2172 -- [3720 1172]
2175 -- [ 868 3946]
2176 -- [1408 4551]
2180 -- [2790  829]
2181 -- [ 111 3553]
2182 -- [1629 4532]
2183 -- [ 305 1993]
2188 -- [3354 1534]
2194 -- [3469 1172]
2197 -- [1354 4280]
2199 -- [4498 1597]
2202 -- [ 283 2917]
2206 -- [1099 2522]
2208 -- [1206 4455]
2211 -- [4172  325]
2213 -- [4493  684]
2214 -- [ 516 2907]
2220 -- [3139 1712]
2221 -- [ 631 2459]
2230 -- [3570  561]
2234 -- [3387  242]
2235 -- [ 956 1960]
2237 -- [2958 1437]
2238 -- [4383 1593]
2241 -- [1582 2877]
2242 -- [2235 1355]
2244 -- [ 357 2700]
2245 -- [3352 1272]
2246 -- [ 904 3077]
2247 -- [2964 1401]
2248 -- [ 428 4334]
2249 -- [4302  883]
2250 -- [ 221 3315]
2252 -- [3909  728]
2255 -- [2586    3]
2257 -- [ 177 2509]
2258 -- [4368 1285]
2262 -- [1111 3561]
2265 -- [4482  613]
2266 -- [3450  625]
2269 -- [3297 1272]
2271 -- [4207  144]
2272 -- [ 881 3688]
2275 -- [ 600 3643]
2280 -- [1537 4008]
2281 -- [1117 4408]
2290 -- [ 437 3815]
2291 -- [ 752 2429]
2293 -- [1398 3298]
2296 -- [2631   75]
2299 -- [1471 2745]
2300 -- [1170 3347]
2305 -- [2810   23]
2308 -- [2935 1664]
2309 -- [ 990 2817]
2311 -- [2052 1716]
2314 -- [1639 2020]
2316 -- [2405  862]
2318 -- [ 281 3454]
2324 -- [1538 2989]
2326 -- [1567 3847]
2328 -- [3726  687]
2329 -- [1454 3878]
2333 -- [3202  357]
2334 -- [ 801 2560]
2335 -- [2824 1188]
2342 -- [3960 1054]
2343 -- [3455   33]
2344 -- [3777 1226]
2345 -- [1096 3420]
2346 -- [2197  846]
2347 -- [ 123 4462]
2351 -- [2180  298]
2353 -- [2087 1149]
2356 -- [1675 2006]
2360 -- [1628 4238]
2362 -- [4090 1732]
2365 -- [ 659 2288]
2367 -- [4435  608]
2370 -- [3358 1301]
2371 -- [4534 1771]
2373 -- [1897 1400]
2375 -- [4190  427]
2381 -- [2112 1067]
2382 -- [2467  930]
2384 -- [3653  314]
2385 -- [2257 1580]
2386 -- [ 663 3315]
2390 -- [2093  156]
2392 -- [1919 1798]
2393 -- [4443 1434]
2400 -- [ 229 3486]
2402 -- [2583 1041]
2404 -- [2359 1535]
2405 -- [2686 1577]
2406 -- [2782  862]
2412 -- [ 247 3153]
2416 -- [ 309 4451]
2417 -- [2652  235]
2418 -- [ 124 2482]
2421 -- [1152 3223]
2422 -- [ 177 2362]
2423 -- [ 368 2396]
2425 -- [2876  498]
2428 -- [3487 1099]
2432 -- [1821 1634]
2435 -- [4139 1252]
2436 -- [1908 1180]
2437 -- [4235  699]
2439 -- [2595  986]
2440 -- [3234  427]
2441 -- [1302 2018]
2443 -- [ 343 2400]
2445 -- [3900 1740]
2450 -- [4594 1616]
2451 -- [1546 2309]
2453 -- [3065  901]
2457 -- [4350  316]
2458 -- [2930  629]
2459 -- [1631 4439]
2461 -- [1547 2391]
2466 -- [ 424 2832]
2471 -- [ 147 2042]
2472 -- [2485 1658]
2475 -- [ 394 4531]
2476 -- [ 646 3302]
2478 -- [1875 1533]
2479 -- [1709 1824]
2483 -- [ 280 2118]
2484 -- [1084 1955]
2485 -- [2461 1365]
2486 -- [1045 3007]
2487 -- [1556 4273]
2488 -- [3988  697]
2491 -- [3227 1054]
2493 -- [4131  952]
2495 -- [2069  467]
2496 -- [2201 1188]
2500 -- [ 694 3574]
2501 -- [2563 1592]
2502 -- [1346 4006]
2504 -- [2060  399]
2505 -- [ 783 4047]
2506 -- [ 727 3346]
2507 -- [ 508 2143]
2508 -- [4454   12]
2509 -- [1662 2804]
2512 -- [1203 4278]
2514 -- [2444 1604]
2516 -- [2998 1092]
2517 -- [ 327 3916]
2518 -- [1616 3946]
2520 -- [ 720 2056]
2525 -- [ 624 1858]
2527 -- [1790 3407]
2529 -- [ 586 3247]
2531 -- [ 871 4184]
2536 -- [ 661 2532]
2538 -- [1748 4111]
2539 -- [2163  307]
2541 -- [2326  550]
2542 -- [1271 3725]
2544 -- [1153 3897]
2549 -- [1570 2701]
2551 -- [1457 2858]
2552 -- [1703 2386]
2554 -- [1027 2557]
2556 -- [2027  187]
2557 -- [2564 1438]
2560 -- [2963   17]
2562 -- [1930  291]
2563 -- [2140  894]
2571 -- [2147  584]
2572 -- [3719 1176]
2573 -- [2052  210]
2574 -- [3630 1692]
2576 -- [  11 3652]
2579 -- [3054 1325]
2581 -- [ 361 2131]
2588 -- [ 845 1872]
2589 -- [ 599 3275]
2594 -- [3714 1149]
2595 -- [3374  790]
2596 -- [3434 1644]
2602 -- [ 136 2095]
2605 -- [1467 2827]
2606 -- [ 336 3328]
2607 -- [2006 1396]
2609 -- [ 421 2133]
2610 -- [ 292 2939]
2615 -- [2404  524]
2617 -- [3027 1170]
2623 -- [1811 2368]
2624 -- [ 206 3089]
2627 -- [ 716 3507]
2628 -- [2689  920]
2629 -- [2519 1278]
2630 -- [2317   65]
2631 -- [4597 1101]
2633 -- [3612   18]
2638 -- [ 405 4144]
2648 -- [3041  393]
2649 -- [ 972 3936]
2650 -- [ 548 1859]
2652 -- [1117 4353]
2653 -- [2482  280]
2656 -- [3422 1223]
2657 -- [1203 2640]
2658 -- [3134 1664]
2659 -- [4252   82]
2660 -- [ 993 2129]
2663 -- [ 853 2317]
2668 -- [ 236 1840]
2670 -- [3401  699]
2672 -- [1674 1960]
2675 -- [3590 1020]
2676 -- [1947 1500]
2677 -- [3261  752]
2679 -- [ 487 2960]
2681 -- [1288 2506]
2683 -- [3398 1288]
2685 -- [ 999 3546]
2689 -- [3282 1195]
2690 -- [ 973 3371]
2691 -- [2328   26]
2693 -- [3505  277]
2694 -- [2800 1037]
2699 -- [3793  648]
2700 -- [ 633 1852]
2703 -- [4084 1110]
2704 -- [ 104 3170]
2706 -- [3508 1639]
2708 -- [2812 1373]
2713 -- [ 709 2080]
2717 -- [ 560 2566]
2718 -- [ 721 2850]
2719 -- [1257 2189]
2720 -- [1052 2255]
2721 -- [ 347 3005]
2722 -- [3449  509]
2723 -- [1143 4312]
2728 -- [1260 2147]
2729 -- [ 432 3645]
2731 -- [4139 1348]
2732 -- [ 482 4445]
2735 -- [ 521 3972]
2739 -- [1455 4124]
2740 -- [4314  556]
2744 -- [ 786 4086]
2747 -- [ 938 3872]
2748 -- [ 253 2250]
2749 -- [3048 1703]
2751 -- [3338  257]
2754 -- [2753  161]
2755 -- [ 260 2139]
2757 -- [4557  788]
2759 -- [2817  496]
2760 -- [2733 1603]
2761 -- [2846  447]
2762 -- [ 469 3496]
2769 -- [ 172 2528]
2770 -- [2744 1216]
2777 -- [2920 1388]
2781 -- [ 379 3821]
2782 -- [1871  437]
2784 -- [2160  269]
2785 -- [ 611 3073]
2786 -- [1846 1075]
2787 -- [3865 1148]
2789 -- [1493 2118]
2791 -- [3769  453]
2794 -- [  53 3279]
2795 -- [4078 1152]
2797 -- [3368  741]
2799 -- [ 664 3241]
2802 -- [ 449 2362]
2804 -- [ 366 2344]
2805 -- [ 881 3502]
2807 -- [1590 3449]
2813 -- [3136  365]
2817 -- [2327  845]
2818 -- [1576 3583]
2819 -- [3474  499]
2822 -- [1194 2214]
2823 -- [4236  778]
2824 -- [3026  738]
2825 -- [4464 1156]
2827 -- [2145  663]
2829 -- [3123 1790]
2833 -- [3434  610]
2834 -- [2646  809]
2838 -- [ 656 2128]
2839 -- [1468 3344]
2840 -- [1678 2250]
2841 -- [2993  148]
2844 -- [2066 1150]
2850 -- [4266 1414]
2852 -- [ 212 1983]
2853 -- [3797  983]
2860 -- [4184 1407]
2861 -- [2496   32]
2863 -- [1268 3814]
2864 -- [1885  134]
2866 -- [4253 1505]
2867 -- [ 257 4177]
2868 -- [4501  906]
2869 -- [4080  595]
2872 -- [2857 1019]
2873 -- [ 437 2806]
2874 -- [ 107 2306]
2876 -- [2234  291]
2877 -- [2690 1496]
2879 -- [1556 2775]
2880 -- [2015  376]
2881 -- [2366 1345]
2883 -- [3968  410]
2884 -- [3248 1310]
2885 -- [1139 2168]
2889 -- [3293 1691]
2890 -- [3952  478]
2891 -- [2573 1501]
2894 -- [2832  556]
2897 -- [1002 2219]
2898 -- [2189  704]
2899 -- [3030  377]
2902 -- [1071 4081]
2903 -- [ 828 2138]
2904 -- [1388 1853]
2908 -- [3042 1499]
2909 -- [4219  914]
2911 -- [ 429 3452]
2917 -- [1108 4119]
2919 -- [1968  512]
2921 -- [ 693 3122]
2923 -- [1692 2682]
2926 -- [2308  968]
2930 -- [ 468 2520]
2937 -- [1643 3672]
2938 -- [1633 3918]
2945 -- [2148 1640]
2946 -- [3043 1634]
2947 -- [3606  534]
2948 -- [1453 2036]
2949 -- [1016 2065]
2952 -- [1501 2742]
2953 -- [4077 1486]
2955 -- [ 899 1863]
2958 -- [ 649 4421]
2960 -- [1638 4403]
2962 -- [1507 3250]
2970 -- [2351  355]
2971 -- [3055 1407]
2972 -- [3707 1585]
2974 -- [1322 3594]
2975 -- [ 510 2383]
2978 -- [4145  370]
2981 -- [ 967 2865]
2985 -- [4451  217]
2989 -- [ 340 2262]
2990 -- [1098 4040]
2991 -- [2998 1772]
2992 -- [3501   34]
2993 -- [1072 2534]
2995 -- [3176  957]
2996 -- [2646  642]
2997 -- [ 306 4500]
3002 -- [ 975 4422]
3003 -- [3744  308]
3004 -- [1139 3055]
3005 -- [3237 1653]
3006 -- [ 360 3027]
3017 -- [  40 2420]
3019 -- [ 781 2823]
3020 -- [1148 3998]
3022 -- [3011  592]
3025 -- [2259 1080]
3026 -- [ 543 3469]
3027 -- [2510  267]
3028 -- [1863  489]
3029 -- [  11 3247]
3030 -- [ 983 3073]
3031 -- [1447 4155]
3033 -- [ 389 4514]
3034 -- [2828 1279]
3039 -- [1023 3511]
3041 -- [3123  590]
3043 -- [ 571 3964]
3045 -- [2947 1450]
3046 -- [2950 1196]
3048 -- [2350  614]
3049 -- [2144  530]
3051 -- [1659 2997]
3054 -- [ 227 3699]
3056 -- [3313  898]
3057 -- [  74 3510]
3058 -- [4411  762]
3059 -- [3062 1069]
3061 -- [1665 3803]
3062 -- [ 589 2958]
3063 -- [2998 1154]
3064 -- [1482 3375]
3067 -- [4478  210]
3068 -- [4376 1151]
3071 -- [3211  578]
3074 -- [2561 1591]
3076 -- [1929   99]
3077 -- [4019  902]
3078 -- [ 474 2116]
3080 -- [2120  854]
3081 -- [2710 1779]
3084 -- [1999 1769]
3086 -- [ 886 4392]
3087 -- [ 617 2399]
3089 -- [1745 3670]
3093 -- [1014 4064]
3094 -- [3271 1334]
3096 -- [2303 1241]
3097 -- [3939   59]
3098 -- [ 219 2879]
3100 -- [2946  794]
3104 -- [ 544 4344]
3106 -- [4579 1125]
3107 -- [3818  224]
3109 -- [1428 2414]
3112 -- [3496  638]
3116 -- [ 491 3551]
3119 -- [ 875 3795]
3122 -- [3370  123]
3123 -- [3174 1567]
3124 -- [ 306 2395]
3125 -- [1472 3870]
3126 -- [ 237 3151]
3129 -- [ 280 4013]
3130 -- [1198 2949]
3135 -- [3825  306]
3137 -- [1461 1823]
3139 -- [1410 4515]
3140 -- [4355  756]
3141 -- [2520 1117]
3142 -- [1022 2756]
3143 -- [1119 1878]
3148 -- [2987 1811]
3151 -- [3468 1478]
3154 -- [ 219 2733]
3156 -- [1334 2182]
3157 -- [1260 2306]
3160 -- [ 364 3345]
3161 -- [ 593 3960]
3164 -- [1603 2949]
3165 -- [3400  417]
3166 -- [2766 1232]
3171 -- [1566 3476]
3172 -- [1412 3310]
3173 -- [2000 1183]
3176 -- [3269  197]
3179 -- [3014  419]
3180 -- [ 739 2109]
3184 -- [1161 4272]
3185 -- [1589 2668]
3189 -- [1386 3091]
3190 -- [3313  829]
3192 -- [2295  276]
3196 -- [3207  932]
3197 -- [1011 3085]
3199 -- [1333 3794]
3201 -- [1941 1481]
3203 -- [1700 3187]
3204 -- [2130 1202]
3208 -- [1452 2139]
3211 -- [2207  210]
3213 -- [2062  706]
3214 -- [ 985 3150]
3215 -- [2880  402]
3217 -- [4459 1325]
3218 -- [3032  727]
3220 -- [1114 2697]
3223 -- [1536 4046]
3227 -- [  23 2842]
3228 -- [ 160 2143]
3231 -- [3698 1057]
3232 -- [2408  461]
3234 -- [2598 1302]
3235 -- [1946 1184]
3237 -- [3615   10]
3238 -- [3621 1798]
3241 -- [3861  698]
3246 -- [2426 1312]
3247 -- [3168  549]
3248 -- [1892 1626]
3249 -- [ 474 3812]
3251 -- [2737  917]
3253 -- [ 191 3232]
3254 -- [ 423 3349]
3255 -- [1447 3816]
3257 -- [3202  189]
3258 -- [ 229 2965]
3259 -- [3696  453]
3260 -- [2235 1665]
3262 -- [ 636 3808]
3264 -- [4586  365]
3267 -- [1975  183]
3268 -- [2896 1659]
3270 -- [1302 4243]
3273 -- [ 758 3386]
3275 -- [ 406 3637]
3279 -- [1353 3923]
3280 -- [1027 2739]
3282 -- [2185  945]
3283 -- [ 416 4311]
3284 -- [1266 4534]
3285 -- [3619 1627]
3286 -- [ 980 2948]
3287 -- [ 571 3751]
3290 -- [ 315 4132]
3293 -- [3402  500]
3294 -- [4280 1564]
3295 -- [3612  847]
3297 -- [ 119 3667]
3300 -- [2570  141]
3304 -- [1677 3918]
3306 -- [ 306 3641]
3308 -- [3080 1392]
3309 -- [2695   77]
3312 -- [1806 2703]
3314 -- [1508 2257]
3315 -- [1813 1215]
3317 -- [ 601 2045]
3323 -- [  37 1841]
3324 -- [ 900 4204]
3325 -- [4445 1363]
3327 -- [3499 1420]
3332 -- [ 950 1892]
3333 -- [3381 1287]
3336 -- [2379  959]
3344 -- [1742 3817]
3346 -- [1600 2750]
3348 -- [2024   33]
3350 -- [4047  253]
3351 -- [2705 1452]
3352 -- [ 277 1961]
3353 -- [2941 1221]
3354 -- [ 495 2216]
3357 -- [ 841 2987]
3360 -- [3149 1175]
3361 -- [3025 1247]
3364 -- [1053 4144]
3365 -- [ 590 3421]
3366 -- [2183  258]
3370 -- [1916  199]
3372 -- [1914  158]
3373 -- [2935 1152]
3378 -- [3834 1141]
3379 -- [2638 1100]
3380 -- [2756  459]
3386 -- [3802  229]
3387 -- [3835  518]
3389 -- [1693 4301]
3392 -- [ 434 4242]
3393 -- [  50 2062]
3395 -- [2922  863]
3397 -- [4419 1463]
3398 -- [4064  749]
3402 -- [4316  378]
3404 -- [2272  824]
3406 -- [4281 1427]
3407 -- [3803 1098]
3408 -- [4521  872]
3410 -- [4264  651]
3411 -- [ 625 3332]
3412 -- [ 367 2466]
3413 -- [1135 3498]
3417 -- [2809  714]
3418 -- [ 905 3994]
3419 -- [4579 1599]
3421 -- [1475 2979]
3425 -- [4519 1558]
3426 -- [3353  856]
3427 -- [1145 3059]
3428 -- [ 392 2709]
3430 -- [1288 3249]
3434 -- [4323  582]
3435 -- [1562 3951]
3437 -- [1004 4119]
3441 -- [3672 1734]
3442 -- [ 609 2005]
3443 -- [3826 1059]
3444 -- [1319 3438]
3445 -- [3798 1138]
3451 -- [1357 3872]
3455 -- [1345 1834]
3458 -- [3571  263]
3466 -- [3275  167]
3468 -- [1284 3192]
3472 -- [1323 4297]
3475 -- [4012  678]
3476 -- [ 764 3090]
3477 -- [2105  240]
3479 -- [2018  361]
3480 -- [  65 2848]
3482 -- [2316 1097]
3483 -- [4214  650]
3488 -- [1625 4026]
3490 -- [1073 2142]
3492 -- [4335  144]
3493 -- [2595  690]
3495 -- [ 444 4311]
3497 -- [1784 3125]
3498 -- [2865  202]
3500 -- [1943  121]
3502 -- [1445 3346]
3503 -- [1104 4207]
3505 -- [2329 1197]
3511 -- [ 971 2906]
3514 -- [4158  651]
3517 -- [1809 3251]
3518 -- [ 893 2483]
3519 -- [4258   61]
3521 -- [1892  188]
3522 -- [2218 1786]
3523 -- [3721 1464]
3524 -- [ 616 2906]
3527 -- [ 246 4519]
3528 -- [3217  595]
3531 -- [1823  214]
3532 -- [3837  788]
3534 -- [1941  692]
3535 -- [ 549 3992]
3536 -- [2521  804]
3539 -- [3227  309]
3543 -- [1490 2687]
3544 -- [1459 2657]
3546 -- [3386  140]
3549 -- [1864 1283]
3550 -- [1268 3755]
3553 -- [ 725 4109]
3554 -- [2487  227]
3555 -- [4579  452]
3563 -- [2301 1435]
3564 -- [3909 1063]
3568 -- [2184 1595]
3572 -- [ 309 3836]
3573 -- [2662 1369]
3574 -- [ 939 2778]
3575 -- [1797 4052]
3576 -- [2472 1655]
3577 -- [3815 1504]
3579 -- [2980  210]
3581 -- [1716 3980]
3582 -- [2056  396]
3584 -- [1629 3583]
3585 -- [1504 4329]
3586 -- [ 589 2214]
3587 -- [ 128 2693]
3590 -- [3148  137]
3591 -- [1046 2048]
3593 -- [ 268 3647]
3595 -- [1991  731]
3596 -- [  28 3150]
3599 -- [  96 4506]
3603 -- [3704  599]
3604 -- [1993  893]
3606 -- [1899  889]
3607 -- [3326  471]
3608 -- [2005 1354]
3610 -- [3372  557]
3614 -- [ 326 2745]
3615 -- [1651 4142]
3616 -- [ 109 3081]
3617 -- [2803 1373]
3620 -- [ 775 3180]
3622 -- [3926  187]
3626 -- [2052 1066]
3631 -- [1748 3675]
3632 -- [1325 4309]
3634 -- [1283 4161]
3635 -- [1703 2460]
3636 -- [2915 1802]
3639 -- [1479 3868]
3641 -- [3231 1720]
3643 -- [3522 1573]
3644 -- [3090  592]
3645 -- [2194 1126]
3648 -- [1906  313]
3653 -- [3562  919]
3654 -- [   2 3703]
3659 -- [1893 1582]
3661 -- [1202 3344]
3664 -- [3975 1226]
3665 -- [4196  894]
3667 -- [1206 2883]
3668 -- [4455  718]
3672 -- [ 589 3432]
3674 -- [2913 1421]
3681 -- [3831 1603]
3684 -- [ 414 3914]
3686 -- [3324  921]
3687 -- [ 543 2719]
3688 -- [1251 3430]
3692 -- [2582  504]
3695 -- [ 217 2057]
3697 -- [1720 3624]
3698 -- [2300  901]
3699 -- [ 539 2591]
3700 -- [2114  394]
3702 -- [ 920 3971]
3705 -- [3023 1051]
3707 -- [1251 2532]
3708 -- [3230  986]
3709 -- [ 322 2538]
3710 -- [ 209 1834]
3712 -- [3798 1197]
3713 -- [2718  858]
3714 -- [4478 1615]
3716 -- [3234 1210]
3717 -- [ 825 4479]
3723 -- [3382  568]
3726 -- [ 904 3634]
3729 -- [1581 1977]
3730 -- [1534 3221]
3731 -- [2684  675]
3732 -- [ 196 4282]
3735 -- [  88 4513]
3739 -- [3337  623]
3742 -- [4427 1567]
3744 -- [2464  411]
3745 -- [2960 1210]
3746 -- [1274 3649]
3748 -- [1426 2796]
3749 -- [3102  245]
3750 -- [3729 1500]
3752 -- [2070  149]
3754 -- [3617  644]
3758 -- [2005 1530]
3761 -- [1407 4403]
3769 -- [3259  890]
3770 -- [1871 1694]
3773 -- [3324 1657]
3774 -- [4550  287]
3777 -- [3401 1083]
3779 -- [2268 1260]
3780 -- [ 161 4010]
3781 -- [ 263 3516]
3783 -- [3924  923]
7 -time: 0.02233 -dim: (11172, 2)
8 -time: 0.00015 -dim: (7, 57)
9 -time: 4.17442 -dim: (1835400, 3)
10 -time: 6.01457 -dim: (1730141, 3)
11_12 -time: 0.20145 -dim: [110424, 2]
13 -time: 0.07942 -dim: (36808, 4)
14_15 -time: 0.03827 -dim: [798, 2]
16 -time: 0.00002 -dim: (0, 2)
17_18 -time: 0.38679 -dim: [73616, 3]
19 -time: 0.00011 -dim: (1, 1)
20 -time: 0.24137 -dim: (0, 4601)
21 -time: 0.00083 -dim: (1, 4601)
22 -time: 0.00009 -dim: (3785, 3)
23 -time: 0.00005 -dim: (3785, 3)
24 -time: 0.00005 -dim: (0, 5)
25 -time: 0.00009 -dim: (4266, 3)
26 -time: 0.00006 -dim: (4266, 3)
smtPr 22-26 -time: 0.02627 -dim: nan
slvr_header -time: 1.26999 -dim: nan
*solver* -time: 900.20300 -dim: nan
res_read -time: 0.11492 -dim: nan
-- SUM CL TIME: 11.18634          |  SUM other TIME: 901.58791          |  SUM TIME: 912.77425
