num branch_node: 7
num leaf_node: 8
num feature: 57
tree_depth: 3
num label: 2
nDC: 2432

***variables
a: 1 - 399 -> 399
s: 400 - 32606 -> 32207
z: 32607 - 69414 -> 36808
g: 69415 - 69430 -> 16
x: 69431 - 78632 -> 9202
ml: 78633 - 81100 -> 2468
cl: 81101 - 83233 -> 2133

variables***
[debug] --> CL ML ratio 1
the cl header --> p wcnf 83233 3812171 4602

timeout 900s ~/SAT_Project/loandra-master/loandra_static -pmreslin-cglim=30 -weight-strategy=1 -print-model -verbosity=1 ./solutions/spam_0.1_mc1.0_s2352_r1/phase_1_clauses_final >./solutions/spam_0.1_mc1.0_s2352_r1/phase_1_loandra_res

Start to read loandra res
*loandra status: SATISFIABLE
-ml sat and violated: 2003 | 465  | total #ml: 2468 | -violated weight: 465
9 -- [960 393]
15 -- [1508 1032]
18 -- [1809  255]
23 -- [154 247]
25 -- [  58 1297]
30 -- [3543 4404]
31 -- [599 664]
32 -- [955 799]
36 -- [2110 2490]
39 -- [4336 2693]
51 -- [1384  610]
59 -- [842 867]
61 -- [144 881]
62 -- [4121 3505]
66 -- [ 379 1463]
73 -- [1535 1138]
75 -- [1851 2663]
76 -- [4198 3814]
79 -- [645 685]
80 -- [3741 1883]
86 -- [3430 2441]
101 -- [433 592]
107 -- [1046  967]
109 -- [1230  305]
111 -- [3690 4479]
113 -- [ 750 1594]
121 -- [1111  680]
126 -- [1574 1581]
134 -- [ 490 1020]
136 -- [4097 4430]
140 -- [159 686]
157 -- [  57 1229]
162 -- [ 549 1040]
165 -- [2016 4514]
172 -- [1005  163]
177 -- [1760  233]
183 -- [2959 2119]
187 -- [3050 4215]
188 -- [1754 1258]
189 -- [3642 2326]
194 -- [1082  756]
201 -- [  57 1025]
202 -- [742 193]
205 -- [3197 2871]
207 -- [ 152 1226]
209 -- [1073  866]
219 -- [1723  116]
221 -- [ 391 1704]
229 -- [ 516 1017]
233 -- [403  26]
237 -- [4388 4025]
238 -- [2661 1888]
239 -- [1683  831]
245 -- [4369 2393]
246 -- [3430 4519]
251 -- [1092 1200]
256 -- [212 429]
259 -- [544 620]
270 -- [1399 1317]
278 -- [2965 2110]
279 -- [3607 3217]
281 -- [1476  894]
294 -- [1514  730]
296 -- [ 444 1293]
300 -- [ 650 1559]
301 -- [2827 4435]
303 -- [552 269]
306 -- [ 998 1410]
332 -- [2823 3875]
333 -- [1555 1727]
342 -- [1526    8]
351 -- [1048 1387]
352 -- [ 399 1788]
362 -- [ 352 1560]
365 -- [1529  740]
380 -- [1194 1622]
381 -- [ 852 1421]
390 -- [3292 3427]
395 -- [2144 2304]
414 -- [803 209]
423 -- [3014 4502]
426 -- [ 74 845]
433 -- [1138 1563]
437 -- [ 324 1759]
439 -- [1803 1721]
445 -- [1175 1307]
448 -- [1310   94]
449 -- [1159  157]
450 -- [ 423 1543]
455 -- [4348 4198]
457 -- [2064 2534]
464 -- [ 373 1594]
465 -- [3945 3922]
468 -- [ 412 1205]
471 -- [4121 2495]
479 -- [1722  502]
482 -- [1623  178]
489 -- [1469  390]
491 -- [1641 1481]
500 -- [ 943 1781]
501 -- [3978 4315]
507 -- [402 459]
512 -- [1182  132]
513 -- [1745 1685]
517 -- [2461 1898]
519 -- [ 789 1105]
521 -- [403 525]
532 -- [1622  744]
551 -- [665 511]
552 -- [829 358]
554 -- [4012 3696]
561 -- [931 805]
565 -- [4280 2708]
571 -- [1610 1502]
583 -- [1425 1677]
586 -- [1668  683]
599 -- [2305 4470]
600 -- [592 117]
605 -- [1531 1404]
610 -- [2764 2809]
620 -- [3329 3233]
628 -- [ 719 1545]
633 -- [1702  669]
634 -- [1488 1005]
641 -- [ 634 1687]
642 -- [2307 4208]
644 -- [1734 1716]
645 -- [693 152]
651 -- [304 886]
654 -- [ 245 1752]
662 -- [1571  473]
666 -- [1058  441]
685 -- [699 271]
686 -- [1367  426]
697 -- [2631 4442]
707 -- [1178  166]
714 -- [1056  519]
733 -- [1789 1413]
734 -- [1173 1433]
735 -- [4336 1952]
737 -- [4405 3233]
743 -- [4464 3741]
749 -- [880 110]
753 -- [2353 2809]
754 -- [1529  831]
768 -- [595 674]
775 -- [3441 2830]
782 -- [1969 3510]
792 -- [1091  687]
794 -- [4359 1971]
796 -- [2175 2318]
800 -- [2313 4548]
807 -- [4358 3026]
813 -- [ 115 1068]
821 -- [901 590]
830 -- [2147 4087]
836 -- [749 676]
839 -- [ 488 1461]
843 -- [1932 3430]
845 -- [978 131]
846 -- [2241 2653]
859 -- [2459 1981]
864 -- [3109 3875]
870 -- [764 303]
872 -- [ 473 1529]
882 -- [1457  880]
891 -- [ 626 1234]
910 -- [4307 4479]
911 -- [3174 4502]
919 -- [2375 3063]
924 -- [1245  550]
926 -- [1342  263]
930 -- [2830 2077]
932 -- [1658  168]
933 -- [184 628]
938 -- [ 564 1763]
954 -- [ 319 1396]
968 -- [1412 1376]
970 -- [2540 2932]
971 -- [1706 1797]
978 -- [1952 3464]
983 -- [2315 3405]
984 -- [211 270]
987 -- [1614  377]
990 -- [4415 3009]
993 -- [1511  540]
1006 -- [ 852 1682]
1008 -- [2473 3233]
1010 -- [102 396]
1013 -- [287 595]
1022 -- [4252 4521]
1032 -- [1192  556]
1036 -- [1305 1716]
1037 -- [2175 4357]
1043 -- [2305 3552]
1046 -- [2767 2119]
1049 -- [1292 1032]
1056 -- [485 905]
1057 -- [ 325 1673]
1058 -- [295 208]
1059 -- [400 558]
1060 -- [2226 1895]
1062 -- [1092  605]
1067 -- [431 677]
1088 -- [2378 4435]
1090 -- [1856 2155]
1091 -- [1182 1205]
1095 -- [1508  732]
1107 -- [4570 3417]
1111 -- [1130 1457]
1114 -- [1040 1548]
1116 -- [1199 1425]
1126 -- [4104 2917]
1132 -- [ 599 1582]
1134 -- [ 357 1289]
1140 -- [1502 1341]
1146 -- [1233  884]
1150 -- [ 886 1595]
1152 -- [ 27 140]
1155 -- [3501 2464]
1156 -- [620 859]
1173 -- [3699 1969]
1184 -- [1531  639]
1186 -- [1721  576]
1193 -- [2743 4415]
1195 -- [158 647]
1196 -- [ 353 1629]
1197 -- [2873 1993]
1201 -- [ 53 478]
1202 -- [1586  936]
1206 -- [2538 4478]
1208 -- [1382  959]
1220 -- [1787  954]
1225 -- [ 536 1383]
1233 -- [3671 2545]
1239 -- [789 829]
1246 -- [1007 1233]
1250 -- [1723 1256]
1252 -- [ 506 1756]
1262 -- [969 310]
1263 -- [128   7]
1271 -- [1605 1645]
1278 -- [482 179]
1282 -- [609 152]
1283 -- [187 207]
1299 -- [ 574 1652]
1318 -- [1129 1457]
1328 -- [ 907 1109]
1334 -- [1003   78]
1338 -- [4403 3087]
1344 -- [2634 4473]
1346 -- [1482 1102]
1347 -- [199 826]
1351 -- [570 847]
1355 -- [1756  206]
1360 -- [404 475]
1361 -- [4541 4415]
1366 -- [1287  776]
1367 -- [436 746]
1375 -- [4505 3479]
1376 -- [2529 3217]
1380 -- [ 317 1446]
1390 -- [ 824 1628]
1398 -- [1767 1379]
1401 -- [2945 2815]
1407 -- [212 647]
1419 -- [1276  805]
1424 -- [1108 1189]
1434 -- [277 934]
1446 -- [4360 3351]
1449 -- [ 217 1591]
1451 -- [ 215 1453]
1453 -- [666 465]
1460 -- [ 591 1414]
1462 -- [130 596]
1467 -- [1155 1373]
1472 -- [3612 4325]
1473 -- [4284 2456]
1477 -- [1050  351]
1483 -- [2594 3196]
1486 -- [484 284]
1490 -- [283 214]
1492 -- [2615 2539]
1493 -- [578 640]
1494 -- [655 110]
1495 -- [2637 4404]
1496 -- [1525  111]
1500 -- [934 258]
1501 -- [ 539 1194]
1515 -- [1565  634]
1516 -- [4192 4502]
1532 -- [ 486 1217]
1534 -- [970 645]
1563 -- [4380 3979]
1576 -- [2107 2241]
1612 -- [3446 4298]
1652 -- [3269 3021]
1653 -- [4377 3372]
1662 -- [1055 1691]
1663 -- [286  37]
1666 -- [ 32 323]
1668 -- [364 704]
1669 -- [3799 3632]
1678 -- [ 103 1343]
1685 -- [1472 1128]
1688 -- [ 899 1151]
1696 -- [1513 1472]
1711 -- [1047  877]
1713 -- [447 518]
1724 -- [ 936 1159]
1729 -- [4442 2753]
1736 -- [2615 2411]
1737 -- [3217 2239]
1742 -- [1253   67]
1745 -- [2830 2918]
1748 -- [1417 1296]
1752 -- [598 334]
1757 -- [1466 1093]
1759 -- [ 686 1211]
1760 -- [1314 1342]
1762 -- [814 356]
1763 -- [3320 2480]
1766 -- [3372 3900]
1767 -- [3257 4336]
1773 -- [  71 1300]
1774 -- [2510 4434]
1781 -- [1761  766]
1782 -- [609  55]
1787 -- [1295  971]
1791 -- [ 34 609]
1795 -- [ 620 1178]
1798 -- [4243 2241]
1801 -- [276 127]
1802 -- [1158 1242]
1807 -- [3504 2676]
1815 -- [1113  105]
1822 -- [1170 1203]
1824 -- [1615  125]
1829 -- [422 701]
1832 -- [3458 1981]
1839 -- [2121 2295]
1844 -- [1144 1377]
1846 -- [ 690 1277]
1849 -- [1351 1389]
1854 -- [1195 1113]
1858 -- [1052  665]
1867 -- [2052 2305]
1880 -- [1714  217]
1884 -- [1143  375]
1890 -- [2021 2744]
1892 -- [2121 2425]
1894 -- [  82 1268]
1897 -- [2461 2716]
1900 -- [1752  107]
1902 -- [  34 1655]
1904 -- [  80 1244]
1911 -- [709  20]
1914 -- [4153 1952]
1915 -- [ 319 1321]
1927 -- [ 867 1410]
1928 -- [3945 2075]
1943 -- [716 793]
1945 -- [ 409 1240]
1951 -- [ 228 1676]
1953 -- [2021 2799]
1956 -- [4192 3197]
1960 -- [4336 3333]
1966 -- [1741 1335]
1969 -- [3480 4284]
1973 -- [4311 2248]
1982 -- [3643 4433]
1986 -- [4258 3250]
1987 -- [ 129 1521]
1988 -- [2872 4215]
1989 -- [ 97 563]
2031 -- [ 896 1465]
2040 -- [955 699]
2045 -- [1225 1692]
2050 -- [1482  841]
2059 -- [  50 1527]
2060 -- [ 294 1018]
2062 -- [874 540]
2063 -- [ 381 1562]
2065 -- [784 511]
2068 -- [1965 4486]
2070 -- [1006 1749]
2078 -- [1623  884]
2079 -- [1330  734]
2080 -- [1481  152]
2081 -- [ 973 1175]
2083 -- [612  30]
2089 -- [659 444]
2103 -- [ 255 1025]
2107 -- [567 776]
2109 -- [ 257 1722]
2114 -- [ 565 1114]
2115 -- [993  80]
2116 -- [4321 3121]
2119 -- [4149 2809]
2127 -- [1804   70]
2140 -- [3968 1851]
2142 -- [3063 2593]
2147 -- [1371 1542]
2148 -- [2461 2583]
2149 -- [1658  332]
2151 -- [845  45]
2154 -- [1081  475]
2166 -- [470 869]
2171 -- [ 84 303]
2174 -- [487   7]
2175 -- [ 454 1086]
2181 -- [2623 4360]
2185 -- [ 111 1040]
2189 -- [4216 4209]
2197 -- [1333 1495]
2203 -- [3458 4380]
2206 -- [ 602 1436]
2219 -- [789 595]
2235 -- [1620 1362]
2242 -- [ 405 1298]
2245 -- [349   7]
2248 -- [1535  587]
2253 -- [624 970]
2257 -- [111 551]
2258 -- [859 858]
2261 -- [3003 2383]
2262 -- [2352 1971]
2275 -- [1003 1343]
2277 -- [1226  113]
2286 -- [  71 1633]
2287 -- [3264 2283]
2296 -- [777 463]
2299 -- [3492 4315]
2304 -- [1224 1239]
2314 -- [ 221 1531]
2325 -- [ 572 1367]
2330 -- [ 434 1293]
2335 -- [ 371 1189]
2340 -- [1483 1801]
2342 -- [865 566]
2343 -- [ 267 1340]
2351 -- [3657 2634]
2361 -- [402 494]
2372 -- [4006 2534]
2373 -- [2959 1856]
2374 -- [111 731]
2377 -- [3292 3021]
2378 -- [3546 3263]
2381 -- [ 875 1493]
2384 -- [3889 4446]
2388 -- [4215 3406]
2390 -- [1138 1489]
2397 -- [4403 3469]
2412 -- [902 639]
2418 -- [4380 2539]
2426 -- [ 308 1042]
2429 -- [1426   60]
2435 -- [596 869]
2444 -- [ 708 1301]
2452 -- [ 945 1603]
2453 -- [ 966 1803]
2458 -- [ 840 1458]
2459 -- [3834 3486]
2461 -- [2611 2917]
2467 -- [501 250]
-cl sat and violated: 1388 | 745  | total #cl: 2133 | -violated weight: 745
2 -- [1687 3645]
23 -- [1964  739]
32 -- [3238 1399]
45 -- [ 351 2571]
47 -- [3631 1201]
49 -- [1126 3589]
57 -- [1258 3425]
60 -- [ 791 3196]
61 -- [3459 1531]
68 -- [1802 4525]
73 -- [1617 4457]
81 -- [4170 1424]
82 -- [2962 1808]
83 -- [2049 1039]
85 -- [2249 1508]
92 -- [4223 1443]
93 -- [1711 4374]
94 -- [1036 1989]
98 -- [2703 1645]
99 -- [2748 1231]
103 -- [4540 1623]
104 -- [3592 1080]
108 -- [1231 3443]
112 -- [4108 1745]
113 -- [2931 1790]
114 -- [ 139 3134]
116 -- [2036  679]
119 -- [4056 1709]
120 -- [1866  919]
126 -- [1458 3245]
129 -- [1113 1905]
131 -- [2889  599]
135 -- [1507 2051]
138 -- [3189 1342]
140 -- [3906 1548]
145 -- [3877 1672]
147 -- [1489 3660]
149 -- [2194 1711]
150 -- [3477  890]
153 -- [ 592 3225]
154 -- [1207 2739]
159 -- [ 652 4209]
167 -- [2018  206]
171 -- [1513 2987]
172 -- [1197 2994]
174 -- [2939  971]
175 -- [  31 3192]
176 -- [ 948 2381]
178 -- [ 399 2387]
179 -- [2974 1096]
180 -- [1462 1819]
181 -- [2612  754]
189 -- [2651  500]
191 -- [ 777 3143]
197 -- [ 550 2975]
198 -- [1789 2205]
200 -- [ 644 4565]
201 -- [3164   69]
202 -- [1115 2313]
204 -- [4012 1780]
206 -- [ 868 3292]
207 -- [2224 1017]
210 -- [1887 1700]
211 -- [1925  675]
212 -- [2773  287]
217 -- [1686 4420]
220 -- [2703  378]
221 -- [1462 2159]
227 -- [1723 3319]
228 -- [1440 4430]
229 -- [ 282 2315]
230 -- [ 189 3043]
232 -- [1951 1782]
233 -- [ 469 2327]
234 -- [2972  157]
235 -- [1672 4495]
239 -- [ 675 2374]
242 -- [1458 2702]
244 -- [3184  187]
245 -- [3052  391]
246 -- [2028 1109]
247 -- [3396 1738]
248 -- [ 631 1838]
249 -- [ 448 3163]
250 -- [ 778 3217]
261 -- [1773 3597]
263 -- [1792 3921]
265 -- [1332 2063]
270 -- [1589 3420]
274 -- [1504 2284]
276 -- [3417  519]
277 -- [2751 1726]
279 -- [2671 1206]
283 -- [ 940 2763]
284 -- [ 647 4161]
287 -- [ 852 2109]
289 -- [ 990 2844]
293 -- [ 570 3592]
294 -- [1225 2532]
295 -- [1506 4225]
300 -- [4180   87]
306 -- [4285  266]
307 -- [4415  122]
309 -- [ 737 3413]
310 -- [2189   43]
312 -- [3031  360]
313 -- [1086 2326]
314 -- [3784  229]
316 -- [4127 1257]
318 -- [1635 2756]
319 -- [3136  893]
323 -- [3499  773]
325 -- [3599  564]
329 -- [2395 1296]
330 -- [2661  728]
333 -- [4343 1460]
334 -- [3138  547]
338 -- [ 519 3949]
339 -- [ 721 4023]
343 -- [1206 2831]
345 -- [ 589 3326]
346 -- [2935  172]
348 -- [1649 4596]
351 -- [2809 1772]
360 -- [4244  427]
361 -- [3433   31]
362 -- [4199 1230]
365 -- [3164 1746]
366 -- [ 194 3076]
370 -- [1326 2417]
372 -- [2512 1484]
374 -- [1999  250]
376 -- [1953  933]
377 -- [1646 2071]
380 -- [2226  288]
382 -- [3442  669]
390 -- [ 586 3549]
391 -- [ 159 4371]
394 -- [2291 1773]
397 -- [2166 1185]
400 -- [ 666 2490]
401 -- [2790   47]
402 -- [3583 1711]
405 -- [1717 2441]
407 -- [3588 1689]
408 -- [2143  109]
410 -- [1774 3628]
412 -- [1044 3909]
415 -- [3452  163]
422 -- [ 255 2041]
423 -- [3788 1504]
426 -- [4206 1327]
429 -- [4434  151]
430 -- [3805 1614]
434 -- [ 462 1813]
437 -- [ 478 4550]
439 -- [ 773 3061]
446 -- [1942 1096]
448 -- [2364  287]
452 -- [4011  841]
453 -- [3445  175]
456 -- [3729  301]
457 -- [3240 1296]
467 -- [3393  824]
475 -- [ 407 4286]
479 -- [3036  231]
484 -- [2156  546]
486 -- [3496 1762]
488 -- [3757  159]
489 -- [ 824 2281]
490 -- [4022  565]
493 -- [1310 2174]
495 -- [3201  674]
498 -- [3234  619]
501 -- [1185 3687]
504 -- [ 423 2781]
515 -- [4218 1775]
516 -- [1127 4532]
517 -- [3016  545]
520 -- [3419  511]
525 -- [ 977 4220]
526 -- [1727 2543]
527 -- [3883  444]
533 -- [2110 1433]
534 -- [1506 2738]
539 -- [3535  617]
541 -- [2496  423]
543 -- [4431  909]
544 -- [ 259 4422]
547 -- [ 374 3829]
550 -- [ 266 4001]
551 -- [4478 1574]
553 -- [3383   60]
554 -- [ 308 3429]
557 -- [ 310 4223]
558 -- [ 293 1945]
559 -- [2189 1506]
561 -- [4477  229]
564 -- [ 585 2595]
578 -- [2589 1723]
580 -- [ 749 2538]
581 -- [ 172 1871]
583 -- [ 976 3789]
590 -- [2507 1567]
592 -- [ 286 1976]
594 -- [   5 3216]
595 -- [2555  934]
598 -- [ 945 3440]
599 -- [1745 3746]
601 -- [ 567 2921]
602 -- [2217 1110]
604 -- [1852 1414]
607 -- [ 301 3755]
608 -- [ 225 4107]
609 -- [ 569 2615]
616 -- [1080 2891]
618 -- [ 152 4004]
620 -- [3713 1174]
623 -- [1902 1560]
630 -- [2213  570]
631 -- [2815 1675]
635 -- [4128  967]
640 -- [ 187 4390]
644 -- [2557  453]
645 -- [3932 1096]
646 -- [3004  333]
648 -- [2783  171]
651 -- [1396 2655]
658 -- [1802 2981]
662 -- [1974 1377]
664 -- [4260 1383]
665 -- [ 485 4140]
667 -- [4550  661]
668 -- [1357 2259]
669 -- [4055  464]
671 -- [2491  568]
672 -- [2788  585]
674 -- [ 396 4545]
676 -- [1972 1663]
677 -- [1225 1828]
678 -- [3704  751]
679 -- [1705 4547]
681 -- [3345 1334]
683 -- [ 454 2081]
686 -- [ 762 4079]
694 -- [1616 2840]
699 -- [ 841 3391]
701 -- [1486 3967]
702 -- [3863  681]
706 -- [1542 2826]
712 -- [2691 1458]
713 -- [2784 1232]
717 -- [ 358 4515]
718 -- [2142 1652]
720 -- [1109 3245]
721 -- [  23 2614]
727 -- [4183  546]
730 -- [4461 1504]
731 -- [1590 3449]
733 -- [3056 1749]
735 -- [ 171 4191]
739 -- [1536 3260]
743 -- [2235  727]
748 -- [ 608 3615]
761 -- [1789 4483]
762 -- [ 766 1968]
763 -- [ 779 3955]
768 -- [4236  153]
770 -- [ 627 4245]
771 -- [ 441 3579]
774 -- [3611 1424]
781 -- [4438 1270]
782 -- [3083  448]
790 -- [2888  374]
793 -- [1560 3241]
798 -- [2738  438]
801 -- [3126 1658]
806 -- [2592  848]
807 -- [ 441 3244]
811 -- [3408 1281]
812 -- [ 941 3560]
814 -- [2245  798]
819 -- [1478 1828]
820 -- [ 500 4407]
822 -- [3919 1393]
827 -- [4212  622]
830 -- [ 429 4055]
831 -- [3920 1408]
833 -- [1714 3028]
836 -- [3166  957]
837 -- [3984 1234]
841 -- [  28 1867]
845 -- [ 602 3502]
848 -- [3543 1765]
849 -- [ 286 1977]
850 -- [ 841 1965]
852 -- [3032 1038]
853 -- [ 650 3710]
854 -- [1411 2416]
856 -- [3748  109]
857 -- [3774 1730]
862 -- [1257 3463]
863 -- [1545 2395]
865 -- [1051 3306]
868 -- [  60 2284]
869 -- [ 171 3009]
870 -- [1205 2787]
873 -- [3761  235]
874 -- [ 471 3132]
877 -- [1206 3066]
880 -- [4234  214]
881 -- [4551  867]
885 -- [2307 1399]
887 -- [2642  325]
889 -- [1333 3332]
890 -- [  11 4439]
892 -- [2942  159]
897 -- [ 985 2510]
899 -- [ 803 1942]
901 -- [1686 3425]
903 -- [2049 1565]
907 -- [ 121 3430]
909 -- [2773  214]
911 -- [4397 1759]
913 -- [1223 1910]
916 -- [2557  838]
920 -- [1672 2443]
922 -- [1388 2947]
926 -- [4236 1043]
931 -- [ 132 3554]
933 -- [ 638 2461]
937 -- [ 115 3960]
939 -- [ 701 3360]
941 -- [1765 2843]
944 -- [3893  399]
945 -- [1973  621]
946 -- [4002  138]
947 -- [1310 3664]
955 -- [2536  567]
956 -- [3849 1080]
963 -- [2190  426]
966 -- [1770 4018]
969 -- [ 148 3064]
971 -- [ 466 2362]
972 -- [2676  643]
974 -- [2309  636]
975 -- [1933  858]
980 -- [ 838 2930]
982 -- [1986  345]
983 -- [1695 3787]
987 -- [3886  998]
988 -- [3413  231]
990 -- [4143 1453]
991 -- [2802  918]
995 -- [1311 2984]
999 -- [ 174 2713]
1001 -- [ 453 2472]
1006 -- [2276  909]
1008 -- [1460 2805]
1013 -- [1865  481]
1015 -- [1460 3099]
1020 -- [1041 3068]
1021 -- [3309 1322]
1022 -- [  78 1929]
1027 -- [2718  515]
1029 -- [3485 1111]
1034 -- [ 378 3402]
1036 -- [4499  189]
1037 -- [1562 2757]
1038 -- [ 868 4241]
1040 -- [2137  228]
1044 -- [4321 1028]
1049 -- [3345 1465]
1059 -- [1321 1920]
1060 -- [ 545 3213]
1066 -- [1623 3876]
1067 -- [3631 1488]
1073 -- [4553  918]
1074 -- [3202  792]
1075 -- [1695 3538]
1077 -- [1493 3197]
1080 -- [ 166 3024]
1081 -- [2089  955]
1082 -- [3319 1767]
1083 -- [ 744 3404]
1084 -- [4467  519]
1085 -- [1636 4092]
1086 -- [4348 1723]
1087 -- [1045 3239]
1090 -- [1294 2067]
1097 -- [4183 1198]
1103 -- [ 852 3879]
1105 -- [ 464 4476]
1111 -- [   3 2667]
1112 -- [1498 4126]
1113 -- [ 675 3177]
1115 -- [3461 1789]
1116 -- [3850  148]
1119 -- [ 464 2817]
1120 -- [3421 1792]
1124 -- [ 179 2162]
1125 -- [ 506 3951]
1127 -- [1082 1852]
1130 -- [3662 1478]
1132 -- [ 381 4555]
1136 -- [ 226 2829]
1141 -- [3598  223]
1144 -- [3578 1301]
1149 -- [ 674 2907]
1153 -- [1011 2299]
1154 -- [2965 1804]
1156 -- [2629 1386]
1162 -- [2679   20]
1163 -- [3674 1233]
1166 -- [2644  172]
1174 -- [2476 1188]
1175 -- [2862  841]
1176 -- [3026 1443]
1182 -- [3587 1349]
1184 -- [ 875 2786]
1201 -- [1412 3744]
1206 -- [ 867 2935]
1216 -- [2830  128]
1218 -- [3061 1736]
1219 -- [1296 2069]
1220 -- [ 546 4532]
1224 -- [2017    4]
1225 -- [1411 2502]
1231 -- [1863 1274]
1233 -- [  14 2870]
1236 -- [1668 3429]
1243 -- [3267 1506]
1251 -- [ 391 3074]
1253 -- [2854 1389]
1255 -- [ 874 4176]
1261 -- [2296  383]
1262 -- [2795  831]
1268 -- [2270 1565]
1270 -- [ 211 2238]
1271 -- [1016 3843]
1274 -- [3407  985]
1275 -- [ 743 3275]
1277 -- [3239  236]
1278 -- [  50 3067]
1280 -- [1111 2104]
1286 -- [ 226 2452]
1287 -- [  28 3066]
1289 -- [  67 3618]
1295 -- [4098 1789]
1297 -- [3678 1429]
1301 -- [ 166 2622]
1302 -- [3780  803]
1303 -- [2672   57]
1308 -- [1044 2745]
1309 -- [ 150 2141]
1315 -- [ 751 3642]
1320 -- [1382 3621]
1321 -- [2474  351]
1327 -- [3133 1781]
1331 -- [ 449 3679]
1332 -- [ 284 3692]
1336 -- [ 958 3393]
1339 -- [2639  903]
1340 -- [4458  891]
1341 -- [ 751 2706]
1342 -- [2574 1194]
1351 -- [3603  666]
1353 -- [3067  824]
1356 -- [2030 1201]
1357 -- [3841 1198]
1360 -- [ 194 2838]
1361 -- [4594  139]
1364 -- [1694 3445]
1368 -- [ 429 2569]
1369 -- [2064 1646]
1371 -- [2052  472]
1372 -- [1100 3626]
1375 -- [3918  436]
1379 -- [4221 1012]
1382 -- [  20 2525]
1390 -- [4447  463]
1393 -- [3905 1373]
1400 -- [1287 2964]
1403 -- [2031  131]
1406 -- [2813 1731]
1408 -- [ 444 2288]
1409 -- [3369 1489]
1411 -- [1038 2443]
1412 -- [2597  777]
1414 -- [1145 3290]
1420 -- [1865  858]
1424 -- [ 814 4039]
1425 -- [1746 3887]
1427 -- [1668 4136]
1433 -- [4105  233]
1434 -- [2918   65]
1435 -- [1223 2157]
1438 -- [2507 1711]
1441 -- [2196 1301]
1443 -- [1710 2499]
1444 -- [3306 1804]
1446 -- [1617 3574]
1447 -- [  80 3919]
1448 -- [2111  599]
1452 -- [2686 1201]
1458 -- [4317  449]
1460 -- [3816 1663]
1464 -- [1070 2459]
1466 -- [2213 1584]
1467 -- [4347 1774]
1470 -- [2171  669]
1471 -- [  18 2308]
1472 -- [ 460 4408]
1473 -- [2976 1429]
1474 -- [1869  228]
1475 -- [1951  705]
1478 -- [4543 1560]
1480 -- [1331 3505]
1481 -- [3908 1749]
1486 -- [3219 1623]
1491 -- [4597 1091]
1492 -- [ 543 2804]
1493 -- [3143  739]
1496 -- [4552  397]
1500 -- [2574  843]
1501 -- [3539 1305]
1509 -- [  78 2843]
1510 -- [3286  515]
1512 -- [1593 2779]
1516 -- [ 645 3921]
1517 -- [1503 2042]
1519 -- [ 262 2228]
1521 -- [ 588 3557]
1522 -- [1738 2078]
1523 -- [3097 1623]
1525 -- [ 318 4428]
1531 -- [1383 2152]
1535 -- [3935   61]
1539 -- [ 969 4107]
1543 -- [4538  813]
1546 -- [ 888 2806]
1549 -- [2205 1373]
1553 -- [ 627 2608]
1554 -- [ 867 2244]
1555 -- [ 867 4582]
1557 -- [ 353 4012]
1559 -- [4578  702]
1560 -- [2191  166]
1563 -- [3263 1334]
1564 -- [3061 1723]
1567 -- [1201 3712]
1572 -- [2318  596]
1573 -- [4287  940]
1578 -- [ 590 3977]
1579 -- [1270 1833]
1582 -- [ 945 2105]
1583 -- [3258  427]
1588 -- [4186 1762]
1589 -- [4432  112]
1594 -- [2621 1446]
1596 -- [2641  876]
1597 -- [ 466 2213]
1598 -- [2720  890]
1605 -- [1321 2817]
1606 -- [1854  402]
1608 -- [ 890 3483]
1609 -- [2900  947]
1610 -- [3660  471]
1611 -- [ 162 3182]
1616 -- [1297 2984]
1617 -- [ 214 4147]
1622 -- [2956 1188]
1643 -- [ 824 2196]
1646 -- [4021  599]
1651 -- [3581 1736]
1654 -- [3126 1342]
1657 -- [ 867 3603]
1662 -- [4335 1324]
1664 -- [1373 2412]
1665 -- [4436 1460]
1666 -- [1537 1955]
1670 -- [1330 3388]
1671 -- [2828  795]
1674 -- [3586 1740]
1679 -- [4600 1758]
1680 -- [3264 1282]
1681 -- [   5 2993]
1682 -- [1012 3648]
1687 -- [1516 2910]
1688 -- [1078 2923]
1690 -- [ 173 2707]
1691 -- [2452  747]
1693 -- [ 766 2099]
1697 -- [4344 1459]
1700 -- [1016 4313]
1704 -- [3026 1704]
1706 -- [ 838 4010]
1707 -- [1205 4194]
1714 -- [1959  235]
1716 -- [1543 4486]
1717 -- [ 454 3563]
1718 -- [1668 2954]
1722 -- [1849  621]
1724 -- [2490 1540]
1725 -- [  28 3053]
1731 -- [4435 1788]
1735 -- [   7 4158]
1737 -- [2448  971]
1741 -- [1802 3449]
1742 -- [2215 1506]
1743 -- [1658 3489]
1744 -- [ 629 2357]
1748 -- [ 500 3163]
1751 -- [ 519 2420]
1753 -- [4518  624]
1754 -- [ 115 3342]
1755 -- [2306 1036]
1757 -- [ 466 3208]
1758 -- [1235 3767]
1767 -- [ 375 1822]
1770 -- [3336 1623]
1771 -- [1174 4518]
1772 -- [4405  759]
1777 -- [3086  194]
1779 -- [4108 1458]
1784 -- [3993  946]
1785 -- [1333 2053]
1786 -- [3282 1486]
1789 -- [3612  441]
1792 -- [1446 2488]
1793 -- [4091  125]
1795 -- [ 946 4377]
1802 -- [ 246 4464]
1805 -- [ 771 2416]
1806 -- [ 909 1833]
1818 -- [1610 2540]
1821 -- [1489 4364]
1827 -- [4464  713]
1830 -- [4589 1610]
1831 -- [  95 3737]
1839 -- [2806  665]
1842 -- [4518  831]
1847 -- [4446  845]
1850 -- [2081  157]
1853 -- [1724 3232]
1861 -- [2972 1789]
1862 -- [2188 1630]
1868 -- [1292 4422]
1870 -- [1254 2819]
1872 -- [1542 3707]
1874 -- [1389 3033]
1876 -- [ 792 3495]
1877 -- [3735 1630]
1878 -- [ 998 2941]
1879 -- [ 375 2598]
1880 -- [1990 1484]
1884 -- [2431 1782]
1886 -- [2204  241]
1887 -- [ 805 2858]
1894 -- [1848 1668]
1895 -- [2343 1717]
1900 -- [3144 1240]
1906 -- [ 855 3946]
1909 -- [3344   88]
1913 -- [1405 3849]
1917 -- [ 452 2534]
1925 -- [3904  166]
1931 -- [ 874 4085]
1934 -- [2548  764]
1936 -- [1062 3909]
1937 -- [ 307 3260]
1940 -- [1170 2207]
1952 -- [3746 1403]
1957 -- [1777 3933]
1958 -- [1531 2494]
1960 -- [2285 1073]
1962 -- [1646 3604]
1965 -- [2936 1041]
1966 -- [1865 1792]
1967 -- [ 111 3614]
1968 -- [ 469 2563]
1970 -- [1874  110]
1972 -- [3985 1458]
1973 -- [4260  404]
1974 -- [4505 1171]
1975 -- [4102  740]
1976 -- [3121 1387]
1978 -- [2228  383]
1980 -- [1387 3850]
1981 -- [2928  766]
1982 -- [ 361 3127]
1983 -- [4001  437]
1984 -- [3364 1141]
1990 -- [3330    5]
1992 -- [3762 1616]
1993 -- [2480 1676]
1994 -- [1311 3187]
2004 -- [4430  857]
2005 -- [4422 1093]
2007 -- [2777  148]
2008 -- [ 958 4176]
2011 -- [2227  586]
2012 -- [ 676 2121]
2014 -- [3354  624]
2015 -- [2545 1314]
2021 -- [2012 1746]
2022 -- [2088  293]
2026 -- [ 251 4505]
2029 -- [3423 1296]
2031 -- [ 747 2910]
2032 -- [  35 2597]
2033 -- [1537 1992]
2035 -- [3968 1412]
2038 -- [2894  396]
2042 -- [3344 1507]
2046 -- [ 822 3161]
2054 -- [2263 1205]
2056 -- [1172 4259]
2058 -- [4242  175]
2059 -- [1905 1453]
2061 -- [3520 1689]
2062 -- [ 298 2119]
2063 -- [4075 1258]
2064 -- [1674 2010]
2065 -- [1212 4070]
2068 -- [4144 1740]
2069 -- [1141 3117]
2072 -- [1717 4306]
2083 -- [1706 3960]
2086 -- [1326 3326]
2092 -- [4002  407]
2096 -- [ 606 2866]
2097 -- [ 777 3613]
2098 -- [2736  113]
2100 -- [2949  814]
2101 -- [3050  759]
2110 -- [ 310 2876]
2111 -- [4310 1765]
2113 -- [ 138 2706]
2114 -- [3514  194]
2118 -- [ 500 2633]
2122 -- [2826  444]
2124 -- [3304  948]
2125 -- [ 718 3307]
2128 -- [4515  738]
7 -time: 0.02091 -dim: (11172, 2)
8 -time: 0.00012 -dim: (7, 57)
9 -time: 3.82327 -dim: (1835400, 3)
10 -time: 5.34121 -dim: (1730141, 3)
11_12 -time: 0.18802 -dim: [110424, 2]
13 -time: 0.07479 -dim: (36808, 4)
14_15 -time: 0.03230 -dim: [798, 2]
16 -time: 0.00001 -dim: (0, 2)
17_18 -time: 0.32525 -dim: [73616, 3]
19 -time: 0.00008 -dim: (1, 1)
20 -time: 0.22321 -dim: (0, 4601)
21 -time: 0.00077 -dim: (1, 4601)
22 -time: 0.00005 -dim: (2133, 3)
23 -time: 0.00003 -dim: (2133, 3)
24 -time: 0.00003 -dim: (0, 5)
25 -time: 0.00006 -dim: (2468, 3)
26 -time: 0.00004 -dim: (2468, 3)
smtPr 22-26 -time: 0.01408 -dim: nan
slvr_header -time: 2.10279 -dim: nan
*solver* -time: 900.07924 -dim: nan
res_read -time: 0.05276 -dim: nan
-- SUM CL TIME: 10.04423          |  SUM other TIME: 902.23479          |  SUM TIME: 912.27902
