9 34
9 37
34 37
101 142
7 39
10 48
127 138
17 40
0 27
28 39
2 47
0 17
128 132
1 25
120 143
29 47
19 46
80 81
0 39
3 47
8 38
27 28
63 91
96 99
82 92
7 49
116 137
65 75
0 4
29 30
57 93
1 45
1 12
0 28
27 39
11 24
2 29
123 126
69 80
0 40
112 139
0 7
9 12
12 34
12 37
94 99
39 49
17 27
9 30
30 34
30 37
3 29
88 96
88 95
35 49
66 84
74 97
138 149
42 47
7 28
3 30
7 11
19 21
95 96
63 78
1 30
13 38
136 148
2 3
1 9
1 34
1 37
4 40
17 39
127 149
52 86
4 17
17 28
65 86
55 96
78 91
9 25
25 34
25 37
7 17
23 26
5 16
55 99
58 75
30 45
12 30
7 40
25 30
7 27
28 49
61 78
55 94
2 30
71 97
46 48
141 145
4 27
103 116
69 81
39 40
82 99
17 26
50 52
107 130
51 56
90 94
58 74
20 28
3 38
3 42
27 40
6 11
20 27
25 45
12 25
30 47
11 49
26 40
21 44
19 44
19 48
75 86
9 35
34 35
35 37
8 13
91 97
140 143
74 75
3 45
3 12
28 40
69 92
9 29
29 34
29 37
120 140
2 42
38 42
12 45
53 89
20 36
111 123
63 97
2 35
11 39
7 26
110 147
4 7
82 94
7 24
101 121
121 142
58 76
2 9
2 34
2 37
92 94
11 29
27 48
70 138
94 96
0 49
88 99
26 39
103 137
4 39
69 89
126 127
100 136
140 145
89 90
27 36
67 82
20 31
20 39
6 47
26 43
63 73
3 9
3 34
3 37
69 79
73 97
4 46
1 35
10 36
104 132
89 94
64 88
140 144
2 49
4 48
21 46
17 21
28 36
67 92
10 46
123 146
1 3
40 49
95 99
57 98
11 40
61 91
30 35
54 58
17 49
139 141
29 42
7 35
70 149
116 147
44 46
61 66
64 99
4 19
68 87
9 49
34 49
37 49
2 12
2 45
4 21
2 6
9 45
34 45
37 45
92 99
105 122
23 43
101 113
113 142
29 49
51 86
54 76
0 11
56 85
26 49
80 89
53 80
5 44
10 27
21 48
11 26
4 28
126 138
54 133
68 119
112 145
2 11
24 29
35 39
111 146
70 127
3 8
38 47
0 48
1 2
115 148
28 31
27 49
83 133
50 86
10 19
89 92
5 18
124 143
58 65
21 40
29 45
12 29
0 26
31 36
143 144
6 29
13 42
54 75
104 128
51 65
71 82
32 33
17 31
9 47
34 47
37 47
64 96
63 133
30 49
78 97
28 35
1 29
11 47
36 48
26 28
79 81
4 11
120 139
77 86
50 65
104 112
112 147
111 128
0 20
55 95
71 74
69 90
66 88
90 92
24 39
29 35
102 112
25 35
10 18
11 17
23 31
5 19
16 19
120 124
45 47
12 47
27 31
120 144
61 96
69 82
102 139
6 24
52 65
24 49
77 116
140 141
54 74
137 147
103 111
66 96
82 96
93 98
115 136
51 75
6 42
17 48
52 77
26 27
55 90
120 141
55 88
124 139
24 26
117 131
71 99
26 31
0 36
67 79
139 145
104 140
12 35
35 45
67 69
115 140
17 20
74 91
6 22
63 74
7 20
11 28
35 47
61 63
111 126
2 38
25 29
1 47
10 21
31 39
112 141
79 82
110 137
128 147
47 49
66 78
115 145
7 29
0 21
0 10
73 91
61 88
83 126
64 82
79 80
90 99
38 45
12 38
4 10
3 25
17 36
6 7
11 27
6 40
55 82
64 95
84 88
11 35
75 76
21 27
55 66
105 135
79 92
58 97
100 144
58 86
21 43
53 69
3 13
16 18
73 74
83 123
2 7
125 129
5 10
10 16
14 33
5 21
16 21
4 26
104 145
71 96
55 73
6 26
36 39
11 30
55 78
71 92
4 49
112 120
5 48
16 48
71 73
8 12
8 45
6 49
0 24
82 90
17 19
65 74
104 143
61 97
88 94
8 42
10 17
59 89
0 31
82 89
5 46
51 91
75 97
136 144
54 63
44 48
103 147
1 49
2 25
29 38
78 96
126 149
17 23
69 94
107 129
71 78
104 115
139 143
55 92
14 18
83 134
30 38
59 94
30 42
3 35
20 49
27 46
21 26
28 48
113 121
0 46
25 49
60 93
40 48
80 92
10 20
72 133
72 83
24 40
110 124
4 22
55 63
18 48
139 147
31 40
120 145
24 47
4 24
70 85
15 33
61 99
64 94
104 147
19 40
112 124
110 115
0 35
17 43
20 48
63 71
17 24
77 137
52 75
0 19
3 6
35 40
2 24
61 71
102 120
19 27
7 9
7 34
7 37
101 149
142 149
94 95
103 128
67 99
54 97
84 96
13 47
67 90
24 30
40 43
16 46
22 40
110 139
101 126
126 142
111 147
112 140
76 86
9 11
11 34
11 37
32 46
52 76
112 143
26 35
110 116
17 46
123 133
23 39
24 27
145 147
8 47
83 101
83 142
39 48
123 127
61 95
103 127
91 133
133 134
107 125
82 95
23 49
126 133
66 95
3 11
7 30
10 28
54 86
89 99
67 94
122 130
78 83
78 133
71 91
80 90
16 44
127 137
63 83
66 99
132 147
23 40
111 116
126 146
17 35
7 23
92 96
73 78
7 31
55 71
24 28
55 61
29 39
112 128
1 38
3 49
20 26
7 47
96 97
100 148
139 140
77 147
78 138
111 132
81 89
53 81
115 124
132 145
115 144
10 44
78 99
110 112
11 22
91 96
104 139
20 40
8 30
2 39
74 78
25 47
75 91
45 49
12 49
9 39
34 39
37 39
72 134
40 46
23 28
104 124
102 143
26 29
55 84
103 126
141 143
68 72
65 76
103 123
36 40
1 8
6 17
56 86
51 85
4 6
54 91
72 87
63 96
103 149
27 35
54 72
56 70
42 45
12 42
14 16
55 91
104 120
112 132
6 39
66 91
4 36
54 78
31 43
31 49
58 63
54 77
54 65
6 30
82 88
90 96
143 145
4 44
11 42
12 13
50 75
4 20
61 84
127 147
53 90
102 130
121 149
71 94
115 141
71 95
7 36
10 40
2 13
6 35
101 123
123 142
55 97
97 99
7 48
112 116
10 31
21 39
10 39
21 31
72 123
115 143
116 127
9 24
24 34
24 37
78 127
55 67
0 6
58 91
58 133
108 111
59 90
72 119
124 140
2 8
123 138
30 39
74 76
73 96
101 138
138 142
54 123
78 126
58 73
95 97
3 24
73 133
83 149
7 21
19 32
31 48
81 92
2 26
52 58
100 115
59 64
76 133
63 75
115 147
67 95
102 125
21 28
116 128
67 96
16 33
118 122
51 74
8 29
54 126
91 95
115 120
59 99
9 38
34 38
37 38
9 42
34 42
37 42
63 66
24 35
105 130
2 40
53 92
20 23
73 99
83 127
76 77
23 27
69 99
17 44
103 133
9 28
28 34
28 37
11 23
80 82
67 71
18 36
102 107
64 92
66 94
83 138
84 95
0 23
23 35
74 86
128 145
84 99
126 147
101 127
127 142
23 24
51 63
100 140
51 52
0 22
64 71
137 149
81 93
78 88
107 122
82 97
26 30
55 64
55 89
43 44
5 33
51 58
110 145
56 91
77 110
87 119
67 73
61 64
63 99
77 103
73 95
20 35
7 22
1 42
2 28
39 47
71 88
4 31
36 49
77 133
121 138
101 146
142 146
75 77
61 138
5 32
16 32
56 127
51 97
127 133
29 40
67 80
78 95
105 107
73 82
103 138
67 81
124 141
141 144
17 22
112 115
28 29
21 36
26 47
110 127
124 147
79 89
65 77
124 144
97 133
74 133
27 44
80 94
73 92
81 90
116 126
104 110
7 10
136 140
3 7
51 78
51 77
83 103
39 46
35 42
7 25
72 146
11 20
137 138
5 14
91 99
63 95
88 91
13 29
84 94
123 147
129 130
115 139
0 2
65 97
61 74
8 9
8 34
8 37
100 143
54 73
40 44
78 149
13 45
51 61
31 35
56 65
62 81
78 94
7 46
1 7
25 39
51 54
62 87
111 127
4 35
18 19
20 24
101 111
111 142
116 123
102 124
123 149
0 29
77 126
83 111
28 30
62 80
19 39
132 140
78 84
113 146
6 28
61 94
24 42
54 71
28 46
1 11
57 60
0 43
91 138
92 95
53 94
75 133
112 137
110 141
124 145
0 44
144 145
42 49
56 138
23 30
102 104
11 21
26 48
83 146
7 43
18 46
6 9
6 34
6 37
67 89
77 127
104 141
81 98
13 30
54 83
80 93
73 94
23 29
2 17
141 147
50 58
77 123
116 139
40 47
124 136
62 69
102 141
116 133
7 19
32 48
103 132
25 38
104 116
91 127
83 91
36 46
124 148
10 14
59 96
144 148
6 23
26 36
136 143
52 54
66 138
19 26
19 28
39 43
63 138
63 126
50 51
111 137
8 25
124 137
11 12
11 45
4 43
81 82
20 21
63 127
18 44
21 23
65 91
88 97
59 84
138 147
19 36
59 88
17 29
6 43
6 45
11 25
26 44
2 22
1 39
27 43
50 76
58 71
111 133
75 78
128 137
6 27
86 91
64 66
25 28
114 121
89 96
90 95
23 45
56 75
110 148
50 77
77 111
115 132
1 13
133 138
66 70
123 128
79 94
56 77
102 140
92 97
19 43
23 25
9 26
26 34
26 37
72 126
64 79
57 81
116 149
22 47
18 21
80 98
108 146
86 133
22 49
71 75
10 32
11 43
61 127
126 137
61 73
64 67
103 110
61 85
104 137
88 90
6 38
7 12
7 45
0 9
0 34
0 37
125 130
88 92
61 70
122 135
79 99
66 149
56 137
55 59
63 88
64 89
121 127
22 24
79 90
102 145
102 105
116 138
22 39
24 25
22 42
55 69
128 146
52 129
26 45
28 43
103 104
63 72
14 32
21 24
78 123
9 13
13 34
13 37
51 127
2 23
67 88
70 78
4 23
61 82
104 144
125 139
55 83
11 46
1 28
59 82
25 26
70 126
28 47
58 77
73 83
0 47
3 39
59 69
133 149
20 46
35 38
58 78
147 149
2 4
11 31
48 49
94 97
121 126
64 84
70 137
19 22
63 94
21 22
101 103
103 142
24 43
30 40
18 33
4 16
137 139
11 48
27 29
35 36
3 26
10 26
100 104
116 124
72 73
26 46
16 36
1 24
77 112
110 138
73 75
85 91
116 132
21 49
102 135
7 42
0 30
4 29
43 49
78 82
111 112
128 139
2 27
67 97
18 20
19 31
1 6
9 27
27 34
27 37
63 86
64 90
22 46
22 26
32 44
133 137
1 26
9 40
34 40
37 40
91 126
17 47
53 62
57 80
12 24
24 45
22 27
11 19
12 39
39 45
59 92
16 17
120 136
53 59
53 82
56 61
111 138
1 23
6 21
103 112
72 76
126 128
73 134
56 110
63 149
140 147
77 139
24 46
70 110
73 90
25 42
85 138
115 128
64 69
63 65
110 128
4 5
14 48
51 70
51 138
54 127
18 31
19 20
56 78
17 30
52 56
66 97
86 97
18 27
132 139
9 20
20 34
20 37
111 149
140 148
6 12
56 63
62 92
91 149
105 118
14 15
69 96
9 17
17 34
17 37
74 96
128 140
110 120
73 88
76 97
79 98
59 80
86 116
123 137
51 133
22 29
61 149
63 134
5 27
9 23
16 27
23 34
23 37
70 91
104 136
63 123
5 17
100 120
104 111
81 94
63 82
23 47
124 125
31 44
39 44
54 61
24 31
72 78
22 28
108 128
77 129
56 149
24 48
23 36
66 127
109 144
*
*
