*
18 135
31 135
4 100
49 144
6 100
8 125
23 131
29 130
43 105
23 122
29 100
13 129
22 145
12 107
16 131
3 107
9 143
34 143
37 143
33 107
13 148
38 136
22 136
11 144
2 140
3 120
42 125
12 102
14 100
2 102
6 107
14 131
30 144
4 144
47 140
43 135
5 117
38 125
4 130
31 122
16 109
1 100
13 115
13 132
2 120
3 143
22 104
47 102
2 107
22 141
33 144
18 122
47 120
12 140
5 105
20 131
15 117
32 120
29 144
22 125
47 107
35 100
6 144
2 143
1 144
21 109
33 100
20 105
12 120
47 143
35 144
12 130
26 109
41 125
44 105
3 100
3 130
20 109
5 135
13 112
32 143
43 122
10 131
12 143
32 102
9 100
34 100
37 100
21 131
44 117
6 130
32 140
13 139
47 100
20 122
2 100
33 131
32 107
2 130
33 130
41 136
20 135
8 140
13 124
9 144
34 144
37 144
44 135
13 145
47 130
26 105
43 117
36 131
3 144
8 102
13 104
31 117
48 131
41 107
41 102
10 109
5 122
38 140
42 140
41 140
26 131
8 107
23 117
2 144
32 100
14 109
32 144
47 144
8 120
19 109
19 131
12 100
38 102
41 130
26 135
44 122
42 120
42 102
36 109
48 109
8 143
16 117
38 120
38 107
21 105
26 122
17 109
36 105
42 143
16 105
13 141
38 143
12 144
42 107
46 131
27 131
22 140
10 105
8 130
8 100
42 100
41 120
22 120
13 136
27 109
32 130
16 135
33 109
17 131
21 135
36 135
38 100
13 125
46 109
20 117
14 117
41 143
22 143
36 122
22 102
27 105
21 117
17 105
38 130
25 105
10 135
48 105
15 105
28 109
28 131
39 109
22 100
28 105
24 109
40 109
25 122
10 117
21 122
15 135
39 105
42 144
39 131
8 144
42 130
14 105
10 122
17 135
24 105
32 131
0 109
38 144
41 100
22 107
27 135
26 117
16 122
0 131
33 117
48 135
19 105
27 122
7 109
14 135
22 144
25 135
28 135
40 131
24 131
28 122
17 122
48 117
36 117
39 135
7 105
39 122
48 122
19 117
4 109
7 131
0 105
40 105
19 135
24 122
25 109
4 131
46 105
49 105
49 109
41 144
45 105
23 118
13 140
24 135
11 109
30 105
32 109
14 122
13 102
40 135
46 117
7 135
7 122
45 122
22 130
0 135
1 105
27 117
17 117
49 131
19 122
30 122
15 122
13 107
49 122
0 122
13 120
11 105
45 135
49 135
46 135
1 122
45 109
31 118
25 131
40 122
4 105
30 109
13 143
35 105
11 131
33 105
30 135
29 105
6 109
46 122
1 135
9 105
34 105
37 105
35 109
29 109
28 117
43 118
13 100
39 117
11 122
35 122
1 109
33 135
11 135
9 122
34 122
37 122
35 135
4 135
13 130
18 118
29 122
24 117
0 117
32 117
40 117
4 122
29 135
35 131
30 131
9 135
34 135
37 135
9 109
34 109
37 109
6 105
7 117
20 118
13 144
3 105
4 117
45 131
12 105
29 131
33 122
1 131
6 131
2 105
12 122
2 109
3 109
9 131
34 131
37 131
32 105
3 122
6 135
47 109
47 105
5 118
26 118
49 117
6 122
25 117
44 118
3 135
11 117
2 122
12 135
2 135
47 122
32 135
12 109
47 135
2 131
25 118
41 122
30 117
3 131
32 122
36 118
47 131
22 109
35 117
45 117
8 105
41 105
21 118
12 131
29 117
6 117
8 122
42 109
1 117
10 118
38 105
17 118
27 118
28 118
16 118
42 105
41 135
9 117
34 117
37 117
39 118
45 118
8 135
8 109
24 118
38 122
22 131
38 109
48 118
30 118
1 118
38 135
42 122
42 135
7 118
49 118
22 105
2 117
0 118
3 117
40 118
19 118
47 117
22 135
42 131
14 118
35 118
9 118
34 118
37 118
29 118
11 118
12 117
15 118
46 118
22 122
41 109
38 131
8 131
4 118
22 117
12 118
3 118
41 118
13 105
6 118
2 118
13 122
13 109
42 117
47 118
13 135
33 118
8 117
38 117
8 118
41 131
38 118
13 131
32 118
42 118
41 117
13 117
22 118
13 118
*
