9 34
9 37
34 37
101 142
7 39
10 48
127 138
17 40
0 27
28 39
2 47
0 17
128 132
1 25
120 143
29 47
19 46
80 81
0 39
3 47
8 38
27 28
63 91
96 99
82 92
7 49
116 137
65 75
0 4
29 30
57 93
1 45
1 12
0 28
27 39
11 24
2 29
123 126
69 80
0 40
112 139
0 7
9 12
12 34
12 37
94 99
39 49
17 27
9 30
30 34
30 37
3 29
88 96
88 95
35 49
66 84
74 97
138 149
42 47
7 28
3 30
7 11
19 21
95 96
63 78
1 30
13 38
136 148
2 3
1 9
1 34
1 37
4 40
17 39
127 149
52 86
4 17
17 28
65 86
55 96
78 91
9 25
25 34
25 37
7 17
23 26
5 16
55 99
58 75
30 45
12 30
7 40
25 30
7 27
28 49
61 78
55 94
2 30
71 97
46 48
141 145
4 27
103 116
69 81
39 40
82 99
17 26
50 52
107 130
51 56
90 94
58 74
20 28
3 38
3 42
27 40
6 11
20 27
25 45
12 25
30 47
11 49
26 40
21 44
19 44
19 48
75 86
9 35
34 35
35 37
8 13
91 97
140 143
74 75
3 45
3 12
28 40
69 92
9 29
29 34
29 37
120 140
2 42
38 42
12 45
53 89
20 36
111 123
63 97
2 35
11 39
7 26
110 147
4 7
82 94
7 24
101 121
121 142
58 76
2 9
2 34
2 37
92 94
11 29
27 48
70 138
94 96
0 49
88 99
26 39
103 137
4 39
69 89
126 127
100 136
140 145
89 90
27 36
67 82
20 31
20 39
6 47
26 43
63 73
3 9
3 34
3 37
69 79
73 97
4 46
1 35
10 36
104 132
89 94
64 88
140 144
2 49
4 48
21 46
17 21
28 36
67 92
10 46
123 146
1 3
40 49
95 99
57 98
11 40
61 91
30 35
54 58
17 49
139 141
29 42
7 35
70 149
116 147
44 46
61 66
64 99
4 19
68 87
9 49
34 49
37 49
2 12
2 45
4 21
2 6
9 45
34 45
37 45
92 99
105 122
23 43
101 113
113 142
29 49
51 86
54 76
0 11
56 85
26 49
80 89
53 80
5 44
10 27
21 48
11 26
4 28
126 138
54 133
68 119
112 145
2 11
24 29
35 39
111 146
70 127
3 8
38 47
0 48
1 2
115 148
28 31
27 49
83 133
50 86
10 19
89 92
5 18
124 143
58 65
21 40
29 45
12 29
0 26
31 36
143 144
6 29
13 42
54 75
104 128
51 65
71 82
32 33
17 31
9 47
34 47
37 47
64 96
63 133
30 49
78 97
28 35
1 29
11 47
36 48
26 28
79 81
4 11
120 139
77 86
50 65
104 112
112 147
111 128
0 20
55 95
71 74
69 90
66 88
90 92
24 39
29 35
102 112
25 35
10 18
11 17
23 31
5 19
16 19
120 124
45 47
12 47
27 31
120 144
61 96
69 82
102 139
6 24
52 65
24 49
77 116
140 141
54 74
137 147
103 111
66 96
82 96
93 98
115 136
51 75
6 42
17 48
52 77
26 27
55 90
120 141
55 88
124 139
24 26
117 131
71 99
26 31
0 36
67 79
139 145
104 140
12 35
35 45
67 69
115 140
17 20
74 91
6 22
63 74
7 20
11 28
35 47
61 63
111 126
2 38
25 29
1 47
10 21
31 39
112 141
79 82
110 137
128 147
47 49
66 78
115 145
7 29
0 21
0 10
73 91
61 88
83 126
64 82
79 80
90 99
38 45
12 38
4 10
3 25
17 36
6 7
11 27
6 40
55 82
64 95
84 88
11 35
75 76
21 27
55 66
105 135
79 92
58 97
100 144
58 86
21 43
53 69
3 13
16 18
73 74
83 123
2 7
125 129
5 10
10 16
14 33
5 21
16 21
4 26
104 145
71 96
55 73
6 26
36 39
11 30
55 78
71 92
4 49
112 120
5 48
16 48
71 73
8 12
8 45
6 49
0 24
82 90
17 19
65 74
104 143
61 97
88 94
8 42
10 17
59 89
0 31
82 89
5 46
51 91
75 97
136 144
54 63
44 48
103 147
1 49
2 25
29 38
78 96
126 149
17 23
69 94
107 129
71 78
104 115
139 143
55 92
14 18
83 134
30 38
59 94
30 42
3 35
20 49
27 46
21 26
28 48
113 121
0 46
25 49
60 93
40 48
80 92
10 20
72 133
72 83
24 40
110 124
4 22
55 63
18 48
139 147
31 40
120 145
24 47
4 24
70 85
15 33
61 99
64 94
104 147
19 40
112 124
110 115
0 35
17 43
20 48
63 71
17 24
77 137
52 75
0 19
3 6
35 40
2 24
61 71
102 120
19 27
7 9
7 34
7 37
101 149
142 149
94 95
103 128
67 99
54 97
84 96
13 47
67 90
24 30
40 43
16 46
22 40
110 139
101 126
126 142
111 147
112 140
76 86
9 11
11 34
11 37
32 46
52 76
112 143
26 35
110 116
17 46
123 133
23 39
24 27
145 147
8 47
83 101
83 142
39 48
123 127
61 95
103 127
91 133
133 134
107 125
82 95
23 49
126 133
66 95
3 11
7 30
10 28
54 86
89 99
67 94
122 130
78 83
78 133
71 91
80 90
16 44
127 137
63 83
66 99
132 147
23 40
111 116
126 146
17 35
7 23
92 96
73 78
7 31
55 71
24 28
55 61
29 39
112 128
1 38
3 49
20 26
7 47
96 97
100 148
139 140
77 147
78 138
111 132
81 89
53 81
115 124
132 145
115 144
10 44
78 99
110 112
11 22
91 96
104 139
20 40
8 30
2 39
74 78
25 47
75 91
45 49
12 49
9 39
34 39
37 39
72 134
40 46
23 28
104 124
102 143
26 29
55 84
103 126
141 143
68 72
65 76
103 123
36 40
1 8
6 17
56 86
51 85
4 6
54 91
72 87
63 96
103 149
27 35
54 72
56 70
42 45
12 42
14 16
55 91
104 120
112 132
6 39
66 91
4 36
54 78
31 43
31 49
58 63
54 77
54 65
6 30
82 88
90 96
143 145
4 44
11 42
12 13
50 75
4 20
61 84
127 147
53 90
102 130
121 149
71 94
115 141
71 95
7 36
10 40
2 13
6 35
101 123
123 142
55 97
97 99
7 48
112 116
10 31
21 39
10 39
21 31
72 123
115 143
116 127
9 24
24 34
24 37
78 127
55 67
0 6
58 91
58 133
108 111
59 90
72 119
124 140
2 8
123 138
30 39
74 76
73 96
101 138
138 142
54 123
78 126
58 73
95 97
3 24
73 133
83 149
7 21
19 32
31 48
81 92
2 26
52 58
100 115
59 64
76 133
63 75
115 147
67 95
102 125
21 28
116 128
67 96
16 33
118 122
51 74
8 29
54 126
91 95
115 120
59 99
9 38
34 38
37 38
9 42
34 42
37 42
63 66
24 35
105 130
2 40
53 92
20 23
73 99
83 127
76 77
23 27
69 99
17 44
103 133
9 28
28 34
28 37
11 23
80 82
67 71
18 36
102 107
64 92
66 94
83 138
84 95
0 23
23 35
74 86
128 145
84 99
126 147
101 127
127 142
23 24
51 63
100 140
51 52
0 22
64 71
137 149
81 93
78 88
107 122
82 97
26 30
*
*
