9 34
9 37
34 37
101 142
7 39
10 48
127 138
17 40
0 27
28 39
2 47
0 17
128 132
1 25
120 143
29 47
19 46
80 81
0 39
3 47
8 38
27 28
63 91
96 99
82 92
7 49
116 137
65 75
0 4
29 30
57 93
1 45
1 12
0 28
27 39
11 24
2 29
123 126
69 80
0 40
112 139
0 7
9 12
12 34
12 37
94 99
39 49
17 27
9 30
30 34
30 37
3 29
88 96
88 95
35 49
66 84
74 97
138 149
42 47
7 28
3 30
7 11
19 21
95 96
63 78
1 30
13 38
136 148
2 3
1 9
1 34
1 37
4 40
17 39
127 149
52 86
4 17
17 28
65 86
55 96
78 91
9 25
25 34
25 37
7 17
23 26
5 16
55 99
58 75
30 45
12 30
7 40
25 30
7 27
28 49
61 78
55 94
2 30
71 97
46 48
141 145
4 27
103 116
69 81
39 40
82 99
17 26
50 52
107 130
51 56
90 94
58 74
20 28
3 38
3 42
27 40
6 11
20 27
25 45
12 25
30 47
11 49
26 40
21 44
19 44
19 48
75 86
9 35
34 35
35 37
8 13
91 97
140 143
74 75
3 45
3 12
28 40
69 92
9 29
29 34
29 37
120 140
2 42
38 42
12 45
53 89
20 36
111 123
63 97
2 35
11 39
7 26
110 147
4 7
82 94
7 24
101 121
121 142
58 76
2 9
2 34
2 37
92 94
11 29
27 48
70 138
94 96
0 49
88 99
26 39
103 137
4 39
69 89
126 127
100 136
140 145
89 90
27 36
67 82
20 31
20 39
6 47
26 43
63 73
3 9
3 34
3 37
69 79
73 97
4 46
1 35
10 36
104 132
89 94
64 88
140 144
2 49
4 48
21 46
17 21
28 36
67 92
10 46
123 146
1 3
40 49
95 99
57 98
11 40
61 91
30 35
54 58
17 49
139 141
29 42
7 35
70 149
116 147
44 46
61 66
64 99
4 19
68 87
9 49
34 49
37 49
2 12
2 45
4 21
2 6
9 45
34 45
37 45
92 99
105 122
23 43
101 113
113 142
29 49
51 86
54 76
0 11
56 85
26 49
80 89
53 80
5 44
10 27
21 48
11 26
4 28
126 138
54 133
68 119
112 145
2 11
24 29
35 39
111 146
70 127
3 8
38 47
0 48
1 2
115 148
28 31
27 49
83 133
50 86
10 19
89 92
5 18
124 143
58 65
21 40
29 45
12 29
0 26
31 36
143 144
6 29
13 42
54 75
104 128
51 65
71 82
32 33
17 31
9 47
34 47
37 47
*
*
