num branch_node: 7
num leaf_node: 8
num feature: 57
tree_depth: 3
num label: 2
nDC: 2432

***variables
a: 1 - 399 -> 399
s: 400 - 32606 -> 32207
z: 32607 - 69414 -> 36808
g: 69415 - 69430 -> 16
x: 69431 - 78632 -> 9202
ml: 78633 - 81028 -> 2396
cl: 81029 - 83233 -> 2205

variables***
[debug] --> CL ML ratio 1
the cl header --> p wcnf 83233 3812171 4602

timeout 900s ~/SAT_Project/loandra-master/loandra_static -pmreslin-cglim=30 -weight-strategy=1 -print-model -verbosity=1 ./solutions/spam_0.1_mc1.0_s1732_r1/phase_1_clauses_final >./solutions/spam_0.1_mc1.0_s1732_r1/phase_1_loandra_res

Start to read loandra res
*loandra status: SATISFIABLE
-ml sat and violated: 1917 | 479  | total #ml: 2396 | -violated weight: 479
3 -- [2917 3085]
16 -- [2894 2641]
25 -- [3322 4037]
32 -- [1584 1572]
36 -- [  35 1237]
40 -- [1964 3044]
45 -- [3823 4487]
46 -- [1717  249]
47 -- [ 572 1124]
49 -- [911 455]
53 -- [1231   38]
58 -- [3850 2795]
59 -- [4430 2544]
60 -- [763 482]
62 -- [1977 3965]
68 -- [610 599]
73 -- [780 956]
77 -- [ 121 1463]
79 -- [1105 1487]
85 -- [3963 4414]
87 -- [1231 1446]
88 -- [739 697]
91 -- [2401 4403]
93 -- [3313 2903]
101 -- [1694  544]
103 -- [1649  973]
106 -- [ 606 1692]
107 -- [ 255 1506]
108 -- [2708 3821]
113 -- [1812  359]
131 -- [4220 1928]
133 -- [525 696]
136 -- [ 443 1068]
137 -- [4267 2695]
144 -- [213 204]
151 -- [973 796]
152 -- [ 724 1180]
159 -- [2656 2617]
161 -- [ 465 1781]
164 -- [ 176 1309]
166 -- [641 145]
167 -- [1573 1711]
173 -- [1681  317]
189 -- [757 799]
195 -- [2586 3564]
200 -- [3310 2683]
202 -- [4274 2323]
208 -- [1778  596]
213 -- [3508 4376]
217 -- [4554 2617]
227 -- [1827 3553]
238 -- [ 513 1580]
239 -- [  57 1812]
240 -- [1334  224]
241 -- [ 891 1126]
243 -- [964 382]
244 -- [2894 2985]
249 -- [3872 4247]
251 -- [4111 2916]
259 -- [159 363]
260 -- [1193 1127]
269 -- [3052 3113]
275 -- [3560 2013]
280 -- [3730 4060]
286 -- [1062  730]
289 -- [2304 2335]
293 -- [4517 2686]
299 -- [4436 3837]
305 -- [2259 3098]
309 -- [4332 2470]
315 -- [ 491 1415]
316 -- [347 727]
337 -- [2431 3864]
340 -- [1518  957]
347 -- [1708  983]
359 -- [1700  144]
365 -- [2550 2810]
369 -- [4435 1860]
373 -- [4502 3564]
375 -- [2259 3859]
381 -- [ 195 1112]
389 -- [479 199]
390 -- [1662 1752]
397 -- [3663 2113]
398 -- [2298 2977]
400 -- [1182  911]
408 -- [295 502]
409 -- [1522  149]
410 -- [ 571 1143]
416 -- [ 845 1700]
424 -- [2894 3518]
427 -- [1789 1096]
429 -- [3372 2245]
432 -- [3965 3433]
439 -- [3141 4387]
445 -- [  11 1235]
446 -- [1646 1053]
449 -- [2923 3965]
450 -- [ 596 1544]
452 -- [1221   25]
465 -- [1241 1138]
466 -- [1283 1550]
486 -- [456 803]
491 -- [2708 1998]
493 -- [1767  236]
499 -- [1935 4288]
501 -- [1552  379]
506 -- [1017 1420]
507 -- [3881 4430]
508 -- [ 381 1223]
511 -- [1642   20]
512 -- [4387 4169]
521 -- [1790 1522]
523 -- [94 38]
525 -- [2093 4289]
533 -- [722  34]
538 -- [2480 2911]
539 -- [ 842 1645]
542 -- [1080  307]
548 -- [4393 4399]
551 -- [1840 2640]
554 -- [2028 2686]
558 -- [3552 2097]
571 -- [3719 4139]
572 -- [ 544 1691]
573 -- [526 270]
581 -- [4244 3879]
582 -- [4049 2986]
586 -- [126 237]
617 -- [1084   89]
619 -- [1550  133]
623 -- [2890 3075]
624 -- [258 874]
626 -- [2959 4214]
634 -- [1298 1422]
639 -- [1269  853]
644 -- [4390 3210]
648 -- [1487  206]
650 -- [4442 2391]
659 -- [1284 1598]
662 -- [1476 1399]
664 -- [1169  322]
667 -- [4289 2192]
669 -- [1594  566]
670 -- [1709  865]
675 -- [1299 1293]
690 -- [4436 1849]
695 -- [ 824 1260]
701 -- [2625 2220]
703 -- [1316 1455]
706 -- [1486  127]
708 -- [3507 4210]
716 -- [2353 2290]
717 -- [2238 2667]
720 -- [4134 4520]
725 -- [1230  952]
727 -- [771 602]
728 -- [2251 2905]
733 -- [2917 3274]
734 -- [  61 1222]
741 -- [832 476]
744 -- [1636   99]
751 -- [3863 3681]
761 -- [1017  797]
762 -- [1779   89]
767 -- [1300  126]
772 -- [1221   60]
773 -- [659 231]
777 -- [1641 1307]
780 -- [4502 4198]
783 -- [1639 1349]
785 -- [783 466]
790 -- [193 935]
792 -- [ 524 1190]
796 -- [1984 4240]
797 -- [2292 4208]
800 -- [1283  227]
808 -- [  77 1354]
810 -- [1210  981]
819 -- [899  70]
824 -- [2281 3897]
839 -- [4102 2411]
840 -- [ 647 1064]
849 -- [ 912 1592]
855 -- [4463 4319]
864 -- [4327 4336]
866 -- [3459 2264]
867 -- [3578 4425]
872 -- [489 744]
874 -- [4007 3791]
875 -- [4434 2000]
880 -- [ 625 1115]
881 -- [579 863]
884 -- [155 495]
889 -- [  96 1126]
890 -- [3970 1862]
899 -- [3091 2230]
900 -- [2542 1941]
904 -- [1516  831]
905 -- [609 784]
911 -- [ 624 1368]
913 -- [366 134]
917 -- [4111 3043]
919 -- [ 510 1511]
924 -- [2015 4281]
928 -- [370 255]
931 -- [1433 1397]
936 -- [213 465]
937 -- [1323  348]
953 -- [ 491 1587]
959 -- [512 826]
963 -- [780 716]
970 -- [1903 3354]
971 -- [216 775]
984 -- [2702 3560]
987 -- [513 169]
994 -- [ 41 434]
995 -- [1663  860]
996 -- [4443 3401]
1005 -- [ 319 1042]
1008 -- [  33 1417]
1015 -- [3490 3558]
1017 -- [761 341]
1026 -- [ 896 1220]
1028 -- [602 562]
1029 -- [3980 2752]
1039 -- [1046  121]
1041 -- [ 378 1615]
1045 -- [ 117 1571]
1048 -- [512 187]
1068 -- [ 826 1522]
1073 -- [808 184]
1081 -- [  18 1602]
1089 -- [1792 1280]
1098 -- [3487 4393]
1099 -- [4276 4424]
1111 -- [233 218]
1118 -- [250 428]
1129 -- [1342  950]
1134 -- [4244 2938]
1140 -- [2741 2894]
1142 -- [ 480 1354]
1153 -- [2488 3943]
1158 -- [2259 3968]
1173 -- [3069 2894]
1175 -- [1335  936]
1178 -- [3797 1946]
1194 -- [ 475 1031]
1196 -- [4196 4190]
1200 -- [2820 4430]
1211 -- [2346 1977]
1217 -- [3738 2467]
1218 -- [1620  501]
1219 -- [ 251 1004]
1222 -- [ 342 1494]
1223 -- [2755 2383]
1228 -- [1370 1382]
1230 -- [3245 4210]
1237 -- [985 322]
1241 -- [536 835]
1242 -- [1284  251]
1247 -- [631 124]
1250 -- [1141 1404]
1256 -- [434 727]
1263 -- [3923 4425]
1269 -- [330 675]
1270 -- [1229 1349]
1272 -- [ 252 1260]
1274 -- [1670  216]
1275 -- [1434  815]
1277 -- [936 204]
1292 -- [573 969]
1298 -- [4514 3309]
1300 -- [ 717 1721]
1301 -- [3275 4249]
1302 -- [1442  515]
1304 -- [204 414]
1308 -- [2879 1822]
1312 -- [837 500]
1315 -- [ 557 1339]
1322 -- [ 531 1360]
1326 -- [4139 3580]
1331 -- [2052 2810]
1332 -- [900 261]
1340 -- [ 263 1158]
1347 -- [2429 1935]
1352 -- [3592 4427]
1366 -- [1167    5]
1367 -- [4103 2810]
1373 -- [1412   34]
1381 -- [1540 1369]
1393 -- [452 629]
1401 -- [3250 1871]
1403 -- [1187   34]
1406 -- [ 603 1532]
1424 -- [505   8]
1425 -- [2422 4208]
1431 -- [1677 1770]
1439 -- [ 256 1278]
1443 -- [1414  345]
1444 -- [1678  971]
1445 -- [3459 3249]
1449 -- [3508 3145]
1461 -- [605 781]
1462 -- [2758 4441]
1463 -- [4501 3047]
1464 -- [2686 3424]
1469 -- [1322  757]
1470 -- [4274 3345]
1478 -- [2860 3096]
1480 -- [4210 4503]
1489 -- [1731 1523]
1493 -- [1502  186]
1495 -- [3010 4437]
1497 -- [ 661 1325]
1501 -- [4274 3828]
1522 -- [523 379]
1528 -- [4247 3788]
1534 -- [1128  730]
1540 -- [479 264]
1550 -- [ 305 1677]
1559 -- [1037 1098]
1562 -- [1837 2225]
1564 -- [553 838]
1566 -- [982 315]
1577 -- [728 448]
1588 -- [4301 4289]
1593 -- [ 874 1186]
1604 -- [ 921 1443]
1605 -- [3091 3751]
1616 -- [3551 1884]
1621 -- [2304 3474]
1635 -- [1329 1205]
1643 -- [320 395]
1654 -- [  94 1758]
1660 -- [2617 2666]
1666 -- [2187 1909]
1667 -- [1452 1064]
1669 -- [4524 3774]
1671 -- [3378 4331]
1690 -- [1506 1302]
1693 -- [3819 4274]
1696 -- [3043 4434]
1705 -- [ 51 355]
1708 -- [1903 2464]
1714 -- [3553 3596]
1715 -- [3553 3405]
1716 -- [1256  853]
1719 -- [ 126 1405]
1727 -- [3863 2895]
1734 -- [3495 2638]
1736 -- [2505 3733]
1737 -- [1323 1776]
1739 -- [120 743]
1745 -- [1652  588]
1747 -- [4387 2082]
1754 -- [2659 4430]
1759 -- [345  92]
1767 -- [1133 1696]
1775 -- [4391 2603]
1777 -- [4026 4387]
1779 -- [4093 4424]
1780 -- [1068 1371]
1781 -- [4395 3574]
1784 -- [1567  440]
1789 -- [701 848]
1798 -- [1561  489]
1804 -- [2292 2505]
1808 -- [ 20 614]
1814 -- [1455  370]
1822 -- [4134 2391]
1830 -- [ 938 1333]
1834 -- [  62 1494]
1850 -- [2954 2333]
1852 -- [617 320]
1860 -- [2607 3553]
1865 -- [4027 4061]
1870 -- [911 365]
1876 -- [2319 4133]
1883 -- [ 762 1769]
1889 -- [1783  272]
1895 -- [753 566]
1897 -- [3304 2236]
1900 -- [ 439 1537]
1901 -- [605 359]
1902 -- [1683   79]
1904 -- [2917 3520]
1909 -- [3861 3091]
1915 -- [1717  335]
1925 -- [  0 606]
1926 -- [2449 2952]
1927 -- [3852 2401]
1935 -- [3963 4107]
1937 -- [1530 1179]
1938 -- [3700 2148]
1941 -- [1415  857]
1945 -- [774 815]
1947 -- [1015  464]
1951 -- [2727 3863]
1958 -- [1712 1584]
1966 -- [ 941 1323]
1975 -- [3869 2943]
1985 -- [1100 1022]
1999 -- [806 465]
2004 -- [1721 1750]
2009 -- [2711 4061]
2011 -- [2496 2196]
2018 -- [2733 2621]
2019 -- [4260 2346]
2030 -- [177  40]
2037 -- [2334 2387]
2041 -- [1216 1244]
2057 -- [1280 1435]
2058 -- [381 967]
2074 -- [2220 3972]
2086 -- [1174 1566]
2088 -- [931 969]
2089 -- [1466 1602]
2090 -- [1723 1185]
2091 -- [627 919]
2092 -- [4408 3469]
2111 -- [3455 3297]
2112 -- [1269  843]
2117 -- [1660  545]
2120 -- [1088    7]
2124 -- [2686 3750]
2136 -- [1186 1711]
2137 -- [1589 1515]
2144 -- [1709   93]
2153 -- [ 906 1078]
2160 -- [ 911 1699]
2161 -- [3285 3600]
2163 -- [3999 4240]
2164 -- [4465 2095]
2168 -- [2481 3455]
2176 -- [1224 1109]
2179 -- [1384  198]
2186 -- [ 787 1311]
2190 -- [2166 4038]
2205 -- [3675 2281]
2208 -- [2488 2890]
2209 -- [ 884 1216]
2219 -- [ 764 1203]
2223 -- [ 318 1749]
2230 -- [1231 1691]
2232 -- [2293 3850]
2235 -- [3217 3553]
2244 -- [ 843 1740]
2246 -- [635 457]
2247 -- [ 531 1250]
2250 -- [2555 2500]
2252 -- [1371 1718]
2256 -- [   6 1540]
2258 -- [1668 1758]
2262 -- [500 857]
2265 -- [4061 2358]
2267 -- [659 707]
2268 -- [710  26]
2276 -- [ 293 1230]
2288 -- [2849 2086]
2289 -- [  72 1584]
2302 -- [3558 2434]
2312 -- [2108 2225]
2319 -- [3285 2830]
2321 -- [1716  624]
2327 -- [3797 4212]
2331 -- [1044  545]
2341 -- [3573 2426]
2342 -- [ 500 1257]
2354 -- [4329 4435]
2356 -- [347 433]
2361 -- [1810 1335]
2372 -- [762 938]
2375 -- [1862 4494]
2379 -- [3194 3016]
2380 -- [  23 1264]
2386 -- [2411 1887]
2388 -- [2186 3553]
2393 -- [2916 3850]
-cl sat and violated: 1612 | 593  | total #cl: 2205 | -violated weight: 593
3 -- [1490 3094]
4 -- [ 117 3536]
5 -- [4405 1775]
6 -- [3757  763]
7 -- [2293  475]
8 -- [3541  831]
11 -- [2255 1192]
19 -- [ 882 2595]
20 -- [ 530 4094]
24 -- [1038 1824]
25 -- [ 946 3336]
26 -- [ 777 4438]
31 -- [1330 2609]
34 -- [1990 1542]
35 -- [2535  620]
38 -- [ 798 2621]
42 -- [ 627 2496]
44 -- [2346  201]
47 -- [3235  204]
53 -- [ 606 3161]
54 -- [4296  524]
55 -- [4090  949]
59 -- [3505 1362]
62 -- [3495 1415]
64 -- [ 395 3110]
66 -- [2479  780]
72 -- [1439 4581]
74 -- [2852  531]
86 -- [ 532 2897]
87 -- [3376 1615]
88 -- [ 277 4111]
97 -- [ 722 2860]
105 -- [3457  111]
120 -- [ 747 3637]
121 -- [1278 2480]
129 -- [1362 4143]
132 -- [ 354 4111]
134 -- [ 984 2432]
142 -- [ 272 3831]
148 -- [2638 1007]
160 -- [3539  164]
166 -- [1587 3169]
170 -- [1264 4388]
174 -- [4293 1494]
184 -- [1794 4281]
185 -- [3319  334]
187 -- [ 334 2876]
191 -- [ 334 3520]
192 -- [  69 1930]
194 -- [2574 1584]
196 -- [1628 3172]
199 -- [1706 4310]
201 -- [3214 1090]
203 -- [1399 3602]
205 -- [2415 1487]
206 -- [ 813 2453]
207 -- [ 814 3805]
209 -- [1700 3252]
210 -- [3260 1469]
211 -- [2481  324]
212 -- [1600 3721]
213 -- [4593  519]
214 -- [3046 1323]
217 -- [ 323 3913]
223 -- [2431  905]
224 -- [3511  543]
226 -- [1332 2397]
235 -- [4357  906]
237 -- [2722 1024]
246 -- [3491 1221]
249 -- [3154  872]
251 -- [3551  507]
256 -- [ 525 3168]
262 -- [ 299 3775]
274 -- [4511  965]
277 -- [ 323 3441]
279 -- [ 815 2812]
281 -- [2615 1142]
283 -- [ 272 4526]
288 -- [1169 3461]
296 -- [2566   34]
299 -- [3438  617]
301 -- [1169 3992]
305 -- [ 398 3251]
307 -- [4312 1005]
310 -- [3386 1016]
317 -- [4245  266]
321 -- [ 204 3376]
324 -- [1049 2862]
333 -- [1019 2047]
335 -- [1037 2761]
340 -- [ 533 3337]
342 -- [2565 1623]
346 -- [2305 1282]
351 -- [1277 3684]
376 -- [ 148 2103]
377 -- [2434   89]
381 -- [1334 3450]
390 -- [1260 2596]
394 -- [1774 1922]
399 -- [3722  483]
400 -- [2218  272]
401 -- [ 250 4146]
405 -- [1443 4572]
406 -- [4127 1799]
408 -- [3798    7]
418 -- [ 785 2980]
421 -- [ 681 3284]
422 -- [3069 1055]
424 -- [ 553 2287]
426 -- [ 233 4069]
429 -- [3669   34]
433 -- [2298 1347]
437 -- [ 843 3429]
443 -- [2550 1399]
446 -- [1873   76]
447 -- [ 607 4289]
450 -- [3597  511]
451 -- [4531 1668]
454 -- [2056 1805]
460 -- [ 782 4530]
462 -- [2409  711]
476 -- [2512  893]
481 -- [3975 1146]
483 -- [3009  613]
488 -- [ 511 2929]
489 -- [ 962 1988]
492 -- [4552 1637]
494 -- [4247  860]
498 -- [2698 1703]
500 -- [2746 1711]
501 -- [  26 3358]
503 -- [ 825 3335]
506 -- [1695 2421]
517 -- [1090 1913]
518 -- [ 579 3041]
521 -- [4102  480]
524 -- [ 512 2706]
526 -- [ 148 4178]
534 -- [3551 1760]
540 -- [4251 1012]
544 -- [2196 1118]
547 -- [1387 2965]
548 -- [3963 1420]
550 -- [ 602 2547]
554 -- [1674 3010]
555 -- [3673  465]
557 -- [1621 4064]
560 -- [2629  981]
562 -- [1135 2077]
563 -- [ 385 2223]
566 -- [2695 1765]
567 -- [1640 2231]
570 -- [2883 1233]
579 -- [4393  225]
580 -- [ 500 1972]
584 -- [ 402 2196]
586 -- [ 528 4115]
589 -- [1881  553]
590 -- [3857  712]
595 -- [ 404 3973]
599 -- [ 833 3472]
602 -- [3996  331]
612 -- [4437 1148]
613 -- [1294 4282]
616 -- [3613  517]
617 -- [3669   20]
622 -- [1279 3032]
625 -- [ 359 2521]
627 -- [1225 2000]
645 -- [ 465 2252]
650 -- [  51 3310]
652 -- [4075  331]
657 -- [1352 3974]
658 -- [ 725 3990]
659 -- [ 235 1918]
661 -- [1560 2577]
662 -- [2894  170]
665 -- [4337  334]
669 -- [1016 3898]
670 -- [1408 4336]
673 -- [1517 4231]
674 -- [ 591 1936]
681 -- [3013 1789]
684 -- [ 457 2970]
689 -- [4149  759]
700 -- [3842 1126]
703 -- [ 465 4130]
704 -- [ 983 3501]
707 -- [ 398 2872]
710 -- [1735 3369]
711 -- [3018 1031]
714 -- [ 962 2440]
721 -- [2225 1396]
722 -- [ 103 2306]
726 -- [4347  505]
727 -- [3407 1589]
729 -- [2972  434]
737 -- [4203  821]
738 -- [ 815 3231]
740 -- [ 545 4000]
748 -- [ 443 2160]
752 -- [2225  895]
753 -- [ 593 2688]
758 -- [3312 1628]
762 -- [3508 1524]
763 -- [2015  379]
765 -- [2591  535]
776 -- [2513 1774]
789 -- [1330 4160]
796 -- [4384  911]
797 -- [ 890 3723]
798 -- [1382 3017]
799 -- [ 589 3772]
801 -- [ 761 2638]
808 -- [ 214 3753]
820 -- [1216 2674]
824 -- [1384 3337]
825 -- [2319  619]
826 -- [2553  606]
827 -- [2879  715]
830 -- [1778 4439]
831 -- [2448  954]
832 -- [4106 1774]
834 -- [2675 1726]
836 -- [2852   89]
840 -- [ 511 3518]
842 -- [1548 2586]
855 -- [2055 1752]
859 -- [3850   51]
863 -- [1227 3494]
872 -- [ 526 2354]
878 -- [4523  681]
883 -- [1560 2340]
888 -- [3154 1802]
892 -- [3395  535]
912 -- [4392 1415]
913 -- [ 830 4542]
921 -- [1415 3948]
923 -- [1504 4454]
927 -- [4441 1567]
928 -- [2779  381]
933 -- [ 843 2736]
935 -- [1330 3219]
949 -- [ 796 2374]
956 -- [1443 2767]
961 -- [2739  764]
966 -- [3027   33]
967 -- [3348 1521]
969 -- [4504 1723]
970 -- [3310 1466]
972 -- [1323 2347]
974 -- [ 728 2139]
976 -- [ 711 2512]
980 -- [ 524 2011]
982 -- [2617  348]
984 -- [ 463 2041]
985 -- [ 585 3625]
988 -- [ 874 2301]
990 -- [4553 1799]
994 -- [2201  524]
996 -- [1382 3919]
1001 -- [ 150 2053]
1002 -- [3693 1678]
1011 -- [ 427 4274]
1016 -- [ 832 2622]
1018 -- [2976 1600]
1023 -- [1829  671]
1029 -- [2236  332]
1039 -- [ 361 3573]
1046 -- [2880 1775]
1047 -- [ 627 4207]
1049 -- [3426  369]
1050 -- [ 544 2364]
1055 -- [1543 2911]
1059 -- [4204  184]
1068 -- [3654  391]
1072 -- [ 853 2527]
1074 -- [1487 3126]
1080 -- [2890 1521]
1083 -- [4265  468]
1084 -- [2013 1026]
1085 -- [1222 4295]
1086 -- [1857  496]
1088 -- [3419  118]
1093 -- [1687 3066]
1095 -- [1402 3283]
1096 -- [1206 3068]
1099 -- [2222 1504]
1101 -- [3202  413]
1110 -- [ 934 4146]
1111 -- [ 773 3299]
1115 -- [2434 1100]
1121 -- [3197 1556]
1122 -- [4207  882]
1123 -- [4291 1179]
1124 -- [3917  321]
1135 -- [2771 1469]
1141 -- [2162  697]
1142 -- [3225  465]
1144 -- [2472  814]
1158 -- [2838  847]
1159 -- [4284  369]
1163 -- [4462 1717]
1166 -- [1264 4172]
1173 -- [3440 1035]
1177 -- [ 596 3067]
1185 -- [1298 4393]
1189 -- [1285 3166]
1193 -- [ 844 2676]
1194 -- [ 764 2619]
1196 -- [3539  443]
1204 -- [1717 2226]
1205 -- [3186  585]
1208 -- [1550 3840]
1209 -- [ 324 1932]
1210 -- [3630 1775]
1213 -- [4382  512]
1214 -- [ 204 2323]
1215 -- [3445 1722]
1223 -- [ 916 3979]
1240 -- [3247 1384]
1248 -- [2542  233]
1249 -- [ 116 2118]
1254 -- [2335 1332]
1258 -- [2241  581]
1261 -- [ 735 3001]
1264 -- [1359 4443]
1265 -- [2247  524]
1266 -- [ 375 2308]
1267 -- [4056 1518]
1273 -- [ 466 3028]
1275 -- [ 111 3120]
1283 -- [3371 1342]
1284 -- [1037 3318]
1288 -- [4023 1169]
1290 -- [ 692 4439]
1291 -- [3154  157]
1292 -- [1650 3967]
1293 -- [2339 1386]
1294 -- [1595 3863]
1296 -- [3357  214]
1303 -- [3447 1550]
1305 -- [4423 1299]
1311 -- [4218 1146]
1327 -- [ 530 1976]
1335 -- [1149 2323]
1340 -- [4155  525]
1345 -- [4289  817]
1347 -- [3984 1206]
1349 -- [2104  334]
1352 -- [1695 4073]
1357 -- [2471  473]
1358 -- [ 675 3138]
1364 -- [3626  439]
1379 -- [3702 1551]
1387 -- [1126 4334]
1389 -- [2389  913]
1394 -- [3964  513]
1395 -- [3511   89]
1396 -- [1550 3667]
1397 -- [1178 4481]
1398 -- [1227 3587]
1399 -- [ 589 3319]
1400 -- [3126 1677]
1407 -- [3956  675]
1419 -- [ 711 2680]
1422 -- [1947  323]
1424 -- [1635 1976]
1425 -- [2563 1490]
1430 -- [2206 1352]
1431 -- [2521  773]
1434 -- [ 701 3255]
1436 -- [ 544 4267]
1442 -- [1855  501]
1451 -- [ 911 2156]
1453 -- [2886  111]
1458 -- [4439  400]
1460 -- [ 948 2010]
1461 -- [ 609 3568]
1463 -- [1600 1842]
1464 -- [ 625 3038]
1465 -- [1723 3758]
1468 -- [2734 1735]
1471 -- [ 572 3592]
1475 -- [2347  369]
1476 -- [2118 1726]
1478 -- [2841 1506]
1480 -- [ 730 3510]
1482 -- [ 345 1864]
1487 -- [ 764 4260]
1502 -- [2461  508]
1503 -- [2622 1287]
1504 -- [1029 4251]
1505 -- [ 631 4515]
1508 -- [ 988 4244]
1515 -- [2387  308]
1518 -- [1232 3265]
1527 -- [  79 2918]
1528 -- [ 792 3018]
1530 -- [2902  272]
1532 -- [2196 1011]
1544 -- [4487  611]
1545 -- [  16 2843]
1548 -- [1432 4078]
1549 -- [ 627 2504]
1550 -- [3239  948]
1553 -- [1242 3428]
1555 -- [2988 1617]
1558 -- [3898  235]
1559 -- [1623 2650]
1563 -- [4004  533]
1564 -- [3767  545]
1569 -- [4435  156]
1571 -- [2437 1321]
1572 -- [ 250 3279]
1575 -- [ 697 4147]
1577 -- [4056 1278]
1580 -- [2980 1690]
1581 -- [1212 3596]
1585 -- [3054 1205]
1586 -- [3058  697]
1596 -- [2802   53]
1597 -- [1533 2558]
1599 -- [1504 2476]
1600 -- [4282 1344]
1604 -- [3714 1038]
1605 -- [ 606 2786]
1606 -- [1182 2977]
1607 -- [ 853 2265]
1610 -- [1850  501]
1611 -- [ 728 3303]
1612 -- [3154  654]
1616 -- [3557  547]
1618 -- [ 904 3717]
1620 -- [ 949 2690]
1626 -- [2446  981]
1627 -- [1191 4346]
1628 -- [1321 3729]
1630 -- [1852 1733]
1632 -- [1687 3527]
1641 -- [ 625 4226]
1643 -- [  48 3869]
1645 -- [ 701 3582]
1649 -- [ 169 4289]
1653 -- [3630 1193]
1654 -- [3901  161]
1661 -- [4239 1179]
1664 -- [ 831 2753]
1665 -- [ 464 1866]
1672 -- [ 949 3399]
1678 -- [1993 1721]
1685 -- [ 545 2591]
1695 -- [4479  708]
1700 -- [3173   53]
1707 -- [ 830 2230]
1710 -- [   7 3409]
1715 -- [2535 1193]
1726 -- [1449 3077]
1727 -- [1192 3822]
1729 -- [3101 1322]
1730 -- [1788 4428]
1737 -- [3688 1145]
1740 -- [ 413 2675]
1741 -- [   4 1871]
1746 -- [3431    5]
1750 -- [ 318 3221]
1753 -- [1955  204]
1755 -- [1787 3052]
1758 -- [2418  501]
1759 -- [ 579 3663]
1767 -- [ 339 4502]
1768 -- [ 530 2301]
1771 -- [2248 1556]
1777 -- [3408 1241]
1778 -- [1158 2105]
1782 -- [ 152 2630]
1785 -- [2237  737]
1796 -- [2462 1540]
1804 -- [ 214 4043]
1807 -- [  57 2884]
1814 -- [ 307 3009]
1815 -- [1443 2650]
1822 -- [1677 2399]
1829 -- [4330 1686]
1833 -- [1892 1805]
1834 -- [3305 1180]
1835 -- [4117 1560]
1841 -- [1179 1949]
1848 -- [1821  355]
1852 -- [ 845 2977]
1866 -- [1149 1927]
1868 -- [1668 2554]
1870 -- [3440 1313]
1876 -- [4001  582]
1880 -- [1449 4418]
1882 -- [ 299 3804]
1883 -- [ 501 3321]
1884 -- [ 286 4443]
1885 -- [1579 3297]
1890 -- [1237 3903]
1891 -- [3377  681]
1893 -- [3624 1316]
1894 -- [2213  963]
1896 -- [3877   20]
1898 -- [ 385 4201]
1900 -- [2365  351]
1902 -- [ 626 4244]
1903 -- [ 413 2178]
1907 -- [3127  505]
1908 -- [1830  617]
1911 -- [ 217 1867]
1914 -- [2802    7]
1919 -- [ 427 3774]
1921 -- [3345 1278]
1925 -- [3489 1206]
1928 -- [2172  596]
1934 -- [2333  160]
1936 -- [2223  370]
1937 -- [3637  803]
1940 -- [1695 2120]
1942 -- [2514  148]
1943 -- [2231  479]
1945 -- [2147 1530]
1947 -- [2463 1463]
1948 -- [2773 1504]
1953 -- [4149 1280]
1959 -- [3480 1409]
1960 -- [2720   40]
1963 -- [ 379 3475]
1964 -- [1762 2714]
1973 -- [2237  204]
1975 -- [1602 2275]
1980 -- [3997 1263]
1981 -- [ 381 2049]
1985 -- [ 326 4134]
1987 -- [3488  798]
1991 -- [2772  882]
1993 -- [ 815 3421]
2004 -- [  50 3059]
2019 -- [2430 1700]
2022 -- [2787 1049]
2031 -- [ 532 3696]
2036 -- [ 655 1941]
2039 -- [4159 1192]
2045 -- [ 355 3136]
2046 -- [ 596 4324]
2048 -- [4352  624]
2049 -- [ 916 3573]
2053 -- [1415 4155]
2058 -- [2752 1687]
2059 -- [4545 1733]
2067 -- [1352 2922]
2072 -- [ 889 3326]
2074 -- [ 227 3122]
2085 -- [1280 3093]
2091 -- [ 799 4108]
2093 -- [3386   24]
2096 -- [ 764 3355]
2099 -- [4442 1732]
2102 -- [3084  502]
2103 -- [ 602 2713]
2104 -- [4027 1433]
2105 -- [3527 1550]
2112 -- [ 289 3398]
2117 -- [3999  403]
2120 -- [3925  452]
2121 -- [1602 2674]
2122 -- [3055  113]
2123 -- [3261 1060]
2127 -- [1871  353]
2130 -- [1941 1766]
2133 -- [3163 1687]
2136 -- [1930 1731]
2137 -- [1415 4007]
2138 -- [1640 2981]
2140 -- [2011 1635]
2141 -- [1220 2951]
2143 -- [1966  204]
2145 -- [2083  773]
2149 -- [ 803 2938]
2151 -- [4126 1146]
2153 -- [3067 1227]
2166 -- [2899  121]
2170 -- [1542 3007]
2175 -- [ 981 2349]
2177 -- [ 479 3043]
2182 -- [ 610 2812]
2185 -- [ 317 2947]
2186 -- [ 672 3276]
2189 -- [ 214 1969]
2196 -- [1343 3700]
2203 -- [3093  152]
7 -time: 0.02102 -dim: (11172, 2)
8 -time: 0.00013 -dim: (7, 57)
9 -time: 3.91260 -dim: (1835400, 3)
10 -time: 5.45880 -dim: (1730141, 3)
11_12 -time: 0.19065 -dim: [110424, 2]
13 -time: 0.07543 -dim: (36808, 4)
14_15 -time: 0.03286 -dim: [798, 2]
16 -time: 0.00001 -dim: (0, 2)
17_18 -time: 0.38692 -dim: [73616, 3]
19 -time: 0.00016 -dim: (1, 1)
20 -time: 0.22139 -dim: (0, 4601)
21 -time: 0.00077 -dim: (1, 4601)
22 -time: 0.00005 -dim: (2205, 3)
23 -time: 0.00003 -dim: (2205, 3)
24 -time: 0.00003 -dim: (0, 5)
25 -time: 0.00005 -dim: (2396, 3)
26 -time: 0.00004 -dim: (2396, 3)
smtPr 22-26 -time: 0.01409 -dim: nan
slvr_header -time: 1.42391 -dim: nan
*solver* -time: 900.07903 -dim: nan
res_read -time: 0.05131 -dim: nan
-- SUM CL TIME: 10.31503          |  SUM other TIME: 901.55425          |  SUM TIME: 911.86928
