num branch_node: 7
num leaf_node: 8
num feature: 57
tree_depth: 3
num label: 2
nDC: 2432

***variables
a: 1 - 399 -> 399
s: 400 - 32606 -> 32207
z: 32607 - 69414 -> 36808
g: 69415 - 69430 -> 16
x: 69431 - 78632 -> 9202
ml: 78633 - 82898 -> 4266
cl: 82899 - 86683 -> 3785

variables***
[debug] --> CL ML ratio 2
the cl header --> p wcnf 86683 3822521 11837

timeout 900s ~/SAT_Project/loandra-master/loandra_static -pmreslin-cglim=30 -weight-strategy=1 -print-model -verbosity=1 ./solutions/spam_0.1_mc1.75_s2352_r2/phase_1_clauses_final >./solutions/spam_0.1_mc1.75_s2352_r2/phase_1_loandra_res

Start to read loandra res
*loandra status: SATISFIABLE
-ml sat and violated: 2550 | 1716  | total #ml: 4266 | -violated weight: 1716
4 -- [2715 2444]
12 -- [2477 2271]
17 -- [2394 3638]
19 -- [2089 2076]
23 -- [154 247]
24 -- [3206 3986]
35 -- [3381 1957]
36 -- [2110 2490]
37 -- [3401 3932]
39 -- [4336 2693]
40 -- [3301 4353]
41 -- [4312 3456]
42 -- [1786 1125]
58 -- [758 541]
61 -- [144 881]
63 -- [2124 2621]
65 -- [4372 3299]
70 -- [4166 2495]
72 -- [3064 3685]
73 -- [1535 1138]
74 -- [2078 2723]
75 -- [1851 2663]
76 -- [4198 3814]
77 -- [3244 2034]
78 -- [1876 3030]
79 -- [645 685]
83 -- [1938 2938]
84 -- [3334 3996]
88 -- [3009 2786]
89 -- [3454 3928]
90 -- [619 407]
95 -- [3798 2479]
96 -- [3922 3925]
98 -- [4108 3603]
99 -- [2851 2165]
104 -- [3164 4271]
105 -- [3361 4384]
107 -- [1046  967]
108 -- [2874 3097]
109 -- [1230  305]
115 -- [1654  233]
116 -- [635   6]
119 -- [736  54]
122 -- [3673 2964]
124 -- [138 199]
126 -- [1574 1581]
128 -- [2869 2011]
132 -- [2685 4483]
134 -- [ 490 1020]
135 -- [2198 2670]
136 -- [4097 4430]
137 -- [3855 1846]
142 -- [2137 4562]
144 -- [3761 2780]
147 -- [2484 3990]
150 -- [3291 4355]
153 -- [4028 4551]
154 -- [2415 2926]
155 -- [2997 1920]
156 -- [3108 2135]
165 -- [2016 4514]
166 -- [3432 3933]
168 -- [2405 4115]
170 -- [271 792]
172 -- [1005  163]
173 -- [2095 3622]
177 -- [1760  233]
180 -- [1914 4536]
181 -- [3584 4308]
183 -- [2959 2119]
184 -- [  67 1748]
188 -- [1754 1258]
190 -- [505 346]
193 -- [2524 2574]
197 -- [3272 3564]
198 -- [2799 4046]
204 -- [2381 2554]
205 -- [3197 2871]
207 -- [ 152 1226]
212 -- [4015 2319]
214 -- [4218 3511]
215 -- [2421 4588]
221 -- [ 391 1704]
225 -- [3739 2115]
226 -- [4568 4009]
228 -- [4137 3235]
230 -- [3304 3700]
232 -- [4278 4185]
233 -- [403  26]
235 -- [3141 4189]
242 -- [2961 2277]
243 -- [2776 1984]
245 -- [4369 2393]
246 -- [3430 4519]
248 -- [3614 2045]
253 -- [3989 3260]
254 -- [1985 3657]
255 -- [2291 3995]
256 -- [212 429]
257 -- [3307 4426]
259 -- [544 620]
260 -- [4524 1930]
261 -- [3356 2256]
264 -- [4182 3899]
270 -- [1399 1317]
275 -- [2838 2416]
280 -- [4268 3982]
282 -- [3368 4112]
284 -- [2680 2838]
285 -- [4416 3034]
287 -- [2834 3748]
290 -- [ 133 1094]
291 -- [4347 4099]
297 -- [3730 3741]
298 -- [4017 3467]
301 -- [2827 4435]
303 -- [552 269]
305 -- [1299 1224]
307 -- [4338 4079]
309 -- [1227 1292]
310 -- [2793 3174]
312 -- [2188 3158]
313 -- [3737 4308]
317 -- [3352 4526]
319 -- [2950 2538]
320 -- [2528 1872]
323 -- [2005 2973]
330 -- [1640 1578]
331 -- [2664 2232]
333 -- [1555 1727]
337 -- [4445 2323]
339 -- [2030 3767]
340 -- [3241 4010]
341 -- [4040 4467]
346 -- [3731 3541]
347 -- [2171 3059]
348 -- [2504 1902]
355 -- [3923 4128]
356 -- [3188 4446]
357 -- [2426 2475]
358 -- [2655 2330]
359 -- [3662 2757]
361 -- [2212 3534]
364 -- [2581 3108]
365 -- [1529  740]
368 -- [2927 2171]
369 -- [3526 3593]
371 -- [654   6]
374 -- [3187 4245]
377 -- [2876 3453]
379 -- [268 658]
380 -- [1194 1622]
382 -- [3562 4291]
387 -- [3842 2452]
389 -- [3853 1829]
390 -- [3292 3427]
395 -- [2144 2304]
396 -- [3208 3721]
399 -- [3530 3393]
400 -- [2176 3425]
408 -- [4195 2532]
411 -- [ 110 1608]
412 -- [3108 3191]
423 -- [3014 4502]
424 -- [3345 3375]
430 -- [454 792]
435 -- [2804 3738]
439 -- [1803 1721]
442 -- [2940 3360]
444 -- [2929 4512]
445 -- [1175 1307]
450 -- [ 423 1543]
451 -- [2323 2141]
455 -- [4348 4198]
457 -- [2064 2534]
459 -- [2428 2566]
460 -- [2833 2711]
465 -- [3945 3922]
466 -- [3841 2689]
467 -- [2059 2574]
468 -- [ 412 1205]
471 -- [4121 2495]
472 -- [3638 2740]
473 -- [1914 2042]
474 -- [2579 2774]
477 -- [2417 2852]
478 -- [4277 4545]
480 -- [2970 2310]
491 -- [1641 1481]
492 -- [4246 1972]
493 -- [4118 2403]
497 -- [2492 3706]
505 -- [2465 2841]
507 -- [402 459]
508 -- [2362 4235]
509 -- [4363 2661]
510 -- [3428 2963]
513 -- [1745 1685]
516 -- [2342 2377]
518 -- [4443 3778]
519 -- [ 789 1105]
520 -- [ 357 1387]
521 -- [403 525]
524 -- [3023 2791]
525 -- [852 543]
526 -- [2073 2075]
527 -- [2295 4576]
532 -- [1622  744]
535 -- [2532 2890]
537 -- [2342 4011]
540 -- [4222 2251]
541 -- [403 620]
542 -- [3701 3250]
546 -- [4418 4169]
548 -- [1986 1934]
552 -- [829 358]
554 -- [4012 3696]
555 -- [3439 2368]
559 -- [ 489 1049]
560 -- [3278 2308]
569 -- [4517 3332]
571 -- [1610 1502]
576 -- [4359 4019]
579 -- [2177 1890]
580 -- [2840 4232]
581 -- [3795 2696]
582 -- [4312 2105]
583 -- [1425 1677]
587 -- [3859 2267]
588 -- [2463 2334]
592 -- [2892 4203]
593 -- [1951 3156]
594 -- [3996 2183]
597 -- [2910 4161]
603 -- [4001 2759]
604 -- [3289 4076]
606 -- [ 914 1443]
609 -- [3768 2712]
614 -- [3662 4416]
620 -- [3329 3233]
624 -- [241 781]
625 -- [1495 1031]
628 -- [ 719 1545]
632 -- [2643 4239]
634 -- [1488 1005]
636 -- [2776 2442]
637 -- [4485 3067]
638 -- [2701 3834]
645 -- [693 152]
646 -- [3957 2613]
647 -- [2124 3523]
650 -- [3703 3797]
652 -- [3053 4590]
653 -- [2163 2588]
655 -- [2820 2598]
657 -- [2322 2874]
658 -- [2063 3344]
659 -- [2244 2253]
664 -- [4527 2088]
665 -- [2390 3894]
666 -- [1058  441]
667 -- [2341 2497]
668 -- [1154  935]
669 -- [3974 3235]
673 -- [2742 3823]
676 -- [2112 3267]
679 -- [2149 3301]
680 -- [2540 4411]
681 -- [2043 2150]
685 -- [699 271]
686 -- [1367  426]
688 -- [4398 4258]
690 -- [2920 3864]
699 -- [3452 1979]
703 -- [2323 3897]
705 -- [3499 3821]
709 -- [4507 4166]
710 -- [3251 3594]
711 -- [1599 1110]
713 -- [3463 2843]
723 -- [2071 3339]
724 -- [4265 2797]
726 -- [3292 3633]
727 -- [2954 1841]
730 -- [1908 2362]
734 -- [1173 1433]
738 -- [3848 3405]
744 -- [4033 3589]
745 -- [3120 2116]
749 -- [880 110]
751 -- [2680 1897]
753 -- [2353 2809]
756 -- [4374 4158]
767 -- [4270 3719]
768 -- [595 674]
771 -- [4489 2027]
772 -- [3533 2631]
773 -- [2310 2807]
775 -- [3441 2830]
777 -- [2614 4108]
785 -- [3782 4030]
789 -- [2544 3512]
791 -- [3714 3737]
792 -- [1091  687]
793 -- [4229 4016]
796 -- [2175 2318]
799 -- [3780 4432]
800 -- [2313 4548]
805 -- [2243 4028]
806 -- [3376 4384]
807 -- [4358 3026]
808 -- [2758 2751]
809 -- [2651 3570]
811 -- [2134 4102]
814 -- [3192 2113]
816 -- [1591 1219]
818 -- [3797 2513]
820 -- [1354 1761]
822 -- [3024 2317]
826 -- [1818 3374]
827 -- [4297 2853]
828 -- [4295 1903]
833 -- [2770 4004]
834 -- [1415 1512]
835 -- [2188 2010]
845 -- [978 131]
848 -- [2096 3887]
850 -- [3738 4346]
851 -- [2032 3160]
854 -- [2309 3907]
856 -- [3273 2606]
859 -- [2459 1981]
860 -- [2673 4069]
864 -- [3109 3875]
868 -- [2971 2818]
873 -- [1377 1062]
876 -- [3243 2117]
879 -- [4462 2662]
883 -- [2038 3213]
886 -- [1934 4260]
888 -- [3363 2314]
891 -- [ 626 1234]
893 -- [4378 2915]
894 -- [3960 3505]
895 -- [1532  130]
897 -- [4171 3746]
902 -- [3519 3160]
908 -- [2200 1936]
913 -- [3120 2552]
916 -- [2474 4312]
917 -- [4401 2394]
918 -- [2513 2743]
919 -- [2375 3063]
921 -- [4253 3277]
922 -- [4527 1854]
924 -- [1245  550]
928 -- [2740 2123]
930 -- [2830 2077]
931 -- [4169 4286]
933 -- [184 628]
934 -- [ 987 1060]
937 -- [2423 3763]
940 -- [3712 2109]
944 -- [1875 3990]
948 -- [2873 3688]
951 -- [401 319]
959 -- [2708 1860]
960 -- [3517 3515]
961 -- [ 967 1172]
970 -- [2540 2932]
972 -- [2837 3173]
976 -- [4234 3947]
977 -- [2018 4305]
979 -- [4138 4034]
980 -- [1455 1254]
981 -- [3877 2876]
982 -- [4155 1850]
983 -- [2315 3405]
986 -- [2796 4520]
987 -- [1614  377]
989 -- [3294 3389]
991 -- [3941 2151]
994 -- [2811 3150]
998 -- [1219 1476]
999 -- [3382 4072]
1002 -- [3229 4338]
1003 -- [4112 3694]
1004 -- [2695 2322]
1007 -- [1199  768]
1010 -- [102 396]
1013 -- [287 595]
1014 -- [4421 3652]
1016 -- [4177 3976]
1018 -- [4351 2572]
1019 -- [1437  224]
1020 -- [3362 2237]
1022 -- [4252 4521]
1024 -- [2224 2524]
1025 -- [1643 1463]
1026 -- [1255 1601]
1029 -- [3616 4579]
1030 -- [4156 2790]
1032 -- [1192  556]
1033 -- [4264 4458]
1038 -- [4002 4597]
1040 -- [ 614 1665]
1042 -- [2557 3164]
1044 -- [4264 4134]
1052 -- [3368 4326]
1054 -- [2186 2845]
1057 -- [ 325 1673]
1058 -- [295 208]
1059 -- [400 558]
1061 -- [3522 3436]
1066 -- [ 35 716]
1067 -- [431 677]
1068 -- [3698 3863]
1074 -- [2553 3621]
1075 -- [2084 2505]
1077 -- [4145 2388]
1079 -- [4554 4177]
1082 -- [3879 2392]
1085 -- [2177 2250]
1087 -- [2431 3323]
1090 -- [1856 2155]
1091 -- [1182 1205]
1093 -- [2136 4533]
1097 -- [3892 2966]
1101 -- [773 273]
1104 -- [2044 2565]
1106 -- [3634 3719]
1110 -- [4384 3409]
1112 -- [2382 2033]
1113 -- [1858 4311]
1114 -- [1040 1548]
1115 -- [3800 3547]
1116 -- [1199 1425]
1117 -- [1886 3080]
1118 -- [2411 3714]
1119 -- [2651 4281]
1120 -- [2103 4529]
1122 -- [3735 4117]
1123 -- [4199 2801]
1126 -- [4104 2917]
1128 -- [4155 4369]
1130 -- [2342 4236]
1131 -- [3087 3186]
1133 -- [3227 4233]
1134 -- [ 357 1289]
1137 -- [2347 3180]
1138 -- [3897 2865]
1140 -- [1502 1341]
1142 -- [3944 4541]
1145 -- [2777 4104]
1148 -- [2082 1843]
1150 -- [ 886 1595]
1152 -- [ 27 140]
1153 -- [1402 1236]
1155 -- [3501 2464]
1157 -- [2829 3800]
1159 -- [1859 2746]
1160 -- [2794 4266]
1162 -- [1255 1090]
1163 -- [4223 3541]
1164 -- [2149 3549]
1165 -- [3655 3740]
1169 -- [4132 3352]
1173 -- [3699 1969]
1175 -- [2841 1813]
1177 -- [1839 3381]
1181 -- [2557 4297]
1182 -- [3655 3413]
1185 -- [2232 2120]
1187 -- [4236 4383]
1190 -- [3326 2659]
1206 -- [2538 4478]
1210 -- [1911 3829]
1217 -- [2204 2323]
1221 -- [4178 3143]
1223 -- [2276 2071]
1225 -- [ 536 1383]
1228 -- [3946 3422]
1231 -- [3359 3263]
1234 -- [3365 3904]
1239 -- [789 829]
1241 -- [3238 2642]
1245 -- [2085 2096]
1248 -- [1451 1110]
1253 -- [3491 3420]
1255 -- [1988 2198]
1258 -- [1857 3453]
1259 -- [2294 4135]
1262 -- [969 310]
1265 -- [3381 2084]
1267 -- [1478  449]
1271 -- [1605 1645]
1273 -- [2227 2302]
1274 -- [4370 2272]
1280 -- [4295 1933]
1282 -- [609 152]
1284 -- [456 635]
1285 -- [2712 3956]
1288 -- [2141 4259]
1297 -- [2730 4421]
1299 -- [ 574 1652]
1301 -- [2939 2113]
1302 -- [3259 2267]
1306 -- [3957 2609]
1307 -- [2714 2058]
1308 -- [3396 2115]
1310 -- [3809 4051]
1315 -- [4299 4416]
1321 -- [2004 4030]
1323 -- [4371 2713]
1325 -- [2611 3902]
1327 -- [3251 1940]
1330 -- [2753 1932]
1331 -- [2218 4300]
1332 -- [3507 3047]
1333 -- [3357 3831]
1335 -- [3761 2401]
1336 -- [4286 4275]
1341 -- [4293 2590]
1343 -- [3892 2972]
1344 -- [2634 4473]
1345 -- [3152 2375]
1347 -- [199 826]
1350 -- [2647 4020]
1353 -- [3049 2696]
1356 -- [3037 4168]
1358 -- [2957 2115]
1359 -- [3962 4353]
1361 -- [4541 4415]
1362 -- [2466 2478]
1364 -- [3596 4402]
1370 -- [2456 4147]
1372 -- [3244 2691]
1373 -- [2701 3438]
1374 -- [3956 3132]
1375 -- [4505 3479]
1379 -- [3109 3871]
1380 -- [ 317 1446]
1381 -- [4394 2505]
1382 -- [2298 3379]
1384 -- [3289 3048]
1385 -- [3419 4288]
1390 -- [4308 3995]
1392 -- [3004 3498]
1398 -- [2572 1946]
1400 -- [1890 3280]
1402 -- [2945 2815]
1403 -- [4517 3324]
1405 -- [358 159]
1409 -- [3693 3726]
1411 -- [1529  386]
1412 -- [1653 1761]
1413 -- [2125 3304]
1414 -- [3484 4102]
1416 -- [3512 4172]
1418 -- [2054 3570]
1422 -- [2567 3557]
1423 -- [4408 2476]
1424 -- [4571 3356]
1427 -- [3883 3751]
1429 -- [2898 2421]
1430 -- [3088 2879]
1431 -- [2307 2762]
1433 -- [3022 2670]
1436 -- [1922 1859]
1437 -- [1061 1120]
1438 -- [3029 2755]
1440 -- [3612 4173]
1443 -- [2219 2985]
1445 -- [2380 3150]
1446 -- [2983 2431]
1447 -- [4360 3351]
1451 -- [2262 2010]
1454 -- [666 465]
1457 -- [1376  562]
1458 -- [4168 2845]
1463 -- [130 596]
1464 -- [2875 4166]
1465 -- [4111 4386]
1467 -- [2979 2271]
1471 -- [2988 2989]
1472 -- [1489  100]
1473 -- [3612 4325]
1474 -- [4284 2456]
1475 -- [2637 3030]
1477 -- [1988 2724]
1478 -- [1050  351]
1481 -- [500 519]
1484 -- [2594 3196]
1486 -- [1899 3439]
1489 -- [3574 3762]
1492 -- [2954 2626]
1493 -- [2615 2539]
1496 -- [2637 4404]
1500 -- [2323 3897]
1507 -- [2112 1841]
1508 -- [3554 1937]
1509 -- [1180  385]
1510 -- [3017 3211]
1514 -- [3535 2390]
1515 -- [3383 3490]
1521 -- [3367 3900]
1524 -- [2710 2171]
1525 -- [2876 3400]
1526 -- [2295 2702]
1529 -- [2017 3168]
1532 -- [2763 3999]
1534 -- [2642 3396]
1535 -- [970 645]
1540 -- [3302 3883]
1544 -- [4039 3687]
1545 -- [4302 2529]
1551 -- [4417 4445]
1552 -- [3235 2443]
1556 -- [3290 3356]
1557 -- [3669 3170]
1560 -- [4297 3687]
1561 -- [2462 2244]
1562 -- [293 856]
1563 -- [294 301]
1566 -- [3277 1893]
1567 -- [2921 2639]
1568 -- [3795 1882]
1569 -- [2926 4297]
1571 -- [1857 2117]
1575 -- [3828 2144]
1577 -- [2107 2241]
1581 -- [1803 1318]
1585 -- [1881 3717]
1592 -- [3327 2554]
1595 -- [3206 1966]
1596 -- [2687 4067]
1598 -- [3698 3714]
1601 -- [3462 4384]
1602 -- [2799 1872]
1604 -- [3422 2407]
1610 -- [3841 3780]
1612 -- [3446 4298]
1613 -- [2058 3176]
1614 -- [1933 1945]
1619 -- [2555 2378]
1620 -- [2990 2916]
1621 -- [2855 3013]
1625 -- [2464 2326]
1627 -- [3152 3966]
1636 -- [4538 2834]
1637 -- [4431 4218]
1640 -- [2851 2385]
1641 -- [4345 2530]
1643 -- [4173 3261]
1644 -- [2757 2380]
1645 -- [4204 2694]
1650 -- [2851 4000]
1653 -- [4377 3372]
1655 -- [4594 1817]
1656 -- [4390 4519]
1658 -- [2528 2583]
1660 -- [3240 2511]
1661 -- [1111   27]
1664 -- [4283 4024]
1668 -- [364 704]
1669 -- [3799 3632]
1670 -- [2941 4526]
1673 -- [4302 3181]
1675 -- [2583 2930]
1676 -- [4023 4453]
1677 -- [2416 3176]
1681 -- [2802 3949]
1684 -- [984 709]
1688 -- [ 899 1151]
1691 -- [2481 3400]
1697 -- [3278 3821]
1703 -- [2885 4509]
1705 -- [1897 4231]
1708 -- [3651 3902]
1711 -- [1047  877]
1712 -- [3855 3870]
1714 -- [3053 3711]
1719 -- [2159 3881]
1722 -- [2993 3999]
1724 -- [ 936 1159]
1726 -- [2265 3103]
1727 -- [2498 3251]
1730 -- [1140  349]
1731 -- [3109 3237]
1733 -- [2527 2120]
1736 -- [2615 2411]
1737 -- [3217 2239]
1740 -- [2076 4078]
1742 -- [1253   67]
1743 -- [ 744 1506]
1744 -- [3010 3723]
1745 -- [2830 2918]
1747 -- [2148 4030]
1751 -- [3102 2571]
1752 -- [598 334]
1758 -- [4139 4040]
1761 -- [1044 1384]
1763 -- [3320 2480]
1767 -- [3257 4336]
1774 -- [2510 4434]
1779 -- [3776 3450]
1780 -- [4165 4340]
1785 -- [3383 1936]
1788 -- [4036 2713]
1792 -- [3409 3317]
1793 -- [3008 4514]
1794 -- [3245 4524]
1799 -- [1177  972]
1805 -- [ 541 1229]
1809 -- [2844 3888]
1811 -- [3130 3054]
1812 -- [2651 2240]
1813 -- [2310 2206]
1815 -- [1113  105]
1816 -- [3053 3873]
1818 -- [2653 2855]
1820 -- [4127 4458]
1822 -- [1170 1203]
1824 -- [1615  125]
1825 -- [519  43]
1826 -- [4035 2736]
1828 -- [4158 2798]
1830 -- [1853 2310]
1831 -- [4308 2320]
1833 -- [3712 3412]
1834 -- [3855 2440]
1836 -- [2780 3412]
1841 -- [2288 4238]
1845 -- [863 532]
1846 -- [ 690 1277]
1847 -- [245 974]
1849 -- [1351 1389]
1852 -- [205  67]
1854 -- [1195 1113]
1857 -- [2258 3738]
1859 -- [3721 3714]
1863 -- [1984 4257]
1865 -- [4342 3260]
1866 -- [3582 2478]
1868 -- [2566 3138]
1870 -- [4397 3214]
1872 -- [3453 4301]
1874 -- [2062 2272]
1875 -- [3164 3637]
1876 -- [4455 3420]
1883 -- [3155 4157]
1886 -- [3858 2786]
1888 -- [3517 2034]
1892 -- [2121 2425]
1893 -- [3228 3715]
1894 -- [  82 1268]
1899 -- [2623 4082]
1901 -- [3425 4023]
1904 -- [  80 1244]
1905 -- [3606 1875]
1906 -- [4081 4178]
1915 -- [ 319 1321]
1916 -- [461 386]
1918 -- [3038 2632]
1919 -- [1902 3036]
1921 -- [2478 2366]
1928 -- [3945 2075]
1931 -- [4068 4119]
1933 -- [2180 4182]
1936 -- [2863 1847]
1938 -- [1462   18]
1941 -- [3155 2670]
1943 -- [716 793]
1946 -- [4200 3203]
1951 -- [ 228 1676]
1953 -- [2021 2799]
1956 -- [4192 3197]
1957 -- [3528 3213]
1958 -- [1946 4443]
1962 -- [1933 2346]
1965 -- [3089 3489]
1967 -- [4186 2648]
1969 -- [3480 4284]
1970 -- [1491 1788]
1973 -- [4311 2248]
1975 -- [2780 4256]
1976 -- [4535 4482]
1981 -- [2467 4431]
1982 -- [3643 4433]
1985 -- [4085 3588]
1987 -- [ 129 1521]
1991 -- [1314  659]
1993 -- [4210 3907]
1994 -- [2190 3530]
1995 -- [3543 2069]
1996 -- [1889 4150]
1997 -- [ 961 1810]
1998 -- [3563 4299]
1999 -- [2601 3371]
2006 -- [3532 3750]
2016 -- [2174 3007]
2021 -- [2308 2453]
2023 -- [2127 4249]
2025 -- [1886 2511]
2027 -- [ 924 1376]
2028 -- [421 406]
2030 -- [2564 4341]
2033 -- [4127 2946]
2035 -- [2415 4036]
2037 -- [2467 4061]
2038 -- [3084 4376]
2046 -- [1929 3730]
2052 -- [2627 3524]
2055 -- [3999 4008]
2061 -- [1692  313]
2064 -- [4308 3092]
2065 -- [784 511]
2066 -- [210 925]
2067 -- [3775 1944]
2068 -- [1965 4486]
2070 -- [1006 1749]
2073 -- [886 873]
2076 -- [4322 4385]
2077 -- [4344 3599]
2080 -- [1481  152]
2081 -- [ 973 1175]
2083 -- [612  30]
2088 -- [3539 2804]
2089 -- [659 444]
2090 -- [2555 3405]
2092 -- [2955 2441]
2093 -- [2148 3531]
2096 -- [3614 2955]
2099 -- [631 960]
2110 -- [2986 3742]
2111 -- [3557 2635]
2116 -- [4321 3121]
2118 -- [3458 4319]
2119 -- [4149 2809]
2120 -- [3549 3056]
2121 -- [4420 2006]
2122 -- [1310  308]
2123 -- [2717 4269]
2125 -- [374  64]
2126 -- [2753 3068]
2131 -- [2617 4301]
2134 -- [4239 2701]
2135 -- [789 966]
2136 -- [2808 3890]
2138 -- [2470 3302]
2140 -- [3968 1851]
2141 -- [3392 3313]
2146 -- [1928 4092]
2147 -- [1371 1542]
2152 -- [4405 3900]
2155 -- [2593 4031]
2157 -- [  33 1348]
2158 -- [3160 4421]
2160 -- [967 399]
2164 -- [3686 2589]
2166 -- [470 869]
2167 -- [3474 2114]
2169 -- [ 794 1299]
2174 -- [487   7]
2177 -- [4421 2481]
2183 -- [3147 1901]
2185 -- [ 111 1040]
2189 -- [4216 4209]
2194 -- [3393 4344]
2196 -- [2995 3507]
2200 -- [3319 2221]
2203 -- [3458 4380]
2204 -- [3636 3558]
2206 -- [ 602 1436]
2207 -- [3799 3347]
2208 -- [2798 4129]
2211 -- [1806 1027]
2214 -- [2769 4287]
2215 -- [4024 3966]
2216 -- [3014 2379]
2217 -- [2964 3614]
2219 -- [789 595]
2222 -- [4391 3918]
2225 -- [2613 3043]
2226 -- [1073    7]
2227 -- [2584 4392]
2230 -- [2128 3789]
2234 -- [1833 2990]
2235 -- [1620 1362]
2237 -- [3561 3288]
2240 -- [3826 2747]
2241 -- [ 357 1767]
2242 -- [ 405 1298]
2247 -- [3037 3352]
2248 -- [1535  587]
2250 -- [2825 2816]
2253 -- [624 970]
2258 -- [859 858]
2260 -- [3762 3924]
2263 -- [3722 2479]
2265 -- [2208 3782]
2267 -- [2566 3032]
2271 -- [2483 3453]
2272 -- [3555 1976]
2277 -- [1226  113]
2278 -- [2922 4458]
2280 -- [4096 3392]
2281 -- [3096 2047]
2285 -- [948  27]
2287 -- [3264 2283]
2288 -- [4182 2607]
2289 -- [2890 3308]
2291 -- [2144 3228]
2296 -- [777 463]
2298 -- [1961 2209]
2301 -- [3698 3999]
2308 -- [2551 3373]
2310 -- [2159 2347]
2311 -- [3435 3454]
2312 -- [1800 1035]
2314 -- [ 221 1531]
2320 -- [1175  211]
2321 -- [3056 2887]
2322 -- [2474 4421]
2326 -- [2876 2423]
2328 -- [3732 3388]
2330 -- [ 434 1293]
2336 -- [2117 3359]
2339 -- [2701 2563]
2340 -- [1483 1801]
2341 -- [3052 2573]
2351 -- [3657 2634]
2352 -- [2163 3066]
2353 -- [3333 3620]
2355 -- [3535 3992]
2361 -- [402 494]
2365 -- [3232 2454]
2369 -- [1878 4545]
2370 -- [4262 4584]
2371 -- [4323 3437]
2372 -- [4006 2534]
2373 -- [2959 1856]
2375 -- [4183 3227]
2377 -- [3292 3021]
2381 -- [ 875 1493]
2384 -- [3889 4446]
2387 -- [4352 2649]
2388 -- [4215 3406]
2389 -- [751 739]
2391 -- [4217 2901]
2397 -- [4403 3469]
2399 -- [2312 2080]
2400 -- [3964 3136]
2401 -- [855 841]
2403 -- [3110 4542]
2406 -- [2249 2434]
2410 -- [1650 1538]
2415 -- [3646 1872]
2416 -- [4303 1911]
2421 -- [2028 4155]
2423 -- [2497 1877]
2426 -- [ 308 1042]
2427 -- [2639 4125]
2428 -- [3872 4160]
2434 -- [1960 2863]
2435 -- [596 869]
2437 -- [ 75 406]
2440 -- [2082 3177]
2442 -- [4222 2520]
2444 -- [ 708 1301]
2447 -- [2527 2053]
2448 -- [2505 4174]
2449 -- [3577 4579]
2450 -- [3524 2413]
2451 -- [4460 3624]
2453 -- [ 966 1803]
2459 -- [3834 3486]
2461 -- [2611 2917]
2463 -- [2071 4383]
2465 -- [ 304 1601]
2474 -- [1669 1686]
2475 -- [4343 3566]
2476 -- [2158 4318]
2481 -- [3510 4092]
2484 -- [4175 2410]
2485 -- [ 356 1803]
2487 -- [2968 4374]
2488 -- [2298 4600]
2494 -- [1395 1154]
2495 -- [4212 3551]
2496 -- [2973 3650]
2498 -- [  32 1050]
2499 -- [2548 3170]
2500 -- [2872 3494]
2501 -- [   6 1048]
2503 -- [1851 2584]
2505 -- [2497 4242]
2506 -- [1740   62]
2507 -- [2408 2004]
2508 -- [4470 1859]
2509 -- [1731  964]
2510 -- [2642 1994]
2511 -- [3252 3856]
2516 -- [2683 2214]
2517 -- [1482 1646]
2521 -- [1382   35]
2533 -- [ 310 1810]
2538 -- [3742 3984]
2542 -- [ 780 1340]
2546 -- [3580 2954]
2548 -- [3379 3808]
2549 -- [1080  113]
2552 -- [1434 1101]
2554 -- [4255 1817]
2556 -- [4509 3631]
2561 -- [2301 4333]
2564 -- [3655 3752]
2571 -- [314 858]
2573 -- [2964 3606]
2576 -- [2046 4556]
2577 -- [3831 2791]
2580 -- [4545 2895]
2582 -- [3089 3726]
2590 -- [2603 2486]
2592 -- [1295  959]
2594 -- [2235 3725]
2595 -- [2834 1842]
2600 -- [2018 4443]
2603 -- [ 76 429]
2604 -- [4457 2929]
2605 -- [2698 3401]
2606 -- [2174 3740]
2609 -- [2055 3071]
2612 -- [2329 3423]
2613 -- [ 195 1100]
2614 -- [1915 3218]
2620 -- [3863 3843]
2621 -- [4214 4054]
2624 -- [2115 2907]
2629 -- [2531 2512]
2630 -- [2076 3139]
2631 -- [3016 1963]
2632 -- [4209 2095]
2633 -- [4353 3037]
2634 -- [1641 1724]
2635 -- [2753 2315]
2637 -- [179 358]
2638 -- [1888 1837]
2639 -- [2520 3629]
2641 -- [2659 2848]
2642 -- [4003 4151]
2644 -- [2189 2004]
2645 -- [ 379 1335]
2648 -- [2164 1829]
2649 -- [3942 3389]
2650 -- [3000 3717]
2653 -- [2586 4182]
2659 -- [1572 1040]
2661 -- [3240 3297]
2664 -- [  10 1664]
2667 -- [2381 3352]
2668 -- [3866 1930]
2669 -- [1580  228]
2670 -- [4012 3661]
2674 -- [2146 3903]
2679 -- [2701 3148]
2683 -- [2156 2088]
2684 -- [3162 3405]
2692 -- [1537  804]
2693 -- [2262 3806]
2694 -- [337 260]
2695 -- [4411 3331]
2696 -- [3694 2131]
2699 -- [3829 3521]
2700 -- [3748 3518]
2701 -- [974 514]
2702 -- [2930 3810]
2703 -- [1383 1366]
2704 -- [4106 3859]
2705 -- [4323 3496]
2706 -- [ 984 1713]
2710 -- [2134 3284]
2714 -- [2815 2879]
2716 -- [4151 4547]
2719 -- [2703 2419]
2722 -- [4439 3532]
2724 -- [4579 3001]
2726 -- [3932 3907]
2731 -- [ 681 1048]
2732 -- [2185 2619]
2733 -- [3485 3811]
2735 -- [4577 4427]
2737 -- [4113 4304]
2738 -- [3473 2613]
2740 -- [1546  445]
2741 -- [223 369]
2742 -- [4439 4465]
2750 -- [2238 1851]
2755 -- [2440 3329]
2759 -- [ 156 1555]
2761 -- [2315 3907]
2767 -- [4351 4215]
2768 -- [2220 2977]
2770 -- [3001 3154]
2772 -- [3394 3191]
2773 -- [368 866]
2781 -- [4267 3120]
2782 -- [2969 4266]
2784 -- [3531 3231]
2792 -- [1104 1413]
2793 -- [3400 2859]
2795 -- [4232 3886]
2796 -- [3616 2650]
2800 -- [3921 4530]
2801 -- [1968 2914]
2802 -- [2715 4499]
2803 -- [3905 3713]
2805 -- [1298 1308]
2807 -- [ 63 901]
2808 -- [497 383]
2814 -- [2951 2678]
2816 -- [1011  624]
2817 -- [2378 3604]
2818 -- [3205 2667]
2819 -- [2707 2603]
2822 -- [1993 3915]
2825 -- [ 974 1045]
2829 -- [1151  182]
2830 -- [3745 2711]
2832 -- [1286  736]
2844 -- [2511 2760]
2845 -- [3262 3739]
2846 -- [3768 2203]
2847 -- [ 780 1158]
2850 -- [617 384]
2851 -- [2308 4271]
2852 -- [1662 1641]
2854 -- [4428 4053]
2860 -- [3701 1942]
2863 -- [ 143 1238]
2865 -- [3536 2271]
2866 -- [4284 3916]
2867 -- [2683 2486]
2870 -- [3380 2167]
2873 -- [2434 1877]
2876 -- [ 965 1107]
2877 -- [2471 3031]
2878 -- [4485 3558]
2881 -- [2073 3411]
2883 -- [521 857]
2888 -- [3722 2151]
2892 -- [201 740]
2893 -- [2524 3505]
2895 -- [1919 2553]
2898 -- [1383  546]
2905 -- [3963 2415]
2906 -- [3343 4344]
2907 -- [ 301 1046]
2909 -- [2958 3038]
2911 -- [4145 4562]
2912 -- [4408 2373]
2914 -- [4339 4411]
2915 -- [4381 4454]
2920 -- [958 975]
2921 -- [2568 4441]
2928 -- [2584 3258]
2934 -- [4520 3474]
2936 -- [3429 1983]
2941 -- [ 631 1442]
2942 -- [4267 4327]
2944 -- [4029 2641]
2946 -- [3711 3425]
2949 -- [1503 1175]
2954 -- [2991 2752]
2955 -- [4309 2831]
2957 -- [3902 3137]
2959 -- [3136 2949]
2960 -- [4268 3915]
2961 -- [4341 4330]
2962 -- [2170 2275]
2963 -- [1049 1505]
2964 -- [4569 4168]
2965 -- [3623 2753]
2971 -- [2009 2330]
2972 -- [4325 3533]
2975 -- [ 288 1482]
2981 -- [1926 3385]
2983 -- [3761 4384]
2984 -- [4486 4526]
2986 -- [2422 1832]
2987 -- [3107 2585]
2993 -- [3905 3992]
2998 -- [1101 1012]
2999 -- [4063 4284]
3000 -- [3777 3672]
3001 -- [2287 2093]
3002 -- [1786  564]
3003 -- [4389 2715]
3006 -- [326 401]
3007 -- [ 899 1402]
3008 -- [3069 2066]
3009 -- [4250 3476]
3018 -- [4545 2786]
3019 -- [ 319 1540]
3021 -- [4323 3678]
3023 -- [4360 4093]
3027 -- [3529 2890]
3028 -- [1142   64]
3029 -- [149 781]
3033 -- [1936 4212]
3035 -- [2544 4070]
3036 -- [2969 2422]
3037 -- [3377 2116]
3038 -- [4486 3633]
3039 -- [4197 2456]
3041 -- [3680 2858]
3043 -- [2075 4413]
3045 -- [1774  612]
3048 -- [ 368 1771]
3050 -- [1245  144]
3057 -- [4026 3242]
3059 -- [3044 3296]
3060 -- [3476 1915]
3063 -- [2551 2616]
3064 -- [2858 2988]
3069 -- [1837 3716]
3077 -- [2591 2446]
3079 -- [1224 1382]
3085 -- [  18 1595]
3086 -- [1458  195]
3088 -- [2328 2904]
3090 -- [1328  381]
3092 -- [2157 4336]
3096 -- [959 591]
3097 -- [ 343 1743]
3098 -- [ 886 1228]
3099 -- [2035 2420]
3103 -- [  45 1326]
3108 -- [1829 2265]
3109 -- [ 782 1283]
3111 -- [2131 2960]
3112 -- [2173 2575]
3119 -- [3701 2979]
3120 -- [3632 4288]
3124 -- [3794 3351]
3126 -- [3093 3712]
3127 -- [3187 1921]
3131 -- [710 155]
3133 -- [4496 3073]
3136 -- [2572 3937]
3137 -- [2224 3079]
3139 -- [2943 2216]
3141 -- [3069 2132]
3144 -- [3026 3061]
3150 -- [4002 2596]
3157 -- [3193 3118]
3159 -- [2124 3037]
3162 -- [3504 2647]
3165 -- [3356 2209]
3166 -- [301 565]
3167 -- [1877 3413]
3169 -- [3565 3408]
3170 -- [4586 2545]
3172 -- [833 780]
3173 -- [2915 3633]
3174 -- [2935 2488]
3177 -- [3138 3677]
3180 -- [2199 4175]
3184 -- [2073 2853]
3188 -- [4472 4001]
3190 -- [2848 2028]
3195 -- [2872 4047]
3196 -- [2466 2322]
3197 -- [2558 1822]
3198 -- [1521   78]
3199 -- [2947 2149]
3203 -- [ 572 1113]
3207 -- [ 705 1191]
3213 -- [ 479 1318]
3214 -- [4279 2259]
3215 -- [2828 3623]
3216 -- [1178 1101]
3217 -- [1917 3880]
3219 -- [1941 4116]
3226 -- [4525 2933]
3227 -- [3173 3069]
3229 -- [648 374]
3231 -- [3245 3583]
3233 -- [4424 2910]
3234 -- [2427 3561]
3235 -- [4035 2940]
3248 -- [2714 3600]
3249 -- [3491 2870]
3251 -- [2102 2244]
3252 -- [3931 2188]
3257 -- [3822 2153]
3259 -- [1872 3565]
3261 -- [1651 1234]
3279 -- [3900 3166]
3282 -- [4517 3566]
3284 -- [3025 3113]
3285 -- [4452 4284]
3286 -- [139 916]
3287 -- [3799 3243]
3289 -- [2905 2387]
3290 -- [4109 4133]
3292 -- [2741 2809]
3293 -- [684 378]
3296 -- [3578 4504]
3298 -- [4249 2026]
3304 -- [3492 3069]
3305 -- [488 456]
3306 -- [1826 2959]
3309 -- [1751  215]
3310 -- [3921 3187]
3312 -- [2201 2076]
3314 -- [1595 1110]
3315 -- [4323 3175]
3318 -- [2501 3509]
3319 -- [4215 2417]
3320 -- [ 500 1127]
3322 -- [4042 3272]
3323 -- [1984 3422]
3327 -- [2849 1968]
3329 -- [4368 3900]
3330 -- [2445 3872]
3331 -- [2714 1877]
3333 -- [3461 1849]
3334 -- [1099  633]
3335 -- [2297 2106]
3338 -- [ 988 1177]
3340 -- [3314 2872]
3342 -- [4399 4233]
3343 -- [3451 2635]
3344 -- [3146 2284]
3345 -- [4397 4301]
3346 -- [2100 2937]
3351 -- [4013 2954]
3354 -- [4249 2745]
3356 -- [1957 4460]
3357 -- [2123 3892]
3359 -- [ 557 1386]
3364 -- [337 228]
3366 -- [2640 2495]
3369 -- [357 599]
3370 -- [2761 2520]
3372 -- [4443 3124]
3375 -- [2676 2637]
3376 -- [3287 3498]
3379 -- [4175 3646]
3383 -- [2452 2665]
3386 -- [2647 2894]
3387 -- [3655 2711]
3388 -- [2411 2696]
3390 -- [3963 1909]
3395 -- [3683 3574]
3399 -- [913 962]
3400 -- [1989 2869]
3407 -- [1537 1432]
3408 -- [2159 3649]
3409 -- [296 653]
3411 -- [3886 2974]
3412 -- [3291 4223]
3416 -- [ 112 1113]
3417 -- [4396 3341]
3418 -- [2482 2231]
3419 -- [1468  331]
3420 -- [3018 3845]
3421 -- [3590 2508]
3423 -- [1502 1457]
3426 -- [1983 2252]
3428 -- [4518 2405]
3431 -- [2266 2368]
3432 -- [ 930 1173]
3434 -- [1979 2979]
3435 -- [3692 1895]
3436 -- [3094 3862]
3438 -- [ 597 1443]
3441 -- [3400 3431]
3443 -- [2533 3014]
3449 -- [1425 1069]
3452 -- [2993 3571]
3453 -- [2414 3104]
3454 -- [  38 1126]
3457 -- [2559 4458]
3458 -- [2150 3244]
3459 -- [4321 2741]
3460 -- [1946 3062]
3461 -- [1027  408]
3462 -- [3676 2450]
3463 -- [2056 4239]
3465 -- [4272 3695]
3466 -- [2548 3923]
3469 -- [ 365 1590]
3470 -- [3923 3034]
3471 -- [4027 2934]
3472 -- [2241 2633]
3473 -- [3481 2232]
3474 -- [4389 2292]
3479 -- [1721  351]
3480 -- [1015  333]
3485 -- [4164 2555]
3487 -- [4306 3749]
3489 -- [1455 1297]
3490 -- [2864 3031]
3494 -- [2713 3296]
3495 -- [ 348 1554]
3497 -- [2272 3466]
3498 -- [584 454]
3500 -- [4307 4350]
3502 -- [1875 4580]
3503 -- [3643 3193]
3506 -- [2382 3331]
3508 -- [2208 3205]
3510 -- [4000 3272]
3513 -- [1227  106]
3515 -- [4160 3301]
3516 -- [2871 3962]
3517 -- [3146 4133]
3518 -- [4441 3613]
3520 -- [2872 2874]
3521 -- [4358 1833]
3523 -- [2205 3310]
3524 -- [1743  164]
3525 -- [3358 1975]
3526 -- [1879 4439]
3527 -- [2773 2916]
3528 -- [2419 2459]
3530 -- [3512 2229]
3531 -- [2174 4180]
3537 -- [1896 4306]
3539 -- [ 886 1176]
3540 -- [3092 2943]
3543 -- [2858 3402]
3547 -- [  61 1600]
3548 -- [4325 4294]
3550 -- [2010 4162]
3551 -- [1960 3298]
3552 -- [1853 1969]
3553 -- [3725 2801]
3556 -- [1910 2226]
3558 -- [1890 3521]
3559 -- [3007 3618]
3560 -- [1244 1759]
3562 -- [2353 2368]
3568 -- [3295 3041]
3569 -- [3373 2277]
3571 -- [4015 2318]
3572 -- [3798 3694]
3574 -- [2114 2712]
3575 -- [4177 3988]
3579 -- [3344 4253]
3584 -- [3422 3772]
3585 -- [2927 2120]
3587 -- [1865 3281]
3588 -- [907 240]
3596 -- [4159 2878]
3599 -- [2067 1987]
3602 -- [4225 2745]
3603 -- [1062  182]
3606 -- [4199 3931]
3607 -- [4278 2792]
3609 -- [748 602]
3611 -- [1993 2113]
3614 -- [2325 4362]
3617 -- [ 740 1470]
3619 -- [1135 1073]
3622 -- [4285 4517]
3623 -- [3136 4311]
3624 -- [4555 4309]
3628 -- [1823 1992]
3629 -- [3952 3684]
3630 -- [2980 4076]
3632 -- [3037 2149]
3634 -- [3353 3070]
3636 -- [2631 2515]
3638 -- [867 552]
3645 -- [3421 2517]
3646 -- [3872 2219]
3647 -- [4270 3372]
3652 -- [2446 3269]
3667 -- [437 744]
3668 -- [1860 3426]
3669 -- [2958 4249]
3670 -- [3064 3305]
3678 -- [2536 2283]
3679 -- [2352 2234]
3680 -- [2906 2581]
3682 -- [ 963 1408]
3689 -- [2392 3681]
3690 -- [2753 2108]
3691 -- [1916 2595]
3694 -- [3749 3728]
3695 -- [3541 2677]
3696 -- [4431 4518]
3698 -- [4094 1849]
3699 -- [3471 1826]
3701 -- [811 496]
3702 -- [3535 2190]
3703 -- [2662 4049]
3706 -- [2465 3379]
3707 -- [2475 2099]
3712 -- [3707 3435]
3721 -- [3009 3027]
3722 -- [3376 2501]
3723 -- [1715   45]
3724 -- [2749 4516]
3727 -- [2947 1941]
3728 -- [803 629]
3729 -- [2215 3554]
3730 -- [2890 4316]
3735 -- [3989 3143]
3736 -- [3941 3597]
3742 -- [3150 3754]
3743 -- [3843 2118]
3744 -- [1731 1071]
3745 -- [2899 3453]
3752 -- [1959 4273]
3754 -- [2580 2708]
3755 -- [1263  666]
3760 -- [2934 1893]
3762 -- [3162 2632]
3768 -- [1577  855]
3769 -- [3757 1907]
3770 -- [2480 3321]
3773 -- [3366 4289]
3780 -- [ 568 1680]
3784 -- [2977 3658]
3785 -- [3060 1896]
3791 -- [1893 3962]
3792 -- [1769 1546]
3797 -- [4422 2665]
3798 -- [2169 3236]
3799 -- [2979 3256]
3800 -- [3130 4276]
3804 -- [3756 3702]
3808 -- [2655 4408]
3809 -- [429 793]
3812 -- [3519 2055]
3813 -- [832 856]
3814 -- [ 641 1071]
3818 -- [706 984]
3819 -- [ 309 1726]
3821 -- [1821 3955]
3823 -- [3974 3740]
3825 -- [2496 3918]
3826 -- [4155 4459]
3828 -- [1751   38]
3830 -- [3859 2718]
3834 -- [692 469]
3836 -- [3551 2356]
3841 -- [1998 1819]
3843 -- [887 102]
3844 -- [ 679 1443]
3846 -- [4165 2179]
3848 -- [2166 1970]
3850 -- [2503 3654]
3853 -- [402 375]
3854 -- [2468 2575]
3855 -- [3464 3265]
3857 -- [287 731]
3861 -- [3783 2986]
3863 -- [1930 4007]
3865 -- [1561  500]
3869 -- [2709 3099]
3871 -- [2838 4087]
3873 -- [3453 3406]
3877 -- [1548 1124]
3878 -- [3242 4441]
3879 -- [2480 2626]
3880 -- [3492 3938]
3884 -- [2523 3858]
3887 -- [ 100 1750]
3891 -- [3938 1860]
3892 -- [4506 4566]
3897 -- [4185 2764]
3901 -- [3923 4370]
3904 -- [2366 2421]
3905 -- [233 637]
3911 -- [4320 2837]
3917 -- [2461 3387]
3920 -- [3094 2449]
3921 -- [1915 2043]
3922 -- [ 369 1233]
3923 -- [1877 2317]
3924 -- [3627 2454]
3927 -- [4326 2300]
3933 -- [2064 3779]
3936 -- [1700  478]
3939 -- [2682 2872]
3942 -- [3009 2984]
3943 -- [1495 1244]
3944 -- [2232 2234]
3948 -- [2279 2457]
3950 -- [1947 2861]
3952 -- [3570 4222]
3953 -- [ 10 218]
3954 -- [2124 4534]
3958 -- [2194 2870]
3962 -- [2122 2437]
3968 -- [3096 3616]
3969 -- [1307 1491]
3971 -- [4342 3427]
3982 -- [1896 2811]
3983 -- [1863 2766]
3985 -- [2013 4591]
3986 -- [3366 1868]
3987 -- [3948 2050]
3998 -- [3643 4121]
3999 -- [ 722 1402]
4000 -- [4404 2264]
4003 -- [4567 2869]
4004 -- [2890 2784]
4005 -- [2242 3975]
4010 -- [2423 3657]
4011 -- [2260 2958]
4013 -- [4435 2866]
4015 -- [2852 3460]
4016 -- [2921 4177]
4017 -- [3156 2183]
4018 -- [3100 2820]
4022 -- [3394 2443]
4023 -- [3216 3388]
4028 -- [2097 4292]
4033 -- [4093 3999]
4037 -- [2086 1906]
4038 -- [1615 1238]
4040 -- [3009 3731]
4041 -- [225 117]
4042 -- [340 458]
4043 -- [4092 4203]
4044 -- [1491 1563]
4048 -- [3771 3417]
4049 -- [4547 2711]
4056 -- [2991 2244]
4057 -- [ 283 1044]
4060 -- [3235 2672]
4062 -- [2503 3437]
4064 -- [   6 1147]
4065 -- [4384 3662]
4068 -- [3422 3871]
4071 -- [3865 3317]
4073 -- [3889 3525]
4083 -- [2461 4585]
4087 -- [1907 4049]
4088 -- [3837 4357]
4092 -- [3180 4125]
4093 -- [2929 3908]
4094 -- [2363 4501]
4096 -- [2662 2283]
4098 -- [3115 2832]
4100 -- [3118 2987]
4101 -- [4144 3077]
4103 -- [2923 2262]
4104 -- [2674 4159]
4105 -- [3004 4076]
4114 -- [ 933 1262]
4117 -- [3941 1976]
4125 -- [4472 4035]
4127 -- [4214 3409]
4129 -- [2021 2499]
4142 -- [3525 2809]
4143 -- [2662 3612]
4147 -- [2802 4297]
4148 -- [2311 2104]
4150 -- [4576 2399]
4156 -- [1047  337]
4161 -- [2724 2230]
4163 -- [1121 1177]
4168 -- [ 423 1635]
4169 -- [ 180 1005]
4174 -- [2287 3865]
4175 -- [144 592]
4179 -- [3701 3930]
4180 -- [1852 3309]
4182 -- [ 973 1532]
4184 -- [1947 2017]
4185 -- [3374 2214]
4186 -- [3653 3115]
4189 -- [4532 3972]
4192 -- [2348 4298]
4195 -- [3557 4067]
4199 -- [2599 3543]
4200 -- [4408 2264]
4202 -- [4599 2740]
4204 -- [4046 3857]
4206 -- [2591 4233]
4209 -- [2647 4426]
4210 -- [4375 4441]
4212 -- [2823 3714]
4213 -- [4567 4357]
4215 -- [4558 3240]
4216 -- [2122 2570]
4217 -- [2516 3238]
4219 -- [2362 3581]
4222 -- [618 355]
4223 -- [1044  122]
4224 -- [4093 3821]
4225 -- [1063 1006]
4226 -- [2219 2093]
4227 -- [3810 1970]
4228 -- [1938 1985]
4232 -- [1005  509]
4234 -- [2276 2731]
4240 -- [3360 1990]
4241 -- [1903 1844]
4243 -- [2352 3275]
4244 -- [1101  270]
4245 -- [3289 2217]
4247 -- [3649 1934]
4249 -- [1850 4373]
4253 -- [2312 1817]
4254 -- [4085 3769]
4257 -- [2467 3075]
4258 -- [1299 1115]
4264 -- [1203 1471]
-cl sat and violated: 2272 | 1513  | total #cl: 3785 | -violated weight: 3026
0 -- [3023  377]
5 -- [2991  819]
6 -- [4386  311]
16 -- [3518 1363]
17 -- [3738  700]
21 -- [2661  850]
23 -- [1964  739]
24 -- [4451  327]
28 -- [1142 3928]
30 -- [1780 3057]
31 -- [1885  828]
32 -- [3238 1399]
35 -- [1084 4591]
37 -- [1239 4398]
43 -- [1086 4270]
44 -- [1050 2643]
45 -- [ 351 2571]
46 -- [2734  371]
49 -- [1126 3589]
50 -- [ 591 3924]
51 -- [2102 1079]
52 -- [1236 4493]
53 -- [2103  853]
58 -- [3570  278]
60 -- [ 791 3196]
62 -- [2646 1648]
63 -- [1193 3853]
65 -- [3996 1592]
66 -- [3967  353]
70 -- [ 878 3235]
72 -- [ 329 2166]
74 -- [4419  962]
76 -- [3458 1418]
77 -- [1903  529]
80 -- [4510 1201]
83 -- [2049 1039]
89 -- [ 708 3155]
92 -- [4223 1443]
93 -- [1711 4374]
96 -- [1712 4341]
98 -- [2703 1645]
106 -- [3309 1311]
107 -- [3510  912]
108 -- [1231 3443]
111 -- [1976  774]
113 -- [2931 1790]
114 -- [ 139 3134]
116 -- [2036  679]
117 -- [ 263 3535]
120 -- [1866  919]
121 -- [ 354 4450]
123 -- [ 748 1950]
126 -- [1458 3245]
127 -- [2692  529]
132 -- [4281  853]
139 -- [ 419 2419]
142 -- [2643 1544]
143 -- [ 884 2072]
146 -- [1553 3192]
148 -- [ 313 2561]
149 -- [2194 1711]
157 -- [1688 3961]
162 -- [1348 3248]
163 -- [3426  256]
164 -- [1885 1035]
166 -- [3451 1279]
168 -- [3938  504]
171 -- [1513 2987]
174 -- [2939  971]
175 -- [  31 3192]
178 -- [ 399 2387]
179 -- [2974 1096]
180 -- [1462 1819]
181 -- [2612  754]
189 -- [2651  500]
191 -- [ 777 3143]
195 -- [2634 1675]
197 -- [ 550 2975]
198 -- [1789 2205]
201 -- [3164   69]
202 -- [1115 2313]
204 -- [4012 1780]
207 -- [2224 1017]
208 -- [1280 4186]
210 -- [1887 1700]
212 -- [2773  287]
217 -- [1686 4420]
218 -- [ 801 4275]
219 -- [4104   73]
220 -- [2703  378]
221 -- [1462 2159]
224 -- [4579  580]
226 -- [3776 1534]
227 -- [1723 3319]
228 -- [1440 4430]
235 -- [1672 4495]
241 -- [3481  722]
245 -- [3052  391]
247 -- [3396 1738]
248 -- [ 631 1838]
251 -- [   6 3311]
258 -- [4486 1730]
259 -- [4426 1485]
260 -- [4534 1076]
261 -- [1773 3597]
263 -- [1792 3921]
264 -- [1688 3536]
265 -- [1332 2063]
266 -- [2533 1048]
271 -- [ 337 1967]
272 -- [2236  881]
274 -- [1504 2284]
275 -- [1015 3200]
277 -- [2751 1726]
278 -- [4070 1255]
279 -- [2671 1206]
281 -- [1983  898]
282 -- [3892  216]
284 -- [ 647 4161]
285 -- [1935  363]
286 -- [4410 1553]
289 -- [ 990 2844]
290 -- [ 322 3180]
292 -- [ 459 4192]
296 -- [ 401 2580]
300 -- [4180   87]
307 -- [4415  122]
308 -- [1155 2760]
309 -- [ 737 3413]
311 -- [1086 2840]
313 -- [1086 2326]
315 -- [2236 1304]
318 -- [1635 2756]
321 -- [2683  750]
322 -- [ 180 3526]
323 -- [3499  773]
326 -- [3317 1603]
331 -- [ 980 2328]
332 -- [3972  557]
333 -- [4343 1460]
334 -- [3138  547]
335 -- [ 953 4517]
337 -- [1015 2952]
338 -- [ 519 3949]
341 -- [2082  417]
343 -- [1206 2831]
350 -- [ 926 3018]
351 -- [2809 1772]
352 -- [2211 1582]
354 -- [3715 1037]
355 -- [1136 4323]
360 -- [4244  427]
361 -- [3433   31]
364 -- [3847 1241]
365 -- [3164 1746]
366 -- [ 194 3076]
368 -- [ 881 4027]
370 -- [1326 2417]
373 -- [4004  807]
376 -- [1953  933]
377 -- [1646 2071]
378 -- [3526  161]
379 -- [3691  815]
383 -- [ 128 3857]
386 -- [1168 3363]
390 -- [ 586 3549]
397 -- [2166 1185]
398 -- [4323 1409]
400 -- [ 666 2490]
401 -- [2790   47]
402 -- [3583 1711]
404 -- [3220 1269]
406 -- [1800 2463]
408 -- [2143  109]
409 -- [1755 2397]
410 -- [1774 3628]
412 -- [1044 3909]
413 -- [1905 1656]
414 -- [4167  571]
422 -- [ 255 2041]
424 -- [1325 3201]
427 -- [ 640 3023]
428 -- [1183 4040]
429 -- [4434  151]
430 -- [3805 1614]
433 -- [ 579 3775]
439 -- [ 773 3061]
440 -- [1883  176]
442 -- [3272  408]
443 -- [ 854 2939]
444 -- [4114  313]
448 -- [2364  287]
457 -- [3240 1296]
460 -- [3768  220]
461 -- [1661 3476]
466 -- [1934  314]
469 -- [2061 1323]
472 -- [3984 1186]
474 -- [2111  780]
477 -- [2763 1640]
478 -- [4341  709]
481 -- [2516   66]
486 -- [3496 1762]
489 -- [ 824 2281]
492 -- [ 371 3329]
494 -- [1351 4511]
498 -- [3234  619]
504 -- [ 423 2781]
506 -- [1931 1759]
508 -- [1665 4132]
511 -- [1517 2991]
515 -- [4218 1775]
517 -- [3016  545]
526 -- [1727 2543]
529 -- [4297 1479]
531 -- [3844 1156]
532 -- [1585 3938]
533 -- [2110 1433]
536 -- [ 656 2301]
541 -- [2496  423]
543 -- [4431  909]
545 -- [  17 3116]
547 -- [ 374 3829]
554 -- [ 308 3429]
555 -- [4208 1205]
556 -- [1806 3543]
557 -- [ 310 4223]
559 -- [2189 1506]
560 -- [3716  269]
566 -- [1188 4220]
567 -- [ 363 3355]
568 -- [2845  381]
570 -- [ 587 2941]
573 -- [3070 1639]
574 -- [ 414 2421]
576 -- [1902 1780]
578 -- [2589 1723]
580 -- [ 749 2538]
581 -- [ 172 1871]
585 -- [3574  484]
587 -- [2815  818]
591 -- [ 327 2887]
596 -- [ 964 3328]
597 -- [1266 2906]
599 -- [1745 3746]
602 -- [2217 1110]
603 -- [1060 4379]
605 -- [1208 3989]
607 -- [ 301 3755]
608 -- [ 225 4107]
609 -- [ 569 2615]
611 -- [ 326 3152]
612 -- [1359 3956]
613 -- [3894  580]
615 -- [3463  167]
620 -- [3713 1174]
621 -- [ 119 3426]
623 -- [1902 1560]
627 -- [2322 1375]
628 -- [ 839 1988]
631 -- [2815 1675]
635 -- [4128  967]
644 -- [2557  453]
656 -- [1106 4454]
657 -- [2301  314]
662 -- [1974 1377]
664 -- [4260 1383]
667 -- [4550  661]
668 -- [1357 2259]
673 -- [ 757 3776]
676 -- [1972 1663]
678 -- [3704  751]
680 -- [2026 1524]
683 -- [ 454 2081]
691 -- [3245  335]
693 -- [1422 3561]
694 -- [1616 2840]
696 -- [1373 2118]
699 -- [ 841 3391]
701 -- [1486 3967]
706 -- [1542 2826]
709 -- [3571   51]
710 -- [ 614 4133]
717 -- [ 358 4515]
720 -- [1109 3245]
721 -- [  23 2614]
723 -- [ 755 2102]
724 -- [2803 1350]
727 -- [4183  546]
731 -- [1590 3449]
739 -- [1536 3260]
740 -- [ 552 4126]
742 -- [1436 3707]
743 -- [2235  727]
744 -- [3558  672]
745 -- [ 305 3925]
750 -- [ 911 2633]
753 -- [1076 2865]
756 -- [ 508 2423]
761 -- [1789 4483]
763 -- [ 779 3955]
767 -- [1430 4265]
770 -- [ 627 4245]
771 -- [ 441 3579]
775 -- [3927 1720]
776 -- [ 299 3794]
777 -- [ 583 3715]
778 -- [3416  994]
781 -- [4438 1270]
786 -- [2076  474]
787 -- [1237 4269]
788 -- [ 964 3269]
790 -- [2888  374]
791 -- [3107  363]
794 -- [1379 4409]
798 -- [2738  438]
799 -- [1248 3557]
802 -- [1538 4271]
804 -- [ 864 3949]
805 -- [2171 1203]
808 -- [ 164 2049]
810 -- [2077 1272]
811 -- [3408 1281]
814 -- [2245  798]
815 -- [1432 2631]
817 -- [4162  818]
818 -- [4027 1351]
819 -- [1478 1828]
820 -- [ 500 4407]
821 -- [ 225 2886]
824 -- [ 672 4568]
826 -- [ 281 4015]
827 -- [4212  622]
830 -- [ 429 4055]
831 -- [3920 1408]
841 -- [  28 1867]
842 -- [2764  168]
845 -- [ 602 3502]
846 -- [ 461 4165]
847 -- [4280  570]
848 -- [3543 1765]
854 -- [1411 2416]
855 -- [1123 1932]
858 -- [4312  571]
859 -- [4579  707]
861 -- [3388  906]
862 -- [1257 3463]
863 -- [1545 2395]
866 -- [1533 3303]
867 -- [ 232 3554]
868 -- [  60 2284]
869 -- [ 171 3009]
870 -- [1205 2787]
873 -- [3761  235]
874 -- [ 471 3132]
875 -- [1600 4437]
877 -- [1206 3066]
878 -- [ 249 3235]
883 -- [1085 4474]
885 -- [2307 1399]
888 -- [2500  533]
895 -- [2618  605]
896 -- [  58 3956]
898 -- [1010 3420]
903 -- [2049 1565]
905 -- [2328  612]
908 -- [ 296 3765]
910 -- [1568 2131]
911 -- [4397 1759]
912 -- [ 484 3863]
918 -- [ 234 3996]
920 -- [1672 2443]
922 -- [1388 2947]
925 -- [ 435 3282]
931 -- [ 132 3554]
933 -- [ 638 2461]
938 -- [1526 2634]
940 -- [3064 1316]
942 -- [ 906 3213]
949 -- [ 735 2040]
950 -- [1037 2421]
953 -- [ 140 4145]
955 -- [2536  567]
957 -- [ 999 4347]
959 -- [1077 4583]
960 -- [3118  268]
961 -- [ 576 3408]
962 -- [2102  336]
963 -- [2190  426]
965 -- [1023 3956]
968 -- [2342 1243]
969 -- [ 148 3064]
971 -- [ 466 2362]
972 -- [2676  643]
973 -- [1421 2837]
977 -- [1177 2680]
983 -- [1695 3787]
985 -- [4594 1502]
986 -- [ 965 3052]
988 -- [3413  231]
992 -- [1435 4357]
998 -- [4269   93]
1001 -- [ 453 2472]
1006 -- [2276  909]
1010 -- [ 782 2041]
1011 -- [1432 2837]
1013 -- [1865  481]
1017 -- [ 894 1847]
1018 -- [ 450 2368]
1019 -- [1030 3665]
1020 -- [1041 3068]
1021 -- [3309 1322]
1025 -- [2551  935]
1027 -- [2718  515]
1029 -- [3485 1111]
1033 -- [1417 2575]
1034 -- [ 378 3402]
1038 -- [ 868 4241]
1039 -- [2156  247]
1040 -- [2137  228]
1044 -- [4321 1028]
1045 -- [3276  567]
1046 -- [1404 4201]
1048 -- [2687  312]
1051 -- [  81 3303]
1053 -- [2102 1354]
1056 -- [3518   54]
1063 -- [2076  760]
1064 -- [ 300 3779]
1065 -- [1573 2762]
1070 -- [1218 4424]
1075 -- [1695 3538]
1078 -- [ 401 4242]
1082 -- [3319 1767]
1083 -- [ 744 3404]
1090 -- [1294 2067]
1096 -- [1550 3904]
1097 -- [4183 1198]
1098 -- [ 827 4169]
1099 -- [2434   94]
1100 -- [ 802 2816]
1102 -- [2575 1779]
1104 -- [1322 4183]
1106 -- [ 338 4352]
1110 -- [1611 4253]
1111 -- [   3 2667]
1119 -- [ 464 2817]
1130 -- [3662 1478]
1132 -- [ 381 4555]
1133 -- [1236 3067]
1134 -- [ 849 2242]
1140 -- [4435 1734]
1143 -- [3708 1573]
1145 -- [3094  829]
1149 -- [ 674 2907]
1152 -- [2943   15]
1154 -- [2965 1804]
1158 -- [  21 4472]
1164 -- [2397  382]
1165 -- [2582  541]
1171 -- [2873  147]
1172 -- [ 146 4387]
1174 -- [2476 1188]
1178 -- [ 793 4134]
1180 -- [ 542 2287]
1183 -- [ 875 2786]
1184 -- [2187  994]
1185 -- [ 335 3042]
1186 -- [2810  774]
1187 -- [2345 1065]
1188 -- [4070  443]
1191 -- [1291 2769]
1192 -- [3740  715]
1193 -- [1796 1985]
1195 -- [  19 3075]
1198 -- [ 965 2982]
1200 -- [1412 3744]
1202 -- [ 320 2864]
1203 -- [ 450 2714]
1204 -- [2027  475]
1208 -- [ 540 3923]
1211 -- [2179   79]
1214 -- [1973 1253]
1216 -- [  15 2687]
1220 -- [4454  484]
1221 -- [1624 2073]
1222 -- [4053  224]
1223 -- [2017    4]
1224 -- [1411 2502]
1225 -- [4383    0]
1229 -- [1368 2797]
1231 -- [1766 2404]
1232 -- [  14 2870]
1233 -- [4046  862]
1234 -- [ 490 2586]
1237 -- [4256  655]
1239 -- [2219  700]
1249 -- [4157   71]
1250 -- [ 391 3074]
1251 -- [1839  225]
1252 -- [2854 1389]
1257 -- [2421 1448]
1267 -- [2270 1565]
1271 -- [2185  264]
1274 -- [ 743 3275]
1276 -- [3239  236]
1277 -- [  50 3067]
1278 -- [2305  462]
1281 -- [1138 3272]
1282 -- [3972 1597]
1287 -- [ 685 2137]
1288 -- [  67 3618]
1290 -- [1665 3881]
1292 -- [1544 2613]
1293 -- [ 520 4051]
1295 -- [ 839 2422]
1297 -- [1002 4453]
1304 -- [ 354 1889]
1305 -- [3969 1490]
1306 -- [3601  313]
1308 -- [ 150 2141]
1311 -- [3064 1375]
1313 -- [2535  215]
1314 -- [ 751 3642]
1319 -- [1382 3621]
1320 -- [2474  351]
1340 -- [ 751 2706]
1344 -- [3038  921]
1345 -- [2149  609]
1347 -- [ 620 4398]
1350 -- [3603  666]
1351 -- [ 195 3578]
1352 -- [3067  824]
1353 -- [ 100 3874]
1356 -- [2030 1201]
1357 -- [3841 1198]
1360 -- [ 194 2838]
1361 -- [4594  139]
1364 -- [1694 3445]
1365 -- [3749  289]
1368 -- [ 429 2569]
1369 -- [2064 1646]
1370 -- [1908  244]
1374 -- [3244 1302]
1375 -- [3918  436]
1378 -- [3714  120]
1381 -- [ 885 2088]
1384 -- [3628 1033]
1389 -- [ 320 3576]
1390 -- [4447  463]
1391 -- [2780  676]
1393 -- [3905 1373]
1394 -- [ 279 3794]
1397 -- [4133 1392]
1398 -- [1032 2642]
1400 -- [1287 2964]
1401 -- [1071 2542]
1403 -- [2031  131]
1407 -- [1916 1371]
1408 -- [ 444 2288]
1412 -- [2597  777]
1414 -- [1145 3290]
1416 -- [1046 1921]
1417 -- [ 147 2060]
1419 -- [2379  972]
1420 -- [1865  858]
1422 -- [4445  648]
1424 -- [ 814 4039]
1433 -- [4105  233]
1436 -- [4046 1435]
1437 -- [ 521 3529]
1438 -- [2507 1711]
1440 -- [ 513 4046]
1442 -- [3714  136]
1445 -- [1753 2332]
1446 -- [1617 3574]
1450 -- [2478 1319]
1452 -- [2686 1201]
1453 -- [2772 1372]
1454 -- [1317 2861]
1457 -- [4135  337]
1468 -- [1553 2322]
1469 -- [3749  492]
1470 -- [2171  669]
1472 -- [ 460 4408]
1475 -- [1951  705]
1477 -- [ 467 3944]
1480 -- [1331 3505]
1481 -- [3908 1749]
1482 -- [3018 1108]
1483 -- [3908  618]
1484 -- [ 601 2257]
1488 -- [ 595 4483]
1490 -- [1715 3478]
1491 -- [4597 1091]
1492 -- [ 543 2804]
1494 -- [1917  145]
1495 -- [1084 2614]
1496 -- [4552  397]
1497 -- [1747 1854]
1498 -- [4024 1492]
1500 -- [2574  843]
1501 -- [3539 1305]
1502 -- [3326 1598]
1506 -- [1466 2952]
1508 -- [4024   92]
1510 -- [3286  515]
1514 -- [ 854 3798]
1515 -- [1979 1523]
1520 -- [2544  864]
1521 -- [ 588 3557]
1522 -- [1738 2078]
1523 -- [3097 1623]
1524 -- [2661   90]
1525 -- [ 318 4428]
1527 -- [1189 3546]
1528 -- [4347 1116]
1529 -- [ 694 2743]
1530 -- [1409 3706]
1531 -- [1383 2152]
1533 -- [1133 3388]
1535 -- [3935   61]
1538 -- [1375 3716]
1540 -- [1143 3453]
1545 -- [1088 2606]
1547 -- [3212 1798]
1548 -- [3925 1186]
1549 -- [2205 1373]
1551 -- [2050  583]
1559 -- [4578  702]
1561 -- [1008 2946]
1563 -- [3263 1334]
1567 -- [1201 3712]
1568 -- [2188  983]
1572 -- [2318  596]
1574 -- [ 158 3918]
1575 -- [2107  809]
1577 -- [2116 1029]
1578 -- [ 590 3977]
1579 -- [1270 1833]
1580 -- [1237 4016]
1581 -- [2391  719]
1584 -- [1804 3211]
1586 -- [1366 1891]
1589 -- [4432  112]
1604 -- [ 124 4435]
1607 -- [3815 1502]
1609 -- [2900  947]
1610 -- [3660  471]
1614 -- [2168  618]
1617 -- [ 214 4147]
1619 -- [1627 1941]
1628 -- [ 337 2914]
1632 -- [3955 1103]
1633 -- [2153  639]
1635 -- [ 495 2177]
1636 -- [3400 1024]
1637 -- [2132 1283]
1639 -- [ 319 2633]
1641 -- [3952    9]
1645 -- [2943 1150]
1647 -- [  73 3686]
1648 -- [2164  997]
1649 -- [ 646 1905]
1661 -- [2568  221]
1665 -- [4436 1460]
1666 -- [1537 1955]
1667 -- [4323 1409]
1668 -- [3041 1691]
1670 -- [1330 3388]
1671 -- [2828  795]
1672 -- [ 665 4278]
1673 -- [ 812 2391]
1677 -- [ 594 3722]
1678 -- [2244 1640]
1680 -- [3264 1282]
1685 -- [3383 1005]
1686 -- [4233 1509]
1691 -- [2452  747]
1692 -- [1863 1328]
1693 -- [ 766 2099]
1696 -- [ 745 3965]
1699 -- [3722  160]
1703 -- [1057 2251]
1704 -- [3026 1704]
1706 -- [ 838 4010]
1708 -- [ 432 2144]
1714 -- [1959  235]
1715 -- [3113 1678]
1716 -- [1543 4486]
1718 -- [1668 2954]
1719 -- [4499 1135]
1723 -- [2057  180]
1724 -- [2490 1540]
1725 -- [  28 3053]
1727 -- [3339 1496]
1728 -- [3070  220]
1729 -- [3007  191]
1730 -- [3264  630]
1731 -- [4435 1788]
1734 -- [1502 1818]
1736 -- [3096  502]
1740 -- [ 288 3236]
1744 -- [ 629 2357]
1745 -- [1226 2120]
1746 -- [ 699 2056]
1748 -- [ 500 3163]
1749 -- [1471 2559]
1752 -- [3942  700]
1753 -- [4518  624]
1755 -- [2306 1036]
1757 -- [ 466 3208]
1758 -- [1235 3767]
1760 -- [1977  974]
1763 -- [2881 1468]
1765 -- [1847  561]
1769 -- [2509  433]
1771 -- [1174 4518]
1778 -- [2272  508]
1779 -- [4108 1458]
1780 -- [1786 2468]
1781 -- [ 215 4322]
1785 -- [1333 2053]
1789 -- [3612  441]
1792 -- [1446 2488]
1796 -- [1260 4338]
1797 -- [2452  367]
1799 -- [ 151 2713]
1806 -- [ 909 1833]
1809 -- [ 614 3760]
1817 -- [1950  839]
1822 -- [ 359 4411]
1824 -- [2253  295]
1832 -- [3722 1242]
1833 -- [1494 3316]
1834 -- [3539  219]
1836 -- [2106   26]
1846 -- [1129 2946]
1852 -- [4302  641]
1858 -- [1969  838]
1859 -- [3925 1423]
1867 -- [1661 2239]
1874 -- [1389 3033]
1875 -- [  72 3972]
1876 -- [ 792 3495]
1878 -- [ 998 2941]
1880 -- [1990 1484]
1884 -- [2431 1782]
1885 -- [ 354 3711]
1886 -- [2204  241]
1887 -- [ 805 2858]
1892 -- [1439 2342]
1899 -- [ 760 2577]
1902 -- [2715  722]
1903 -- [4004 1363]
1904 -- [1669 2775]
1906 -- [ 855 3946]
1908 -- [ 346 3593]
1915 -- [2587  961]
1917 -- [ 452 2534]
1918 -- [3573 1417]
1920 -- [ 537 2063]
1921 -- [4166 1753]
1923 -- [2041 1473]
1925 -- [3904  166]
1928 -- [ 221 3676]
1931 -- [ 874 4085]
1935 -- [ 514 1872]
1936 -- [1062 3909]
1940 -- [1170 2207]
1942 -- [3677 1350]
1944 -- [3622  296]
1948 -- [3492  965]
1949 -- [4524  353]
1955 -- [3548  337]
1962 -- [1646 3604]
1964 -- [3752   45]
1965 -- [2936 1041]
1968 -- [ 469 2563]
1969 -- [2604  917]
1970 -- [1874  110]
1972 -- [3985 1458]
1974 -- [4505 1171]
1975 -- [4102  740]
1981 -- [2928  766]
1982 -- [ 361 3127]
1986 -- [ 135 4288]
1988 -- [2292  198]
1992 -- [3762 1616]
1996 -- [ 750 3071]
2000 -- [2544 1756]
2004 -- [4430  857]
2006 -- [4091  633]
2007 -- [2777  148]
2010 -- [1182 3798]
2012 -- [ 676 2121]
2014 -- [3354  624]
2018 -- [1665 2766]
2022 -- [2088  293]
2024 -- [1425 3579]
2026 -- [ 251 4505]
2031 -- [ 747 2910]
2033 -- [1537 1992]
2035 -- [3968 1412]
2039 -- [ 917 4230]
2040 -- [2045  712]
2043 -- [ 343 3109]
2045 -- [4016  678]
2050 -- [1448 4460]
2051 -- [2306  757]
2052 -- [3503   37]
2053 -- [4200 1551]
2054 -- [2263 1205]
2055 -- [3771 1798]
2059 -- [1905 1453]
2060 -- [1433 4475]
2063 -- [4075 1258]
2065 -- [1212 4070]
2066 -- [  22 3303]
2068 -- [4144 1740]
2075 -- [ 413 3208]
2084 -- [2014 1306]
2089 -- [2454  829]
2092 -- [4002  407]
2094 -- [ 723 4454]
2095 -- [1589 3867]
2097 -- [ 777 3613]
2099 -- [1177 3916]
2100 -- [2949  814]
2101 -- [3050  759]
2103 -- [4344 1798]
2104 -- [ 416 2229]
2105 -- [2251 1438]
2106 -- [ 480 4162]
2109 -- [3419  320]
2110 -- [ 310 2876]
2111 -- [4310 1765]
2113 -- [ 138 2706]
2116 -- [3719 1444]
2123 -- [3263  193]
2124 -- [3304  948]
2125 -- [ 718 3307]
2127 -- [1150 3326]
2131 -- [ 804 3947]
2134 -- [2476 1726]
2136 -- [3526 1347]
2137 -- [4460   44]
2141 -- [1430 4475]
2142 -- [2414 1211]
2143 -- [1195 3062]
2144 -- [4569  287]
2145 -- [2882 1665]
2149 -- [1024 3504]
2151 -- [3749 1433]
2152 -- [2643  804]
2153 -- [1113 2921]
2155 -- [4026 1216]
2157 -- [ 151 3433]
2160 -- [2746  541]
2161 -- [ 957 2017]
2162 -- [1124 2160]
2165 -- [1416 3374]
2168 -- [3905  904]
2171 -- [2119  191]
2173 -- [1875 1226]
2175 -- [ 868 3946]
2176 -- [1408 4551]
2177 -- [ 436 4357]
2181 -- [ 111 3553]
2182 -- [1629 4532]
2183 -- [ 305 1993]
2185 -- [1295 2405]
2189 -- [2817  623]
2193 -- [3164  958]
2197 -- [1354 4280]
2202 -- [ 283 2917]
2208 -- [1206 4455]
2210 -- [1479 2097]
2213 -- [4493  684]
2215 -- [ 596 3896]
2219 -- [4458  492]
2221 -- [ 631 2459]
2224 -- [4008 1400]
2230 -- [3570  561]
2235 -- [ 956 1960]
2237 -- [2958 1437]
2238 -- [4383 1593]
2239 -- [4257 1240]
2241 -- [1582 2877]
2244 -- [ 357 2700]
2247 -- [2964 1401]
2248 -- [ 428 4334]
2249 -- [4302  883]
2250 -- [ 221 3315]
2252 -- [3909  728]
2256 -- [ 281 2057]
2257 -- [ 177 2509]
2260 -- [3401  913]
2262 -- [1111 3561]
2265 -- [4482  613]
2267 -- [ 886 3850]
2269 -- [3297 1272]
2271 -- [4207  144]
2273 -- [2932 1323]
2276 -- [3026  930]
2280 -- [1537 4008]
2281 -- [1117 4408]
2284 -- [ 862 1875]
2285 -- [1817 1191]
2295 -- [2828 1698]
2296 -- [2631   75]
2300 -- [1170 3347]
2301 -- [ 982 2121]
2302 -- [ 632 2053]
2304 -- [1400 1991]
2305 -- [2810   23]
2309 -- [ 990 2817]
2315 -- [ 547 3429]
2316 -- [2405  862]
2318 -- [ 281 3454]
2319 -- [2227 1430]
2326 -- [1567 3847]
2329 -- [1454 3878]
2333 -- [3202  357]
2335 -- [2824 1188]
2342 -- [3960 1054]
2343 -- [3455   33]
2345 -- [1096 3420]
2346 -- [2197  846]
2351 -- [2180  298]
2352 -- [2088  790]
2355 -- [1251 4493]
2356 -- [1675 2006]
2363 -- [ 282 2295]
2366 -- [1472 2585]
2367 -- [4435  608]
2368 -- [ 677 1969]
2374 -- [2384  256]
2375 -- [4190  427]
2377 -- [4157  837]
2378 -- [4270  317]
2381 -- [2112 1067]
2393 -- [4443 1434]
2394 -- [ 749 2759]
2400 -- [ 229 3486]
2404 -- [2359 1535]
2405 -- [2686 1577]
2408 -- [3810  314]
2410 -- [1441 3220]
2412 -- [ 247 3153]
2413 -- [4321 1617]
2414 -- [ 141 3005]
2417 -- [2652  235]
2418 -- [ 124 2482]
2422 -- [ 177 2362]
2423 -- [ 368 2396]
2424 -- [1279 3878]
2426 -- [3779  246]
2430 -- [3092  434]
2440 -- [3234  427]
2442 -- [ 389 3858]
2445 -- [3900 1740]
2448 -- [ 617 4225]
2449 -- [2010 1615]
2450 -- [4594 1616]
2451 -- [1546 2309]
2457 -- [4350  316]
2458 -- [2930  629]
2459 -- [1631 4439]
2460 -- [4172 1730]
2461 -- [1547 2391]
2469 -- [ 244 3548]
2470 -- [ 798 3520]
2476 -- [ 646 3302]
2478 -- [1875 1533]
2479 -- [1709 1824]
2480 -- [4311  146]
2481 -- [4164 1654]
2483 -- [ 280 2118]
2484 -- [1084 1955]
2485 -- [2461 1365]
2486 -- [1045 3007]
2487 -- [1556 4273]
2490 -- [3779  845]
2491 -- [3227 1054]
2496 -- [2201 1188]
2499 -- [3996 1534]
2500 -- [ 694 3574]
2504 -- [2060  399]
2506 -- [ 727 3346]
2507 -- [ 508 2143]
2508 -- [4454   12]
2511 -- [4280 1318]
2512 -- [1203 4278]
2517 -- [ 327 3916]
2518 -- [1616 3946]
2520 -- [ 720 2056]
2525 -- [ 624 1858]
2527 -- [1790 3407]
2529 -- [ 586 3247]
2531 -- [ 871 4184]
2534 -- [1866 1644]
2535 -- [1798 3526]
2536 -- [ 661 2532]
2539 -- [2163  307]
2541 -- [2326  550]
2542 -- [1271 3725]
2544 -- [1153 3897]
2549 -- [1570 2701]
2551 -- [1457 2858]
2554 -- [1027 2557]
2556 -- [2027  187]
2560 -- [2963   17]
2562 -- [1930  291]
2568 -- [2137 1452]
2572 -- [3719 1176]
2576 -- [  11 3652]
2579 -- [3054 1325]
2580 -- [4157 1436]
2582 -- [ 873 3697]
2588 -- [ 845 1872]
2589 -- [ 599 3275]
2590 -- [3665  768]
2594 -- [3714 1149]
2595 -- [3374  790]
2601 -- [3251  522]
2602 -- [ 136 2095]
2607 -- [2006 1396]
2608 -- [1540 3986]
2609 -- [ 421 2133]
2610 -- [ 292 2939]
2615 -- [2404  524]
2617 -- [3027 1170]
2623 -- [1811 2368]
2624 -- [ 206 3089]
2628 -- [2689  920]
2630 -- [2317   65]
2631 -- [4597 1101]
2633 -- [3612   18]
2636 -- [1318 2048]
2638 -- [ 405 4144]
2640 -- [4012 1657]
2643 -- [1014 3924]
2645 -- [2580  439]
2648 -- [3041  393]
2649 -- [ 972 3936]
2650 -- [ 548 1859]
2651 -- [ 698 3921]
2652 -- [1117 4353]
2653 -- [2482  280]
2655 -- [ 516 2896]
2656 -- [3422 1223]
2657 -- [1203 2640]
2659 -- [4252   82]
2660 -- [ 993 2129]
2661 -- [3968  327]
2662 -- [4387 1692]
2663 -- [ 853 2317]
2664 -- [2533 1319]
2666 -- [1752 2943]
2668 -- [ 236 1840]
2670 -- [3401  699]
2671 -- [4171 1547]
2672 -- [1674 1960]
2678 -- [4276  314]
2680 -- [2626 1715]
2685 -- [ 999 3546]
2689 -- [3282 1195]
2690 -- [ 973 3371]
2691 -- [2328   26]
2692 -- [ 965 3671]
2693 -- [3505  277]
2694 -- [2800 1037]
2695 -- [2262 1571]
2700 -- [ 633 1852]
2703 -- [4084 1110]
2704 -- [ 104 3170]
2712 -- [1270 4197]
2713 -- [ 709 2080]
2714 -- [3981 1605]
2715 -- [1644 4085]
2717 -- [ 560 2566]
2719 -- [1257 2189]
2720 -- [1052 2255]
2723 -- [1143 4312]
2724 -- [4168  311]
2726 -- [4458 1729]
2732 -- [ 482 4445]
2734 -- [ 301 2456]
2736 -- [2409   77]
2739 -- [1455 4124]
2742 -- [4025  119]
2743 -- [3850  964]
2752 -- [1899 1404]
2754 -- [2753  161]
2756 -- [1872  760]
2757 -- [4557  788]
2760 -- [2733 1603]
2761 -- [2846  447]
2762 -- [ 469 3496]
2768 -- [1888  260]
2770 -- [2744 1216]
2774 -- [4153 1520]
2776 -- [3765 1154]
2777 -- [2920 1388]
2782 -- [1871  437]
2785 -- [ 611 3073]
2787 -- [3865 1148]
2789 -- [1493 2118]
2791 -- [3769  453]
2794 -- [  53 3279]
2801 -- [2760  210]
2802 -- [ 449 2362]
2803 -- [ 610 2406]
2807 -- [1590 3449]
2809 -- [1748 4197]
2810 -- [1763 4273]
2817 -- [2327  845]
2821 -- [ 295 2851]
2822 -- [1194 2214]
2824 -- [3026  738]
2826 -- [ 614 4119]
2829 -- [3123 1790]
2832 -- [ 945 3374]
2834 -- [2646  809]
2836 -- [ 465 2478]
2837 -- [1850 1041]
2838 -- [ 656 2128]
2839 -- [1468 3344]
2849 -- [ 786 3521]
2850 -- [4266 1414]
2852 -- [ 212 1983]
2853 -- [3797  983]
2855 -- [4454  419]
2856 -- [ 794 2745]
2860 -- [4184 1407]
2861 -- [2496   32]
2862 -- [ 117 2218]
2864 -- [1885  134]
2866 -- [4253 1505]
2867 -- [ 257 4177]
2868 -- [4501  906]
2872 -- [2857 1019]
2874 -- [ 107 2306]
2876 -- [2234  291]
2877 -- [2690 1496]
2879 -- [1556 2775]
2882 -- [1283 3616]
2884 -- [3248 1310]
2887 -- [3119  777]
2889 -- [3293 1691]
2890 -- [3952  478]
2891 -- [2573 1501]
2897 -- [1002 2219]
2898 -- [2189  704]
2899 -- [3030  377]
2900 -- [ 596 3017]
2902 -- [1071 4081]
2904 -- [1388 1853]
2907 -- [  58 4357]
2908 -- [3042 1499]
2909 -- [4219  914]
2911 -- [ 429 3452]
2917 -- [1108 4119]
2919 -- [1968  512]
2922 -- [1794 2170]
2926 -- [2308  968]
2929 -- [4471 1004]
2937 -- [1643 3672]
2938 -- [1633 3918]
2940 -- [2805  897]
2941 -- [2817 1611]
2942 -- [4200  382]
2943 -- [2313  634]
2945 -- [2148 1640]
2947 -- [3606  534]
2948 -- [1453 2036]
2951 -- [3573 1660]
2953 -- [4077 1486]
2955 -- [ 899 1863]
2958 -- [ 649 4421]
2959 -- [  98 2345]
2960 -- [1638 4403]
2964 -- [ 865 4520]
2967 -- [2262 1112]
2969 -- [3693  540]
2970 -- [2351  355]
2972 -- [3707 1585]
2973 -- [ 870 4046]
2978 -- [4145  370]
2981 -- [ 967 2865]
2983 -- [ 437 4411]
2990 -- [1098 4040]
2993 -- [1072 2534]
2994 -- [1441 3251]
2995 -- [3176  957]
2996 -- [2646  642]
2998 -- [ 562 4189]
3001 -- [1734 3401]
3002 -- [ 975 4422]
3003 -- [3744  308]
3006 -- [ 360 3027]
3009 -- [4104  144]
3011 -- [3954  725]
3013 -- [1664 3464]
3019 -- [ 781 2823]
3020 -- [1148 3998]
3022 -- [3011  592]
3024 -- [1619 4074]
3025 -- [2259 1080]
3026 -- [ 543 3469]
3028 -- [1863  489]
3029 -- [  11 3247]
3030 -- [ 983 3073]
3031 -- [1447 4155]
3034 -- [2828 1279]
3035 -- [1009 3505]
3036 -- [3333  778]
3039 -- [1023 3511]
3041 -- [3123  590]
3043 -- [ 571 3964]
3049 -- [2144  530]
3051 -- [1659 2997]
3057 -- [  74 3510]
3058 -- [4411  762]
3059 -- [3062 1069]
3063 -- [2998 1154]
3064 -- [1482 3375]
3068 -- [4376 1151]
3070 -- [ 498 3864]
3071 -- [3211  578]
3077 -- [4019  902]
3078 -- [ 474 2116]
3080 -- [2120  854]
3083 -- [ 120 1873]
3088 -- [1333 4178]
3089 -- [1745 3670]
3091 -- [ 114 3170]
3096 -- [2303 1241]
3097 -- [3939   59]
3099 -- [2668 1488]
3100 -- [2946  794]
3106 -- [4579 1125]
3107 -- [3818  224]
3109 -- [1428 2414]
3115 -- [2047  617]
3116 -- [ 491 3551]
3119 -- [ 875 3795]
3123 -- [3174 1567]
3130 -- [1198 2949]
3136 -- [ 494 4334]
3137 -- [1461 1823]
3138 -- [1407 2330]
3141 -- [2520 1117]
3142 -- [1022 2756]
3143 -- [1119 1878]
3147 -- [4257 1147]
3148 -- [2987 1811]
3151 -- [3468 1478]
3154 -- [ 219 2733]
3156 -- [1334 2182]
3157 -- [1260 2306]
3160 -- [ 364 3345]
3164 -- [1603 2949]
3165 -- [3400  417]
3171 -- [1566 3476]
3172 -- [1412 3310]
3174 -- [ 422 4178]
3177 -- [ 557 4155]
3181 -- [2391 1381]
3188 -- [ 786 2666]
3189 -- [1386 3091]
3192 -- [2295  276]
3194 -- [1549 4338]
3196 -- [3207  932]
3199 -- [1333 3794]
3201 -- [1941 1481]
3202 -- [ 369 3973]
3203 -- [1700 3187]
3209 -- [3858  398]
3214 -- [ 985 3150]
3215 -- [2880  402]
3216 -- [1407 4311]
3218 -- [3032  727]
3228 -- [ 160 2143]
3232 -- [2408  461]
3237 -- [3615   10]
3240 -- [ 671 1909]
3243 -- [4161  179]
3245 -- [1321 2649]
3247 -- [3168  549]
3248 -- [1892 1626]
3251 -- [2737  917]
3254 -- [ 423 3349]
3258 -- [ 229 2965]
3259 -- [3696  453]
3260 -- [2235 1665]
3262 -- [ 636 3808]
3263 -- [1420 4020]
3264 -- [4586  365]
3266 -- [3507  859]
3267 -- [1975  183]
3271 -- [4545 1229]
3275 -- [ 406 3637]
3277 -- [1781 2262]
3279 -- [1353 3923]
3280 -- [1027 2739]
3281 -- [1078 2342]
3282 -- [2185  945]
3283 -- [ 416 4311]
3286 -- [ 980 2948]
3287 -- [ 571 3751]
3288 -- [2531  200]
3290 -- [ 315 4132]
3292 -- [ 615 3969]
3293 -- [3402  500]
3294 -- [4280 1564]
3300 -- [2570  141]
3304 -- [1677 3918]
3314 -- [1508 2257]
3315 -- [1813 1215]
3317 -- [ 601 2045]
3324 -- [ 900 4204]
3325 -- [4445 1363]
3328 -- [3624 1400]
3332 -- [ 950 1892]
3333 -- [3381 1287]
3334 -- [4525  598]
3341 -- [4164  972]
3348 -- [2024   33]
3352 -- [ 277 1961]
3353 -- [2941 1221]
3355 -- [ 504 1823]
3357 -- [ 841 2987]
3358 -- [2479 1659]
3360 -- [3149 1175]
3364 -- [1053 4144]
3365 -- [ 590 3421]
3370 -- [1916  199]
3371 -- [ 660 4153]
3372 -- [1914  158]
3375 -- [1761 2426]
3377 -- [1753 2310]
3379 -- [2638 1100]
3380 -- [2756  459]
3384 -- [1249 2368]
3386 -- [3802  229]
3387 -- [3835  518]
3391 -- [  10 3480]
3392 -- [ 434 4242]
3395 -- [2922  863]
3396 -- [2005   46]
3397 -- [4419 1463]
3402 -- [4316  378]
3404 -- [2272  824]
3406 -- [4281 1427]
3407 -- [3803 1098]
3408 -- [4521  872]
3412 -- [ 367 2466]
3413 -- [1135 3498]
3415 -- [ 871 2103]
3417 -- [2809  714]
3419 -- [4579 1599]
3423 -- [4162 1454]
3425 -- [4519 1558]
3426 -- [3353  856]
3427 -- [1145 3059]
3428 -- [ 392 2709]
3432 -- [1888  710]
3434 -- [4323  582]
3435 -- [1562 3951]
3436 -- [1798 2339]
3438 -- [ 704 3356]
3441 -- [3672 1734]
3443 -- [3826 1059]
3445 -- [3798 1138]
3448 -- [1093 2664]
3458 -- [3571  263]
3462 -- [3846  536]
3464 -- [ 887 4243]
3465 -- [1303 2986]
3466 -- [3275  167]
3468 -- [1284 3192]
3469 -- [ 146 3392]
3472 -- [1323 4297]
3473 -- [ 117 4325]
3475 -- [4012  678]
3476 -- [ 764 3090]
3477 -- [2105  240]
3479 -- [2018  361]
3480 -- [  65 2848]
3482 -- [2316 1097]
3483 -- [4214  650]
3488 -- [1625 4026]
3490 -- [1073 2142]
3492 -- [4335  144]
3493 -- [2595  690]
3495 -- [ 444 4311]
3499 -- [ 442 2535]
3503 -- [1104 4207]
3505 -- [2329 1197]
3507 -- [  35 4430]
3510 -- [ 795 4458]
3511 -- [ 971 2906]
3513 -- [1154 3919]
3514 -- [4158  651]
3515 -- [1665 3428]
3517 -- [1809 3251]
3519 -- [4258   61]
3521 -- [1892  188]
3524 -- [ 616 2906]
3527 -- [ 246 4519]
3529 -- [ 689 3561]
3531 -- [1823  214]
3534 -- [1941  692]
3535 -- [ 549 3992]
3537 -- [3042 1620]
3538 -- [3008 1214]
3541 -- [4198 1249]
3543 -- [1490 2687]
3544 -- [1459 2657]
3545 -- [3768  749]
3547 -- [3255  828]
3549 -- [1864 1283]
3551 -- [1602 3490]
3553 -- [ 725 4109]
3555 -- [4579  452]
3557 -- [2842   53]
3560 -- [4165  852]
3561 -- [ 736 2930]
3563 -- [2301 1435]
3564 -- [3909 1063]
3565 -- [1357 3114]
3573 -- [2662 1369]
3579 -- [2980  210]
3584 -- [1629 3583]
3586 -- [ 589 2214]
3587 -- [ 128 2693]
3588 -- [ 693 2503]
3589 -- [1449 3296]
3591 -- [1046 2048]
3593 -- [ 268 3647]
3596 -- [  28 3150]
3599 -- [  96 4506]
3604 -- [1993  893]
3606 -- [1899  889]
3609 -- [3899 1535]
3610 -- [3372  557]
3614 -- [ 326 2745]
3616 -- [ 109 3081]
3617 -- [2803 1373]
3622 -- [3926  187]
3623 -- [1902  294]
3624 -- [3443 1183]
3627 -- [3144  777]
3628 -- [2577  969]
3630 -- [3530 1784]
3632 -- [1325 4309]
3636 -- [2915 1802]
3637 -- [ 775 4044]
3640 -- [3906  552]
3644 -- [3090  592]
3645 -- [2194 1126]
3646 -- [1449 3873]
3648 -- [1906  313]
3653 -- [3562  919]
3656 -- [2780 1191]
3659 -- [1893 1582]
3667 -- [1206 2883]
3668 -- [4455  718]
3669 -- [2310 1754]
3670 -- [ 831 2261]
3672 -- [ 589 3432]
3675 -- [ 847 2404]
3679 -- [ 306 2696]
3681 -- [3831 1603]
3683 -- [ 617 3991]
3684 -- [ 414 3914]
3686 -- [3324  921]
3687 -- [ 543 2719]
3691 -- [2271 1150]
3695 -- [ 217 2057]
3698 -- [2300  901]
3699 -- [ 539 2591]
3700 -- [2114  394]
3703 -- [ 133 3259]
3705 -- [3023 1051]
3706 -- [3063 1508]
3709 -- [ 322 2538]
3712 -- [3798 1197]
3713 -- [2718  858]
3714 -- [4478 1615]
3723 -- [3382  568]
3724 -- [1665 3456]
3729 -- [1581 1977]
3732 -- [ 196 4282]
3742 -- [4427 1567]
3744 -- [2464  411]
3746 -- [1274 3649]
3749 -- [3102  245]
3750 -- [3729 1500]
3751 -- [  60 2634]
3761 -- [1407 4403]
3762 -- [3802 1600]
3765 -- [3562  193]
3769 -- [3259  890]
3774 -- [4550  287]
3777 -- [3401 1083]
3778 -- [1788 4175]
3779 -- [2268 1260]
3780 -- [ 161 4010]
3783 -- [3924  923]
3784 -- [1917 1348]
7 -time: 0.02208 -dim: (11172, 2)
8 -time: 0.00013 -dim: (7, 57)
9 -time: 4.05168 -dim: (1835400, 3)
10 -time: 5.77330 -dim: (1730141, 3)
11_12 -time: 0.19735 -dim: [110424, 2]
13 -time: 0.07848 -dim: (36808, 4)
14_15 -time: 0.03474 -dim: [798, 2]
16 -time: 0.00002 -dim: (0, 2)
17_18 -time: 0.39660 -dim: [73616, 3]
19 -time: 0.00019 -dim: (1, 1)
20 -time: 0.23921 -dim: (0, 4601)
21 -time: 0.00087 -dim: (1, 4601)
22 -time: 0.00008 -dim: (3785, 3)
23 -time: 0.00005 -dim: (3785, 3)
24 -time: 0.00005 -dim: (0, 5)
25 -time: 0.00008 -dim: (4266, 3)
26 -time: 0.00006 -dim: (4266, 3)
smtPr 22-26 -time: 0.02579 -dim: nan
slvr_header -time: 1.93261 -dim: nan
*solver* -time: 900.13528 -dim: nan
res_read -time: 0.10467 -dim: nan
-- SUM CL TIME: 10.82076          |  SUM other TIME: 902.17256          |  SUM TIME: 912.99332
