num branch_node: 7
num leaf_node: 8
num feature: 57
tree_depth: 3
num label: 2
nDC: 2432

***variables
a: 1 - 399 -> 399
s: 400 - 32606 -> 32207
z: 32607 - 69414 -> 36808
g: 69415 - 69430 -> 16
x: 69431 - 78632 -> 9202
ml: 78633 - 80344 -> 1712
cl: 80345 - 81852 -> 1508

variables***
[debug] --> CL ML ratio 1
the cl header --> p wcnf 81852 3808028 3221

timeout 900s ~/SAT_Project/loandra-master/loandra_static -pmreslin-cglim=30 -weight-strategy=1 -print-model -verbosity=1 ./solutions/spam_0.1_mc0.7_s3556_r1/phase_1_clauses_final >./solutions/spam_0.1_mc0.7_s3556_r1/phase_1_loandra_res

Start to read loandra res
*loandra status: SATISFIABLE
-ml sat and violated: 1363 | 349  | total #ml: 1712 | -violated weight: 349
0 -- [3897 2250]
1 -- [462 409]
13 -- [3024 3136]
20 -- [1133  405]
24 -- [ 551 1783]
31 -- [723 189]
32 -- [3289 2229]
33 -- [ 185 1280]
39 -- [3183 3566]
46 -- [1682  619]
52 -- [1116  350]
55 -- [2671 3498]
63 -- [1168  695]
65 -- [1601 1736]
73 -- [4026 3519]
74 -- [2918 2169]
89 -- [1400 1775]
91 -- [ 90 452]
92 -- [2565 4079]
96 -- [1173  905]
97 -- [4117 2181]
119 -- [1791  443]
123 -- [1793 1068]
125 -- [1690  229]
127 -- [2209 4218]
137 -- [1144  535]
140 -- [4207 4595]
152 -- [2225 2315]
155 -- [1084  850]
159 -- [ 425 1748]
160 -- [  75 1258]
161 -- [ 762 1778]
163 -- [1369  163]
168 -- [234 534]
174 -- [ 193 1733]
175 -- [3911 3752]
178 -- [1481 1677]
183 -- [1776 1680]
184 -- [2575 3718]
188 -- [4047 2445]
190 -- [1437 1088]
191 -- [585 632]
195 -- [867 703]
203 -- [3979 2844]
212 -- [2339 3432]
213 -- [3502 4203]
215 -- [1260  509]
218 -- [4492 3620]
220 -- [1691 1668]
223 -- [4204 4370]
224 -- [1837 3397]
226 -- [1336  671]
231 -- [4185 3345]
232 -- [810 945]
237 -- [145 561]
240 -- [1673  837]
241 -- [1756    4]
243 -- [3338 2508]
247 -- [4273 2654]
254 -- [276 503]
255 -- [1289  483]
270 -- [1024  393]
276 -- [1512  529]
281 -- [2334 2383]
282 -- [ 199 1463]
289 -- [3377 4258]
291 -- [910 683]
292 -- [1251 1745]
294 -- [  86 1279]
298 -- [3715 2266]
300 -- [4240 3857]
307 -- [1137  785]
308 -- [ 324 1754]
318 -- [3052 4377]
320 -- [1700  388]
321 -- [3559 4585]
324 -- [299 382]
332 -- [2181 3290]
346 -- [268 835]
350 -- [4157 3356]
351 -- [145 398]
356 -- [4269 3633]
357 -- [2750 2436]
360 -- [1995 2365]
395 -- [1691  370]
397 -- [3836 2971]
398 -- [644 436]
400 -- [1240  433]
405 -- [4484 3805]
409 -- [1285 1777]
414 -- [1179 1233]
419 -- [ 808 1637]
421 -- [1719 1208]
422 -- [1710  887]
426 -- [1546   85]
430 -- [1483 1248]
435 -- [666 255]
437 -- [ 672 1617]
438 -- [ 540 1570]
439 -- [ 561 1341]
448 -- [ 614 1637]
451 -- [4141 4409]
456 -- [418  39]
474 -- [812  64]
485 -- [4185 3321]
488 -- [72 11]
491 -- [458 663]
492 -- [702 906]
500 -- [3179 2178]
501 -- [ 740 1586]
505 -- [2513 3185]
509 -- [3417 2181]
522 -- [1559 1710]
523 -- [4377 3039]
529 -- [1357 1274]
532 -- [4218 4510]
534 -- [2437 3379]
540 -- [2308 3566]
541 -- [1428  227]
546 -- [151 906]
550 -- [2628 2130]
553 -- [1694  702]
558 -- [3915 2983]
561 -- [ 845 1191]
563 -- [2394 2628]
567 -- [4483 2086]
587 -- [740 437]
589 -- [3804 2134]
590 -- [1590 1724]
600 -- [2205 3249]
604 -- [1845 4006]
611 -- [3505 2438]
621 -- [424 783]
623 -- [4403 3297]
634 -- [4141 3684]
637 -- [4347 4026]
645 -- [1725 1765]
649 -- [193 990]
653 -- [4052 2566]
655 -- [ 41 123]
659 -- [ 206 1164]
663 -- [3050 4118]
669 -- [739 650]
670 -- [641 386]
680 -- [4169 2982]
685 -- [539 344]
688 -- [3762 4275]
690 -- [4305 2545]
701 -- [1863 4530]
710 -- [4292 2424]
711 -- [1298  219]
713 -- [ 974 1781]
727 -- [2983 2359]
730 -- [3916 2515]
738 -- [3979 2868]
756 -- [3812 4441]
758 -- [ 851 1311]
768 -- [4101 4592]
770 -- [3989 4281]
772 -- [2438 2931]
775 -- [1611  375]
778 -- [ 814 1374]
788 -- [1639 1041]
790 -- [897 215]
800 -- [1805 1490]
805 -- [3404 3566]
812 -- [3675 4344]
814 -- [2903 3317]
820 -- [1310  488]
821 -- [1577 1263]
822 -- [4322 3314]
824 -- [4245 3833]
826 -- [1592 1026]
835 -- [4368 4419]
840 -- [ 529 1706]
843 -- [991 128]
847 -- [242 874]
851 -- [4560 2829]
862 -- [4489 3228]
863 -- [717 168]
866 -- [  15 1106]
868 -- [2681 2671]
873 -- [622 746]
878 -- [1787 1578]
879 -- [2530 3843]
881 -- [4404 3785]
883 -- [3389 4404]
887 -- [3898 4540]
888 -- [2559 2075]
889 -- [4341 4258]
890 -- [196 857]
894 -- [ 150 1385]
915 -- [586 499]
916 -- [2329 2511]
919 -- [1278 1755]
934 -- [ 185 1035]
936 -- [4476 2267]
938 -- [4149 1989]
941 -- [4228 4399]
947 -- [1503 1805]
948 -- [2118 2904]
957 -- [1074 1589]
959 -- [3746 4309]
961 -- [4180 3004]
964 -- [ 634 1627]
969 -- [2341 3288]
976 -- [2795 2712]
979 -- [4466 2493]
983 -- [ 724 1535]
993 -- [1795  207]
994 -- [1117 1450]
1003 -- [2829 3037]
1008 -- [3376 2349]
1009 -- [483 917]
1012 -- [1554  322]
1024 -- [4283 2250]
1027 -- [686 770]
1030 -- [3418 3223]
1044 -- [4112 4127]
1049 -- [1568  346]
1053 -- [ 760 1508]
1055 -- [1160 1279]
1056 -- [274 104]
1075 -- [4555 2325]
1089 -- [2564 3910]
1091 -- [2939 2341]
1100 -- [469 999]
1101 -- [4199 1853]
1102 -- [ 463 1544]
1104 -- [ 649 1218]
1108 -- [488 903]
1119 -- [913 696]
1120 -- [ 165 1190]
1121 -- [408 450]
1126 -- [1286  541]
1133 -- [4094 2947]
1137 -- [4562 4516]
1139 -- [4369 4067]
1141 -- [1261  483]
1142 -- [1568 1292]
1143 -- [3583 3297]
1146 -- [1389 1229]
1151 -- [3792 2411]
1154 -- [1271   19]
1155 -- [4076 3331]
1156 -- [1353 1525]
1163 -- [756 164]
1166 -- [4195 2441]
1172 -- [2894 3770]
1174 -- [ 718 1529]
1177 -- [2273 2314]
1179 -- [3121 4436]
1180 -- [ 976 1503]
1182 -- [1640  725]
1184 -- [2119 2182]
1194 -- [4156 2515]
1196 -- [1516 1597]
1200 -- [ 438 1376]
1205 -- [982 433]
1223 -- [1179 1595]
1232 -- [327 174]
1238 -- [3606 4464]
1243 -- [ 767 1609]
1249 -- [ 43 610]
1252 -- [2622 3672]
1266 -- [1784 1578]
1286 -- [2098 3897]
1288 -- [2713 4152]
1289 -- [ 663 1154]
1296 -- [4195 4170]
1306 -- [ 134 1263]
1311 -- [4487 2023]
1312 -- [1261 1425]
1313 -- [2441 2805]
1315 -- [2673 2564]
1326 -- [4101 1853]
1336 -- [ 479 1679]
1339 -- [ 710 1726]
1357 -- [1900 3024]
1358 -- [ 611 1345]
1366 -- [1020  197]
1367 -- [3430 2689]
1371 -- [ 205 1491]
1372 -- [2312 3589]
1377 -- [4381 3828]
1378 -- [3922 3885]
1383 -- [4044 4041]
1387 -- [ 605 1657]
1394 -- [108 132]
1395 -- [1152 1413]
1403 -- [1772  848]
1420 -- [1463  527]
1426 -- [ 75 481]
1434 -- [699 487]
1436 -- [1066 1313]
1445 -- [2523 2651]
1447 -- [ 449 1644]
1452 -- [ 654 1200]
1455 -- [4363 2958]
1456 -- [2361 2889]
1459 -- [2075 2597]
1461 -- [ 893 1763]
1467 -- [1226  404]
1473 -- [490  57]
1475 -- [4372 4560]
1477 -- [2818 4294]
1482 -- [2818 3960]
1500 -- [1495  538]
1504 -- [851 339]
1512 -- [851 954]
1514 -- [3133 2773]
1516 -- [  68 1794]
1525 -- [3366 2314]
1529 -- [3624 4149]
1532 -- [3425 1863]
1544 -- [3951 3417]
1548 -- [278 872]
1549 -- [1181 1398]
1554 -- [ 559 1407]
1556 -- [ 24 613]
1563 -- [335 211]
1575 -- [282 305]
1582 -- [1256  836]
1584 -- [1000  992]
1586 -- [2383 3454]
1588 -- [3180 2438]
1592 -- [812 364]
1597 -- [2450 2651]
1604 -- [  39 1076]
1605 -- [3500 4322]
1608 -- [238 919]
1610 -- [4415 4217]
1616 -- [2689 3169]
1617 -- [432 129]
1621 -- [ 752 1711]
1622 -- [1612  306]
1625 -- [1963 3804]
1626 -- [ 236 1760]
1627 -- [ 46 688]
1629 -- [1732  664]
1643 -- [2225 4055]
1651 -- [ 618 1718]
1659 -- [314 427]
1675 -- [384 851]
1676 -- [1448 1657]
1677 -- [3736 3951]
1683 -- [3805 3548]
1689 -- [1116  696]
1692 -- [168 492]
-cl sat and violated: 499 | 1009  | total #cl: 1508 | -violated weight: 1009
0 -- [1428 2594]
1 -- [1834 1707]
2 -- [2560   31]
3 -- [2367  919]
4 -- [1442 3773]
5 -- [1679 2706]
6 -- [ 653 3967]
7 -- [4364  561]
9 -- [1524 2630]
10 -- [3660  125]
11 -- [3329  328]
12 -- [ 795 2152]
13 -- [1586 4124]
14 -- [1831 1643]
15 -- [3313 1521]
16 -- [3361  386]
17 -- [ 795 2810]
18 -- [ 648 3626]
19 -- [ 721 2704]
20 -- [1039 4478]
21 -- [  78 4136]
23 -- [2686 1785]
24 -- [1093 4298]
25 -- [ 774 2893]
26 -- [ 877 4520]
27 -- [4511 1380]
28 -- [3320  105]
29 -- [1945 1322]
30 -- [  56 3990]
31 -- [ 328 2343]
33 -- [3483  108]
35 -- [ 805 3588]
36 -- [3544   95]
37 -- [2166  483]
38 -- [2653 1208]
39 -- [3639 1618]
41 -- [2640  980]
42 -- [2162  158]
43 -- [ 268 4486]
44 -- [2928  915]
45 -- [ 161 3737]
46 -- [ 903 2909]
47 -- [2674  734]
48 -- [1181 4006]
49 -- [4077  495]
50 -- [2875 1356]
52 -- [1342 2572]
56 -- [2207  734]
58 -- [4123  517]
59 -- [1585 3262]
60 -- [4460  335]
61 -- [2291  653]
66 -- [1956 1615]
67 -- [ 906 1877]
68 -- [3492 1735]
69 -- [ 897 3821]
70 -- [2585  761]
71 -- [3169  919]
73 -- [ 982 2183]
74 -- [3551 1623]
75 -- [2110 1545]
76 -- [3675  116]
78 -- [2655  984]
79 -- [3485 1751]
80 -- [2869 1561]
83 -- [ 920 4025]
84 -- [3604 1640]
85 -- [4170  534]
87 -- [3850 1132]
88 -- [2056 1125]
90 -- [  16 4060]
91 -- [ 839 3161]
94 -- [3651  840]
95 -- [ 283 2826]
96 -- [2833   41]
97 -- [ 226 2557]
98 -- [4329 1606]
99 -- [ 315 4347]
100 -- [4021 1365]
101 -- [ 129 3149]
103 -- [ 566 4593]
104 -- [3846  974]
105 -- [ 106 2257]
106 -- [3751 1621]
107 -- [3930  377]
108 -- [ 730 2097]
109 -- [3128 1665]
111 -- [2820 1168]
112 -- [ 118 3596]
113 -- [1795 2565]
114 -- [  43 2342]
115 -- [3058 1187]
116 -- [3023 1123]
117 -- [3126 1124]
118 -- [ 923 1984]
119 -- [4290  657]
120 -- [3628  177]
121 -- [3898  345]
122 -- [2581 1635]
123 -- [2643  114]
125 -- [1548 3562]
126 -- [ 266 3135]
127 -- [ 496 3001]
128 -- [1957 1548]
130 -- [2568  103]
131 -- [1170 3042]
134 -- [2998 1336]
136 -- [3505 1037]
137 -- [3173  550]
138 -- [2652  244]
139 -- [2168  685]
140 -- [4218   76]
141 -- [1057 3226]
142 -- [4437  220]
144 -- [ 387 2291]
147 -- [ 254 4013]
148 -- [1497 1971]
149 -- [3237   82]
150 -- [2035  273]
152 -- [2441 1378]
153 -- [2353 1396]
154 -- [2598  178]
156 -- [3519 1371]
157 -- [3162 1637]
158 -- [1138 2361]
159 -- [1328 3935]
160 -- [4443  701]
162 -- [1704 3287]
165 -- [ 645 3596]
166 -- [2261  272]
167 -- [ 204 3202]
168 -- [4182  502]
169 -- [ 348 2478]
170 -- [3059  137]
171 -- [3146  501]
172 -- [  23 4344]
173 -- [3463  590]
174 -- [ 183 3029]
175 -- [3335  434]
176 -- [1632 3821]
177 -- [ 293 3281]
178 -- [ 533 3798]
179 -- [1297 3729]
180 -- [2485  131]
182 -- [ 287 2806]
183 -- [3511  153]
184 -- [  16 2084]
185 -- [3355  500]
186 -- [3394  711]
187 -- [1661 2570]
188 -- [2047  713]
190 -- [1532 1885]
191 -- [1741 3073]
192 -- [1402 3602]
193 -- [ 324 4597]
194 -- [ 922 3808]
195 -- [2563 1768]
196 -- [2941 1253]
197 -- [1381 3920]
198 -- [1455 1838]
199 -- [ 913 2655]
201 -- [3268  284]
203 -- [ 572 3790]
205 -- [2893  273]
207 -- [4270 1353]
208 -- [2605  494]
210 -- [2327   95]
211 -- [  93 4494]
212 -- [ 950 2330]
213 -- [2707  748]
214 -- [1055 2359]
216 -- [2893 1096]
218 -- [4518  906]
219 -- [3489 1209]
220 -- [2141 1497]
221 -- [1287 2613]
222 -- [2960  917]
223 -- [1487 2409]
224 -- [1317 2483]
226 -- [2823 1586]
228 -- [3048   80]
229 -- [2066  496]
230 -- [1447 2817]
232 -- [1654 3593]
233 -- [4590  478]
235 -- [2417  601]
238 -- [1586 3543]
239 -- [2339 1468]
240 -- [ 503 3346]
241 -- [3541   40]
242 -- [2951 1416]
243 -- [1208 4327]
244 -- [ 176 3932]
245 -- [2169  985]
246 -- [4212  515]
247 -- [1632 3188]
250 -- [ 558 3094]
251 -- [2452  591]
252 -- [4103  385]
253 -- [ 407 2897]
254 -- [1774 1885]
255 -- [1670 3096]
256 -- [2495 1738]
257 -- [1317 3156]
258 -- [2159  149]
259 -- [3725 1019]
260 -- [ 358 4396]
261 -- [3094 1012]
262 -- [ 516 4107]
263 -- [3087  799]
265 -- [ 858 2446]
267 -- [2024 1798]
268 -- [3755  104]
271 -- [1234 3691]
272 -- [1937 1299]
273 -- [2081  854]
274 -- [1136 3035]
275 -- [1064 4441]
277 -- [1543 3681]
279 -- [3140  377]
282 -- [ 538 3240]
283 -- [1284 2546]
284 -- [3259 1230]
285 -- [4101  404]
286 -- [3483   56]
287 -- [ 754 2044]
288 -- [ 560 2605]
289 -- [ 389 2169]
290 -- [2555  771]
291 -- [ 762 3966]
292 -- [1113 2838]
293 -- [1026 2460]
294 -- [2412 1233]
295 -- [2083 1177]
296 -- [ 318 3438]
297 -- [ 432 2885]
298 -- [2637 1777]
299 -- [2392  118]
300 -- [3761  794]
301 -- [2868  501]
302 -- [ 232 3991]
305 -- [1120 2846]
306 -- [ 936 3735]
307 -- [ 341 3312]
308 -- [3325 1564]
309 -- [2992 1554]
310 -- [ 495 2748]
311 -- [3085 1622]
313 -- [2620  162]
316 -- [2515 1247]
317 -- [ 833 3931]
320 -- [ 821 2672]
322 -- [4194 1784]
325 -- [ 780 2211]
326 -- [ 316 3847]
327 -- [3912  617]
328 -- [4244 1585]
330 -- [4345 1482]
331 -- [2813 1209]
333 -- [3541 1543]
334 -- [ 679 3302]
336 -- [1404 4369]
337 -- [1807 3066]
339 -- [3194 1206]
341 -- [ 983 2200]
342 -- [2735  395]
344 -- [1443 4321]
345 -- [3832 1380]
348 -- [2106  761]
350 -- [1164 2225]
351 -- [1761 2051]
352 -- [4389 1451]
353 -- [3399  273]
354 -- [2032 1061]
355 -- [4027  161]
357 -- [ 391 3618]
358 -- [2442 1026]
359 -- [1817 1467]
360 -- [1460 3593]
361 -- [1439 2723]
363 -- [ 664 1862]
364 -- [3387 1744]
365 -- [1444 4298]
367 -- [1006 2529]
368 -- [3814  656]
370 -- [1526 1869]
371 -- [4530  522]
372 -- [3427 1394]
374 -- [1221 3097]
376 -- [4302   52]
377 -- [2606 1736]
378 -- [1893  693]
379 -- [4289 1640]
380 -- [1616 2873]
383 -- [1728 4213]
385 -- [ 303 2355]
386 -- [4459 1136]
387 -- [ 813 2213]
388 -- [4049 1066]
389 -- [2051  309]
390 -- [ 407 3887]
393 -- [2380 1011]
394 -- [4296 1593]
395 -- [ 107 3834]
396 -- [4482 1002]
397 -- [2748  949]
398 -- [1131 2061]
401 -- [4401  717]
402 -- [3417 1579]
404 -- [1488 2867]
406 -- [  63 3850]
410 -- [4025  437]
411 -- [3213 1634]
412 -- [3452  786]
413 -- [2161  208]
415 -- [4182  340]
417 -- [1915  689]
418 -- [2046 1457]
419 -- [1543 4261]
421 -- [1757 1822]
423 -- [1457 3305]
425 -- [ 146 4380]
426 -- [1820  794]
427 -- [1539 4043]
428 -- [3938 1657]
429 -- [ 972 3483]
432 -- [2359  216]
434 -- [3893  160]
435 -- [2089 1324]
436 -- [  86 3717]
438 -- [ 901 4287]
442 -- [3759  708]
443 -- [ 150 1858]
444 -- [2850 1223]
446 -- [1004 3830]
447 -- [4117  440]
448 -- [1852  366]
449 -- [1533 4177]
450 -- [1739 3842]
451 -- [ 875 2091]
453 -- [2047 1442]
454 -- [ 592 3205]
455 -- [1457 2002]
458 -- [1282 3721]
459 -- [4252  158]
460 -- [1346 3611]
462 -- [4454   41]
465 -- [1755 2405]
467 -- [ 948 2676]
468 -- [2831  680]
469 -- [2288  859]
470 -- [1095 3823]
471 -- [3370 1231]
472 -- [3984  348]
473 -- [2109  269]
474 -- [2467 1089]
476 -- [ 134 3035]
477 -- [1255 2098]
478 -- [4403 1292]
479 -- [1415 2700]
480 -- [1777 2401]
481 -- [ 967 3396]
482 -- [4454  265]
483 -- [3144 1685]
485 -- [3900 1615]
488 -- [1381 2606]
489 -- [2020  891]
495 -- [ 773 2965]
496 -- [3321 1482]
497 -- [3568  404]
498 -- [3759  482]
501 -- [3351   63]
503 -- [1737 3065]
504 -- [ 502 3023]
505 -- [3736  187]
506 -- [1348 4145]
507 -- [ 747 3523]
508 -- [ 186 1859]
509 -- [2563  285]
510 -- [4473  268]
512 -- [1154 2980]
513 -- [ 393 2389]
514 -- [2561 1680]
515 -- [ 522 4460]
517 -- [2676  573]
518 -- [3100  400]
519 -- [1770 2429]
520 -- [2318 1593]
521 -- [ 404 2216]
522 -- [ 767 2766]
523 -- [3681 1141]
524 -- [2678 1195]
525 -- [1487 3204]
526 -- [1083 1910]
527 -- [1348 4199]
528 -- [ 146 2479]
529 -- [2531   31]
530 -- [2069  833]
532 -- [ 184 3811]
534 -- [1296 4419]
536 -- [ 152 2328]
537 -- [4305  151]
540 -- [3084 1396]
542 -- [2218  343]
545 -- [2071 1045]
547 -- [2163  721]
548 -- [1461 3015]
549 -- [3261  814]
550 -- [1543 4576]
551 -- [ 105 1962]
554 -- [ 764 3834]
555 -- [  70 1955]
557 -- [ 198 3823]
558 -- [2600 1239]
561 -- [3096  945]
562 -- [ 565 2786]
563 -- [3892  602]
564 -- [1231 4409]
566 -- [4461 1559]
567 -- [1342 2138]
569 -- [ 777 2008]
571 -- [3121  515]
572 -- [ 982 4139]
573 -- [3798 1062]
574 -- [2724 1668]
575 -- [4382 1585]
576 -- [1774 2719]
578 -- [2132 1175]
581 -- [4564   78]
582 -- [ 212 4037]
584 -- [1522 2227]
586 -- [3479  824]
589 -- [2171 1422]
590 -- [3541  825]
591 -- [3049 1523]
593 -- [1755 2084]
594 -- [4546  854]
595 -- [ 359 3546]
596 -- [2563   82]
597 -- [2810   36]
598 -- [4088  657]
599 -- [ 247 4375]
600 -- [2490  721]
601 -- [1896 1215]
603 -- [1813  593]
605 -- [3101  869]
606 -- [2724 1617]
607 -- [ 108 2299]
608 -- [4463 1387]
610 -- [4194  146]
611 -- [1640 4380]
612 -- [4260 1273]
613 -- [1957 1780]
615 -- [ 977 2560]
616 -- [3763  258]
617 -- [1274 3434]
618 -- [3607 1774]
620 -- [3413 1530]
622 -- [ 982 2631]
624 -- [2848 1085]
625 -- [3150  151]
626 -- [ 837 4599]
627 -- [4141  918]
628 -- [1214 4077]
629 -- [1995  789]
630 -- [ 250 3562]
631 -- [ 124 2990]
632 -- [ 683 2402]
633 -- [1038 3223]
634 -- [4047 1459]
636 -- [3751 1422]
638 -- [   7 4094]
640 -- [3901 1107]
641 -- [2443 1358]
642 -- [1270 2014]
643 -- [2051 1583]
644 -- [ 914 2367]
645 -- [2395 1690]
646 -- [4227 1479]
647 -- [2660 1237]
649 -- [2567  188]
650 -- [3131   42]
651 -- [ 176 3733]
652 -- [3685 1378]
653 -- [ 674 1938]
654 -- [2558  661]
655 -- [ 769 2632]
656 -- [ 578 2501]
657 -- [  26 4099]
658 -- [ 840 3226]
660 -- [1444 4288]
662 -- [1111 3769]
663 -- [2850  883]
665 -- [3094   97]
666 -- [1434 4051]
667 -- [1730 4531]
668 -- [2060  784]
669 -- [1864  571]
670 -- [2826 1188]
671 -- [ 651 4303]
672 -- [ 887 4076]
673 -- [3316   43]
674 -- [ 617 4475]
675 -- [2286  636]
676 -- [2608  444]
677 -- [2252 1585]
678 -- [ 986 3785]
679 -- [3161  169]
680 -- [3157 1577]
681 -- [3559  230]
683 -- [4039  716]
684 -- [2144   23]
685 -- [2064 1695]
686 -- [2950 1233]
688 -- [2813 1465]
690 -- [1792 2243]
692 -- [  64 3958]
693 -- [1170 3065]
695 -- [1950 1496]
697 -- [  87 4328]
701 -- [2580 1710]
702 -- [1287 4536]
703 -- [2340  914]
705 -- [1746 2969]
706 -- [ 167 4227]
707 -- [3518  451]
708 -- [2463  687]
709 -- [4213  805]
711 -- [2117  925]
712 -- [1289 3123]
716 -- [ 173 4180]
719 -- [1987 1812]
720 -- [1838 1485]
722 -- [1337 2784]
724 -- [3248  713]
725 -- [1222 3819]
726 -- [1076 2097]
727 -- [  81 3445]
728 -- [2718  741]
729 -- [3720 1525]
730 -- [1378 1911]
731 -- [2391  402]
732 -- [ 346 2313]
733 -- [ 314 3169]
736 -- [ 889 3591]
737 -- [ 212 2332]
738 -- [1987  360]
739 -- [ 136 2772]
740 -- [ 882 3240]
743 -- [ 162 3548]
744 -- [2897  915]
745 -- [ 250 3274]
746 -- [ 397 3038]
747 -- [3299 1415]
748 -- [1427 3272]
749 -- [ 309 3341]
751 -- [ 547 4432]
752 -- [ 956 2830]
753 -- [1394 4231]
755 -- [3592 1173]
756 -- [ 730 2661]
759 -- [2472  674]
760 -- [1527 3608]
762 -- [ 734 2905]
763 -- [ 304 2333]
767 -- [3060 1504]
768 -- [4428  483]
770 -- [3947 1183]
771 -- [ 788 2796]
773 -- [1474 4513]
774 -- [1111 4364]
775 -- [2381 1535]
776 -- [2843 1635]
778 -- [4345 1341]
779 -- [ 183 2104]
781 -- [4447 1468]
782 -- [1546 3098]
783 -- [   3 2294]
784 -- [ 243 3612]
785 -- [3838 1780]
788 -- [4031  980]
789 -- [3537 1504]
790 -- [3135  773]
791 -- [ 300 2771]
792 -- [4137 1364]
795 -- [1311 3947]
797 -- [1255 2446]
798 -- [ 378 3268]
802 -- [3360   73]
803 -- [1135 3526]
804 -- [3085  687]
806 -- [1849   30]
808 -- [2167 1345]
809 -- [ 855 2469]
811 -- [2903 1153]
812 -- [2595 1068]
813 -- [ 522 3071]
815 -- [ 703 4185]
817 -- [1469 2829]
819 -- [3889  741]
823 -- [ 136 1953]
825 -- [ 184 3335]
826 -- [2642  780]
827 -- [1549 2802]
829 -- [2617  599]
832 -- [2880 1570]
833 -- [3874  248]
835 -- [ 739 2539]
836 -- [3140 1636]
838 -- [4145  789]
841 -- [3795 1399]
843 -- [4468  306]
845 -- [1228 3608]
846 -- [3731  843]
847 -- [ 529 3948]
848 -- [3288 1562]
849 -- [ 912 4294]
850 -- [4426 1715]
851 -- [4099 1299]
853 -- [1120 3593]
855 -- [1561 3404]
858 -- [1770 3497]
859 -- [1617 1971]
860 -- [ 386 2068]
862 -- [2202  587]
864 -- [2857  470]
865 -- [3004 1653]
866 -- [3467 1395]
867 -- [1255 3585]
869 -- [3814 1249]
871 -- [3924 1222]
872 -- [3576  946]
873 -- [2516 1234]
874 -- [3412  958]
878 -- [ 107 3974]
880 -- [  34 2026]
882 -- [ 254 2231]
883 -- [2793  365]
884 -- [2003 1230]
885 -- [ 532 4104]
887 -- [ 794 3427]
889 -- [ 827 3226]
890 -- [1267 4163]
892 -- [1581 2084]
894 -- [1220 4563]
895 -- [3015  855]
896 -- [3104  937]
897 -- [2321  395]
898 -- [ 254 4234]
899 -- [ 440 2256]
900 -- [2172  416]
901 -- [1418 3347]
902 -- [ 935 4565]
904 -- [ 544 2938]
905 -- [1531 1898]
908 -- [3055  988]
909 -- [1658 1893]
911 -- [1762 4235]
912 -- [ 795 1953]
914 -- [4103 1530]
915 -- [2091  705]
917 -- [1438 4081]
919 -- [3659  101]
921 -- [2163  137]
926 -- [2627 1259]
927 -- [1329 4594]
930 -- [1279 2903]
931 -- [ 244 2276]
934 -- [ 521 2748]
935 -- [1468 4517]
936 -- [2846  308]
939 -- [4172  250]
940 -- [ 907 3375]
941 -- [1063 4405]
943 -- [2597  841]
944 -- [2873  481]
945 -- [3310 1291]
946 -- [3589  461]
947 -- [1755 3738]
950 -- [3572  914]
952 -- [2085  761]
954 -- [ 896 3198]
955 -- [ 916 3978]
957 -- [4215  187]
958 -- [3207  284]
959 -- [1515 2692]
960 -- [4484  573]
963 -- [2688 1505]
965 -- [3186  186]
966 -- [ 461 3242]
967 -- [3853 1006]
972 -- [1009 3362]
974 -- [ 407 3515]
975 -- [1741 3901]
976 -- [2337  602]
978 -- [1444 4454]
979 -- [1917  359]
982 -- [ 404 2792]
983 -- [2342  157]
985 -- [2876  559]
987 -- [ 811 2920]
988 -- [2453   80]
989 -- [4060  730]
993 -- [1290 3053]
995 -- [3455  840]
1000 -- [3035  285]
1001 -- [2585 1711]
1003 -- [2369  185]
1006 -- [3806 1525]
1007 -- [1283 2942]
1008 -- [2757 1097]
1009 -- [3631   23]
1014 -- [1933 1705]
1017 -- [3523 1255]
1018 -- [3741  162]
1019 -- [2160 1112]
1020 -- [1380 2749]
1022 -- [3690  901]
1024 -- [1321 1957]
1026 -- [ 883 4323]
1028 -- [2795 1733]
1029 -- [2816 1630]
1030 -- [3749 1614]
1031 -- [2627  862]
1032 -- [3453  769]
1033 -- [1800 2189]
1037 -- [ 518 4134]
1038 -- [1556 2184]
1039 -- [1073 3628]
1040 -- [4098 1209]
1041 -- [2874 1291]
1042 -- [3708  247]
1043 -- [ 922 4344]
1044 -- [ 528 4541]
1046 -- [1663 4419]
1050 -- [3476  551]
1052 -- [1886  162]
1053 -- [ 308 2009]
1054 -- [4396  859]
1055 -- [3113  534]
1056 -- [3221 1377]
1057 -- [2724  983]
1058 -- [2378  446]
1060 -- [ 463 4310]
1067 -- [1500 2272]
1068 -- [2733  895]
1069 -- [3550  110]
1071 -- [4499 1521]
1074 -- [3916  977]
1075 -- [  42 3835]
1076 -- [2682  511]
1077 -- [2613 1706]
1078 -- [  42 2967]
1079 -- [1550 3915]
1080 -- [2662  138]
1081 -- [4370 1185]
1082 -- [ 482 2665]
1083 -- [ 599 2796]
1084 -- [1005 1917]
1085 -- [1519 4045]
1086 -- [1021 4192]
1087 -- [1654 3501]
1088 -- [ 347 4184]
1089 -- [1845  630]
1091 -- [1843 1145]
1093 -- [1825  140]
1095 -- [ 681 3237]
1096 -- [4368 1678]
1097 -- [2993  352]
1098 -- [1548 3755]
1101 -- [1560 3012]
1105 -- [1195 2234]
1109 -- [1149 3377]
1110 -- [3572 1508]
1111 -- [2757 1487]
1113 -- [2322 1091]
1114 -- [4075  862]
1115 -- [3431  794]
1117 -- [ 727 1984]
1119 -- [1171 2829]
1121 -- [4168  539]
1122 -- [4551 1458]
1127 -- [4157  483]
1128 -- [1932 1289]
1131 -- [1738 2281]
1132 -- [1998 1350]
1133 -- [ 742 3347]
1134 -- [1928  784]
1135 -- [1583 3589]
1137 -- [1579 4418]
1140 -- [1356 3026]
1141 -- [  78 4361]
1142 -- [ 774 1934]
1146 -- [2163 1451]
1147 -- [1477 4391]
1148 -- [3131  129]
1150 -- [ 522 3050]
1152 -- [2825  397]
1153 -- [ 661 4471]
1154 -- [3888  712]
1155 -- [2172  358]
1156 -- [3935  895]
1157 -- [4051 1571]
1158 -- [ 438 3512]
1159 -- [1251 1905]
1164 -- [1558 1825]
1165 -- [4116  532]
1168 -- [1448 4588]
1169 -- [1582 2825]
1170 -- [1645 2311]
1173 -- [2506  907]
1174 -- [ 484 2343]
1175 -- [3697  412]
1177 -- [ 571 2248]
1179 -- [ 852 1820]
1182 -- [ 297 2317]
1183 -- [3601  889]
1184 -- [ 579 3716]
1185 -- [4502  771]
1186 -- [ 962 2187]
1188 -- [ 902 2169]
1190 -- [1946  935]
1192 -- [ 532 4009]
1193 -- [ 437 3455]
1196 -- [3508   87]
1197 -- [3633 1211]
1199 -- [2197  173]
1200 -- [3786  969]
1201 -- [ 263 2181]
1202 -- [2325 1740]
1203 -- [3210  235]
1204 -- [ 694 2147]
1205 -- [3666 1418]
1206 -- [1811 2164]
1208 -- [ 957 1922]
1209 -- [2446 1272]
1211 -- [ 874 2652]
1212 -- [3917  121]
1215 -- [ 877 3422]
1218 -- [3694  185]
1219 -- [3761  502]
1220 -- [2451 1740]
1221 -- [ 399 2980]
1222 -- [3052 1176]
1224 -- [4222 1467]
1228 -- [ 811 2145]
1229 -- [3349 1641]
1231 -- [3754  497]
1232 -- [1305 3554]
1234 -- [1906  139]
1238 -- [ 985 3908]
1241 -- [3403  171]
1242 -- [3298  121]
1244 -- [1946  604]
1245 -- [ 721 2078]
1246 -- [ 876 1908]
1248 -- [  13 2373]
1250 -- [1140 2509]
1253 -- [3217 1492]
1256 -- [1508 2057]
1260 -- [1102 2061]
1261 -- [1466 3142]
1262 -- [3811  108]
1263 -- [1700 4051]
1264 -- [ 506 4264]
1265 -- [ 135 3091]
1266 -- [1498 3053]
1269 -- [4189 1445]
1270 -- [1176 2420]
1271 -- [2338  492]
1272 -- [4492  257]
1277 -- [1970  821]
1279 -- [2772 1570]
1280 -- [2538  165]
1281 -- [ 932 4224]
1285 -- [2104 1688]
1286 -- [3940  418]
1287 -- [ 532 3820]
1288 -- [2986 1490]
1289 -- [4095  235]
1290 -- [1560 2729]
1291 -- [ 895 3210]
1292 -- [ 300 4257]
1296 -- [ 875 4277]
1297 -- [ 165 3139]
1300 -- [ 490 3287]
1301 -- [4048 1599]
1303 -- [2806 1176]
1304 -- [ 204 2641]
1306 -- [3388  145]
1307 -- [3375  464]
1308 -- [1142 4302]
1309 -- [2538 1744]
1310 -- [2845   38]
1312 -- [3340 1322]
1313 -- [4411  428]
1314 -- [1336 2432]
1317 -- [2878 1082]
1318 -- [2447  649]
1320 -- [4439 1760]
1325 -- [2676  796]
1326 -- [3593 1117]
1327 -- [ 158 3180]
1328 -- [3411 1534]
1331 -- [2349  976]
1334 -- [1269 3417]
1336 -- [2270  107]
1337 -- [ 116 1938]
1338 -- [4293 1096]
1340 -- [4202 1491]
1343 -- [1162 4529]
1346 -- [2388  869]
1347 -- [1009 2730]
1348 -- [ 739 1880]
1349 -- [1485 1894]
1350 -- [2639 1255]
1352 -- [ 526 4513]
1355 -- [1012 3072]
1357 -- [1599 2258]
1361 -- [ 113 3218]
1363 -- [1162 2936]
1365 -- [1429 4596]
1367 -- [3343 1002]
1368 -- [ 210 3606]
1369 -- [1311 3519]
1370 -- [ 622 4030]
1372 -- [ 162 3832]
1374 -- [2716  262]
1375 -- [1219 3260]
1377 -- [2522 1715]
1379 -- [ 960 2518]
1381 -- [3185  882]
1382 -- [2051  312]
1384 -- [1649 3319]
1387 -- [1204 2225]
1388 -- [4033 1356]
1389 -- [ 567 3453]
1392 -- [1553 3451]
1393 -- [3669  256]
1396 -- [4215 1746]
1397 -- [2018  769]
1398 -- [ 951 3736]
1399 -- [ 173 3283]
1400 -- [3166  176]
1401 -- [ 325 3725]
1403 -- [3932  156]
1404 -- [2710  199]
1405 -- [1685 4570]
1406 -- [4164  166]
1407 -- [1182 3782]
1411 -- [1395 2787]
1413 -- [ 105 3399]
1416 -- [2435  485]
1417 -- [ 434 2943]
1419 -- [3769 1054]
1420 -- [2505  264]
1422 -- [1096 3917]
1423 -- [2199  458]
1426 -- [ 914 3918]
1428 -- [  97 3824]
1429 -- [3362 1514]
1430 -- [3246  451]
1431 -- [ 731 2655]
1432 -- [4417  402]
1434 -- [3995 1577]
1436 -- [4316  155]
1437 -- [4306  316]
1438 -- [ 485 3856]
1439 -- [1913  971]
1442 -- [4029  958]
1443 -- [4108    2]
1444 -- [ 854 2543]
1446 -- [1072 2971]
1447 -- [1287 4462]
1449 -- [ 353 4284]
1452 -- [ 255 2870]
1453 -- [3930  656]
1454 -- [3288 1736]
1455 -- [1404 3328]
1458 -- [4509 1097]
1460 -- [ 301 2896]
1464 -- [3932  896]
1466 -- [3422  160]
1468 -- [1697 4039]
1469 -- [  95 4406]
1471 -- [1654 2691]
1472 -- [3438  674]
1475 -- [2430 1487]
1476 -- [3571 1316]
1479 -- [3035  210]
1480 -- [1519 2313]
1481 -- [1415 3108]
1485 -- [4049   79]
1486 -- [ 374 2324]
1487 -- [4593  113]
1488 -- [ 347 2986]
1489 -- [1933 1630]
1490 -- [  32 4533]
1492 -- [3539 1370]
1493 -- [1790 2490]
1495 -- [1324 1904]
1496 -- [2357 1124]
1497 -- [ 533 1892]
1498 -- [1921   94]
1499 -- [4504 1792]
1500 -- [2062  334]
1502 -- [ 428 1946]
1504 -- [ 502 3002]
1506 -- [4007  690]
7 -time: 0.02229 -dim: (11172, 2)
8 -time: 0.00013 -dim: (7, 57)
9 -time: 4.10498 -dim: (1835400, 3)
10 -time: 5.56083 -dim: (1730141, 3)
11_12 -time: 0.20173 -dim: [110424, 2]
13 -time: 0.07947 -dim: (36808, 4)
14_15 -time: 0.03341 -dim: [798, 2]
16 -time: 0.00001 -dim: (0, 2)
17_18 -time: 0.38740 -dim: [73616, 3]
19 -time: 0.00009 -dim: (1, 1)
20 -time: 0.22129 -dim: (0, 4601)
21 -time: 0.00077 -dim: (1, 4601)
22 -time: 0.00005 -dim: (1508, 3)
23 -time: 0.00002 -dim: (1508, 3)
24 -time: 0.00003 -dim: (0, 5)
25 -time: 0.00004 -dim: (1712, 3)
26 -time: 0.00003 -dim: (1712, 3)
smtPr 22-26 -time: 0.01048 -dim: nan
slvr_header -time: 1.98951 -dim: nan
*solver* -time: 900.07729 -dim: nan
res_read -time: 0.05446 -dim: nan
-- SUM CL TIME: 10.62305          |  SUM other TIME: 902.12126          |  SUM TIME: 912.74431
