num branch_node: 7
num leaf_node: 8
num feature: 57
tree_depth: 3
num label: 2
nDC: 2432

***variables
a: 1 - 399 -> 399
s: 400 - 32606 -> 32207
z: 32607 - 69414 -> 36808
g: 69415 - 69430 -> 16
x: 69431 - 78632 -> 9202
ml: 78633 - 79800 -> 1168
cl: 79801 - 80932 -> 1132

variables***
[debug] --> CL ML ratio 1
the cl header --> p wcnf 80932 3805268 2301

timeout 900s ~/SAT_Project/loandra-master/loandra_static -pmreslin-cglim=30 -weight-strategy=1 -print-model -verbosity=1 ./solutions/spam_0.1_mc0.5_s1732_r1/phase_1_clauses_final >./solutions/spam_0.1_mc0.5_s1732_r1/phase_1_loandra_res

Start to read loandra res
*loandra status: SATISFIABLE
-ml sat and violated: 936 | 232  | total #ml: 1168 | -violated weight: 232
0 -- [3988 4472]
2 -- [3885 3600]
6 -- [2429 3664]
12 -- [4544 3584]
18 -- [596 591]
20 -- [2947 3718]
25 -- [3322 4037]
29 -- [4549 2250]
40 -- [1964 3044]
43 -- [3755 3939]
55 -- [4224 2772]
68 -- [610 599]
70 -- [3653 3176]
86 -- [2558 3600]
88 -- [739 697]
100 -- [3684 2078]
105 -- [  83 1318]
111 -- [2275 2785]
112 -- [1923 3298]
113 -- [1812  359]
114 -- [3593 3047]
115 -- [4039 2997]
126 -- [3206 2232]
130 -- [1838 3730]
145 -- [2577 2207]
154 -- [2156 3559]
160 -- [3766 4447]
164 -- [ 176 1309]
170 -- [3946 4389]
173 -- [1681  317]
175 -- [2900 2209]
183 -- [2573 3666]
187 -- [2523 2950]
191 -- [3582 4275]
194 -- [ 507 1315]
195 -- [2586 3564]
196 -- [3101 1820]
206 -- [4560 2996]
210 -- [2719 2272]
214 -- [1168 1547]
218 -- [3788 3879]
220 -- [4533 2692]
221 -- [2004 4224]
222 -- [146 147]
224 -- [3948 3599]
233 -- [3841 3168]
235 -- [4177 3209]
238 -- [ 513 1580]
239 -- [  57 1812]
243 -- [964 382]
255 -- [2441 3600]
256 -- [3636 4161]
261 -- [3610 3775]
265 -- [2439 3668]
267 -- [3651 4031]
287 -- [632 990]
291 -- [4066 3577]
298 -- [2246 4090]
308 -- [4135 2924]
310 -- [1454 1620]
313 -- [2601 3978]
314 -- [2978 3635]
326 -- [648 975]
328 -- [4385 3490]
341 -- [726 847]
346 -- [1760  637]
347 -- [1708  983]
354 -- [ 549 1470]
361 -- [3615 2269]
363 -- [2887 3885]
371 -- [ 110 1370]
373 -- [4502 3564]
377 -- [3662 2063]
385 -- [3898 3066]
386 -- [2282 4055]
390 -- [1662 1752]
396 -- [ 275 1718]
397 -- [3663 2113]
399 -- [3619 3003]
401 -- [3654 4150]
413 -- [1268 1618]
416 -- [ 845 1700]
418 -- [ 99 851]
419 -- [4057 3622]
420 -- [3868 4123]
423 -- [3811 3187]
437 -- [1905 4001]
440 -- [ 551 1638]
464 -- [3149 2662]
467 -- [1918 2618]
468 -- [3252 3477]
470 -- [2436 3158]
473 -- [1275  336]
479 -- [1211  253]
488 -- [3658 4023]
495 -- [3111 3987]
505 -- [3978 2994]
508 -- [ 381 1223]
518 -- [1702  303]
520 -- [2124 3913]
533 -- [722  34]
535 -- [3105 2307]
536 -- [1828 3585]
548 -- [4393 4399]
551 -- [1840 2640]
556 -- [439 591]
566 -- [1995 1815]
567 -- [4367 3904]
574 -- [ 700 1099]
575 -- [4207 2834]
583 -- [ 758 1072]
585 -- [2978 2792]
596 -- [472 894]
597 -- [4500 2153]
598 -- [1875 4212]
602 -- [ 614 1182]
610 -- [2018 2628]
613 -- [2726 3679]
615 -- [3006 2970]
627 -- [2145 2122]
628 -- [2592 1931]
629 -- [4493 3978]
636 -- [1653 1747]
646 -- [2944 3755]
652 -- [2842 3664]
653 -- [2588 3492]
658 -- [376 330]
664 -- [1169  322]
665 -- [ 278 1363]
668 -- [3106 2848]
670 -- [1709  865]
671 -- [2568 3559]
673 -- [1679  538]
676 -- [2047 3067]
680 -- [2161 2847]
686 -- [3772 3851]
688 -- [1130  208]
698 -- [ 859 1452]
701 -- [2625 2220]
704 -- [2547 3006]
707 -- [3124 3182]
719 -- [2357 2987]
722 -- [2503 2565]
725 -- [1230  952]
729 -- [2205 3589]
737 -- [3415 2652]
740 -- [ 93 587]
745 -- [2776 3591]
749 -- [2069 3465]
750 -- [2655 3638]
751 -- [3863 3681]
752 -- [2373 1944]
756 -- [4564 3849]
766 -- [2930 3592]
768 -- [2602 2134]
769 -- [2637 3300]
771 -- [3182 1891]
775 -- [2608 2222]
782 -- [3167 4470]
790 -- [193 935]
791 -- [2063 2100]
793 -- [3228 3304]
802 -- [3959 3641]
804 -- [3639 3146]
809 -- [3545 4318]
822 -- [4140 3430]
828 -- [3915 2506]
846 -- [3593 2019]
849 -- [ 912 1592]
852 -- [3404 3870]
853 -- [3038 3623]
861 -- [3559 3234]
867 -- [3578 4425]
883 -- [3674 2731]
888 -- [2223 3201]
894 -- [4259 3679]
896 -- [1964 2588]
916 -- [3678 3087]
919 -- [ 510 1511]
920 -- [3668 4562]
946 -- [1503 1313]
948 -- [3204 3622]
960 -- [4594 2254]
972 -- [3373 4165]
973 -- [2804 2151]
977 -- [2872 3670]
983 -- [3683 3007]
985 -- [2376 3496]
987 -- [513 169]
991 -- [4227 3072]
993 -- [3609 4112]
1004 -- [3199 4192]
1007 -- [4574 3641]
1008 -- [  33 1417]
1011 -- [3647 4382]
1013 -- [3642 3033]
1015 -- [3490 3558]
1019 -- [1674  325]
1021 -- [1662  916]
1024 -- [3860 3435]
1025 -- [734 268]
1029 -- [3980 2752]
1030 -- [1417  251]
1033 -- [3406 3068]
1035 -- [3361 3140]
1038 -- [ 695 1528]
1039 -- [1046  121]
1045 -- [ 117 1571]
1056 -- [3564 3702]
1061 -- [2693 2672]
1070 -- [1571 1655]
1081 -- [  18 1602]
1082 -- [1732 1154]
1086 -- [3766 3166]
1088 -- [4200 2848]
1089 -- [1792 1280]
1092 -- [3364 3915]
1093 -- [ 326 1701]
1094 -- [4080 3688]
1097 -- [1373 1244]
1098 -- [3487 4393]
1108 -- [2703 4443]
1109 -- [1539  568]
1111 -- [233 218]
1122 -- [1647  959]
1135 -- [ 758 1418]
1140 -- [2741 2894]
1146 -- [3595 3235]
1149 -- [3643 2131]
1152 -- [4536 4068]
1164 -- [3512 3626]
1165 -- [1367 1607]
-cl sat and violated: 291 | 841  | total #cl: 1132 | -violated weight: 841
1 -- [2982 1304]
2 -- [ 732 2895]
3 -- [1490 3094]
4 -- [ 117 3536]
6 -- [3757  763]
7 -- [2293  475]
8 -- [3541  831]
10 -- [1098 2342]
11 -- [2255 1192]
12 -- [2003   70]
15 -- [  45 3675]
16 -- [ 303 3767]
17 -- [3265 1070]
18 -- [1625 3289]
19 -- [ 882 2595]
20 -- [ 530 4094]
21 -- [1168 2234]
22 -- [1798 3875]
23 -- [3500 1411]
24 -- [1038 1824]
25 -- [ 946 3336]
26 -- [ 777 4438]
27 -- [3848  396]
30 -- [2171 1622]
31 -- [1330 2609]
35 -- [2535  620]
36 -- [ 990 3746]
37 -- [3826 1501]
38 -- [ 798 2621]
39 -- [ 732 2275]
41 -- [1056 2202]
42 -- [ 627 2496]
43 -- [3213  139]
45 -- [2721 1424]
46 -- [ 643 2597]
47 -- [3235  204]
48 -- [ 262 2743]
49 -- [3958  562]
50 -- [2521 1167]
53 -- [ 606 3161]
56 -- [3396 1665]
58 -- [3034 1790]
59 -- [3505 1362]
61 -- [3057 1563]
62 -- [3495 1415]
64 -- [ 395 3110]
65 -- [2182 1526]
66 -- [2479  780]
67 -- [3953   41]
68 -- [ 913 4281]
69 -- [ 604 4569]
70 -- [ 297 2118]
71 -- [2081  262]
72 -- [1439 4581]
73 -- [2786  352]
74 -- [2852  531]
77 -- [2027   22]
78 -- [2103  979]
79 -- [  46 4491]
80 -- [1995 1568]
81 -- [ 856 2181]
83 -- [3193  422]
84 -- [ 961 3110]
86 -- [ 532 2897]
88 -- [ 277 4111]
89 -- [ 702 4416]
91 -- [2732  445]
92 -- [3221 1508]
94 -- [ 956 3694]
96 -- [1124 3104]
98 -- [1869  183]
99 -- [3949  258]
100 -- [3497 1081]
101 -- [1561 2106]
103 -- [1859 1462]
104 -- [4202 1715]
105 -- [3457  111]
106 -- [4108 1523]
108 -- [3360 1739]
110 -- [ 556 2783]
111 -- [4209 1281]
112 -- [3648 1459]
113 -- [1863  296]
116 -- [1979 1343]
117 -- [ 667 3462]
122 -- [ 940 4511]
123 -- [ 863 3859]
124 -- [3859  198]
126 -- [ 922 3968]
128 -- [1102 2255]
129 -- [1362 4143]
130 -- [1553 1860]
132 -- [ 354 4111]
134 -- [ 984 2432]
136 -- [1147 2529]
137 -- [4267  141]
138 -- [4375 1457]
139 -- [2785 1611]
140 -- [3673  313]
141 -- [ 676 4378]
142 -- [ 272 3831]
143 -- [1575 1973]
144 -- [ 172 4227]
145 -- [3960  567]
146 -- [1988  977]
147 -- [4524  819]
148 -- [2638 1007]
149 -- [3297 1210]
151 -- [4531  305]
152 -- [2533  303]
153 -- [1712 4279]
154 -- [1722 4427]
156 -- [3559  453]
157 -- [1588 2293]
158 -- [1754 2868]
160 -- [3539  164]
162 -- [ 365 4008]
163 -- [4352 1768]
164 -- [1072 1859]
165 -- [1609 4312]
166 -- [1587 3169]
168 -- [1448 4422]
169 -- [1950  615]
170 -- [1264 4388]
172 -- [1773 3057]
173 -- [3067  408]
174 -- [4293 1494]
175 -- [4485  694]
176 -- [3743 1643]
177 -- [3647  168]
178 -- [2439  605]
180 -- [1251 2384]
181 -- [1310 2370]
182 -- [  25 2248]
183 -- [ 449 3008]
184 -- [1794 4281]
185 -- [3319  334]
186 -- [ 241 4508]
187 -- [ 334 2876]
188 -- [1037 4487]
189 -- [4187  708]
191 -- [ 334 3520]
192 -- [  69 1930]
193 -- [4152 1297]
195 -- [ 320 2760]
196 -- [1628 3172]
198 -- [2478  693]
199 -- [1706 4310]
200 -- [3802 1035]
201 -- [3214 1090]
202 -- [1564 4150]
204 -- [3555  990]
205 -- [2415 1487]
206 -- [ 813 2453]
207 -- [ 814 3805]
208 -- [1187 3294]
210 -- [3260 1469]
211 -- [2481  324]
212 -- [1600 3721]
214 -- [3046 1323]
216 -- [2671 1243]
217 -- [ 323 3913]
218 -- [4274  511]
219 -- [1896   55]
220 -- [2328  310]
221 -- [2375 1564]
222 -- [1378 4101]
223 -- [2431  905]
224 -- [3511  543]
225 -- [2102 1572]
226 -- [1332 2397]
227 -- [2989 1175]
229 -- [ 309 3543]
231 -- [ 486 3962]
232 -- [3943  238]
234 -- [  74 2128]
235 -- [4357  906]
236 -- [4211 1794]
238 -- [  37 4290]
239 -- [3946 1629]
241 -- [4202  222]
242 -- [2060 1398]
243 -- [3745 1343]
245 -- [1157 3545]
246 -- [3491 1221]
247 -- [3235 1788]
248 -- [2484 1546]
250 -- [  41 3407]
252 -- [3967  476]
254 -- [   8 4242]
255 -- [3940  580]
257 -- [2480 1363]
259 -- [  66 2539]
261 -- [4466  575]
262 -- [ 299 3775]
263 -- [ 563 2362]
264 -- [3542  776]
266 -- [2092  683]
267 -- [2057  101]
268 -- [ 600 4472]
269 -- [4337 1572]
270 -- [1563 2441]
271 -- [2306  204]
272 -- [2086   15]
273 -- [ 166 2872]
274 -- [4511  965]
275 -- [2320  342]
276 -- [3698  175]
278 -- [1359 4515]
279 -- [ 815 2812]
281 -- [2615 1142]
282 -- [1625 3972]
283 -- [ 272 4526]
285 -- [3613  868]
286 -- [4561   29]
289 -- [ 983 3275]
290 -- [2633  436]
292 -- [2874  660]
294 -- [1968 1373]
295 -- [2800  306]
296 -- [2566   34]
297 -- [ 237 2593]
299 -- [3438  617]
302 -- [4503  328]
304 -- [ 459 3022]
306 -- [2094 1746]
307 -- [4312 1005]
308 -- [2892  970]
310 -- [3386 1016]
311 -- [1066 3261]
312 -- [ 426 2576]
313 -- [3920 1096]
314 -- [ 337 2865]
315 -- [2112 1685]
316 -- [ 288 2981]
317 -- [4245  266]
318 -- [   8 3996]
320 -- [1478 1873]
322 -- [2572 1694]
324 -- [1049 2862]
325 -- [ 399 4189]
328 -- [3226 1398]
329 -- [4130 1666]
330 -- [4314  348]
331 -- [ 931 3011]
334 -- [ 736 4215]
335 -- [1037 2761]
336 -- [ 505 2281]
337 -- [1057 3394]
338 -- [3466 1666]
339 -- [  61 3743]
340 -- [ 533 3337]
341 -- [1441 2553]
343 -- [ 349 2276]
344 -- [1451 4370]
346 -- [2305 1282]
347 -- [4568  845]
348 -- [1010 4279]
349 -- [ 903 1818]
351 -- [1277 3684]
353 -- [ 107 2021]
354 -- [4206  605]
355 -- [1150 2983]
356 -- [4284 1590]
357 -- [3122   72]
359 -- [1445 3577]
360 -- [1071 3153]
361 -- [1204 4160]
363 -- [ 649 3910]
364 -- [1250 2041]
365 -- [4339  573]
366 -- [ 672 3783]
368 -- [1081 4364]
369 -- [1776 4323]
370 -- [2011 1419]
372 -- [3704 1113]
373 -- [ 189 2168]
374 -- [1418 3848]
376 -- [ 148 2103]
377 -- [2434   89]
380 -- [ 902 4510]
382 -- [3498 1792]
383 -- [ 563 3549]
384 -- [1407 4538]
385 -- [1782 3995]
387 -- [1043 2558]
389 -- [3168  802]
391 -- [1657 2649]
393 -- [3925 1375]
395 -- [2405  241]
396 -- [4329  976]
398 -- [1712 4295]
400 -- [2218  272]
402 -- [1381 1866]
403 -- [1391 3069]
404 -- [ 155 2670]
406 -- [4127 1799]
407 -- [2059 1802]
408 -- [3798    7]
410 -- [3832  806]
411 -- [ 143 2303]
412 -- [1503 3887]
414 -- [4474  314]
416 -- [2747  939]
417 -- [2462  552]
418 -- [ 785 2980]
419 -- [2477  455]
420 -- [ 268 3904]
421 -- [ 681 3284]
422 -- [3069 1055]
423 -- [ 564 2061]
424 -- [ 553 2287]
425 -- [3789  414]
426 -- [ 233 4069]
427 -- [2419   31]
430 -- [3005   67]
431 -- [1454 1959]
432 -- [4409 1785]
433 -- [2298 1347]
434 -- [1697 2499]
435 -- [1006 2090]
436 -- [2925   84]
437 -- [ 843 3429]
438 -- [1457 4589]
439 -- [ 275 2308]
441 -- [3567  956]
442 -- [3476 1259]
443 -- [2550 1399]
444 -- [1749 1855]
445 -- [3184 1562]
446 -- [1873   76]
447 -- [ 607 4289]
449 -- [4404 1040]
451 -- [4531 1668]
452 -- [1031 4012]
453 -- [1766 2465]
454 -- [2056 1805]
456 -- [3590 1547]
457 -- [ 752 2285]
458 -- [ 373 1869]
459 -- [3955 1054]
460 -- [ 782 4530]
461 -- [1727 2610]
464 -- [ 919 2769]
465 -- [4250   68]
466 -- [ 587 3134]
467 -- [3808  676]
469 -- [2238 1449]
470 -- [1571 2776]
472 -- [ 997 4189]
474 -- [ 592 4500]
475 -- [3560  444]
476 -- [2512  893]
477 -- [ 337 2535]
479 -- [1283 3964]
481 -- [3975 1146]
486 -- [2750  548]
488 -- [ 511 2929]
489 -- [ 962 1988]
490 -- [ 791 4470]
492 -- [4552 1637]
494 -- [4247  860]
495 -- [ 791 4378]
496 -- [ 296 4477]
499 -- [3556  458]
500 -- [2746 1711]
501 -- [  26 3358]
502 -- [ 692 3220]
504 -- [  43 4367]
505 -- [ 101 2038]
506 -- [1695 2421]
510 -- [1715 3956]
511 -- [ 269 2793]
513 -- [1156 3817]
515 -- [ 253 2907]
516 -- [ 300 2545]
517 -- [1090 1913]
518 -- [ 579 3041]
519 -- [3237 1369]
521 -- [4102  480]
522 -- [1139 3754]
524 -- [ 512 2706]
525 -- [ 311 2656]
526 -- [ 148 4178]
527 -- [1437 4404]
528 -- [2243   84]
529 -- [ 136 2737]
530 -- [2476  173]
531 -- [ 188 3464]
532 -- [2900 1563]
533 -- [ 587 3332]
535 -- [1184 3754]
536 -- [  13 3118]
537 -- [1006 2128]
538 -- [1761 4478]
540 -- [4251 1012]
541 -- [4496 1069]
542 -- [ 751 1841]
543 -- [2247 1745]
544 -- [2196 1118]
545 -- [2284 1011]
546 -- [3160  162]
547 -- [1387 2965]
548 -- [3963 1420]
549 -- [1530 2875]
550 -- [ 602 2547]
552 -- [1293 2054]
554 -- [1674 3010]
555 -- [3673  465]
556 -- [ 222 2698]
558 -- [1866 1011]
559 -- [3572  101]
560 -- [2629  981]
561 -- [ 488 3596]
562 -- [1135 2077]
565 -- [3002 1707]
566 -- [2695 1765]
567 -- [1640 2231]
568 -- [4270  826]
569 -- [2541  685]
570 -- [2883 1233]
571 -- [1457 3916]
572 -- [4586  196]
573 -- [ 669 2630]
575 -- [ 684 4387]
577 -- [4347  868]
578 -- [ 296 3052]
580 -- [ 500 1972]
581 -- [ 441 4149]
582 -- [1754 4180]
583 -- [1698 3864]
584 -- [ 402 2196]
586 -- [ 528 4115]
587 -- [2074  226]
588 -- [1113 1870]
589 -- [1881  553]
590 -- [3857  712]
591 -- [ 793 2808]
592 -- [ 790 2878]
593 -- [2045  754]
595 -- [ 404 3973]
596 -- [2965 1754]
598 -- [2136 1493]
599 -- [ 833 3472]
602 -- [3996  331]
604 -- [2004  128]
605 -- [2431 1668]
606 -- [1298 1987]
608 -- [1745 2674]
611 -- [ 575 4283]
612 -- [4437 1148]
613 -- [1294 4282]
615 -- [1513 4168]
616 -- [3613  517]
618 -- [ 199 2242]
621 -- [1327 3005]
623 -- [3745  855]
625 -- [ 359 2521]
626 -- [1436 2492]
627 -- [1225 2000]
628 -- [2280 1407]
629 -- [ 940 3069]
630 -- [ 854 1866]
631 -- [2343  343]
632 -- [ 255 2085]
633 -- [ 975 1972]
636 -- [2584  717]
637 -- [3057  864]
638 -- [2597 1186]
640 -- [2256  169]
641 -- [1777 3181]
642 -- [1880 1459]
644 -- [ 393 2311]
645 -- [ 465 2252]
647 -- [1783 3087]
648 -- [ 990 2969]
649 -- [ 996 2637]
650 -- [  51 3310]
651 -- [ 444 1987]
652 -- [4075  331]
653 -- [ 819 2070]
654 -- [1768 3092]
655 -- [3047  197]
656 -- [2726 1181]
657 -- [1352 3974]
658 -- [ 725 3990]
661 -- [1560 2577]
662 -- [2894  170]
663 -- [ 228 3268]
664 -- [3286 1254]
665 -- [4337  334]
668 -- [1110 3051]
669 -- [1016 3898]
670 -- [1408 4336]
671 -- [3408  163]
672 -- [2182  650]
675 -- [2189  153]
676 -- [1386 3243]
677 -- [4342 1002]
678 -- [1664 2818]
679 -- [2386 1302]
680 -- [1562 4491]
681 -- [3013 1789]
682 -- [1694 2224]
683 -- [ 264 3387]
684 -- [ 457 2970]
685 -- [1087 4192]
686 -- [3433  854]
687 -- [1200 4223]
689 -- [4149  759]
690 -- [ 522 2194]
692 -- [2336  104]
693 -- [2340  689]
696 -- [4000   17]
697 -- [3930 1358]
698 -- [1582 4392]
699 -- [ 630 3367]
700 -- [3842 1126]
701 -- [ 504 2211]
702 -- [2546  559]
703 -- [ 465 4130]
704 -- [ 983 3501]
705 -- [ 472 3509]
708 -- [2036 1115]
709 -- [2510  356]
710 -- [1735 3369]
711 -- [3018 1031]
712 -- [3002 1289]
713 -- [2891  854]
715 -- [1088 2519]
718 -- [2527  686]
719 -- [4373 1460]
720 -- [ 188 2419]
721 -- [2225 1396]
722 -- [ 103 2306]
723 -- [3070  638]
724 -- [4474  863]
726 -- [4347  505]
727 -- [3407 1589]
728 -- [ 362 3180]
729 -- [2972  434]
730 -- [ 482 4282]
732 -- [ 471 4414]
733 -- [1217 2760]
735 -- [2860  964]
737 -- [4203  821]
738 -- [ 815 3231]
740 -- [ 545 4000]
741 -- [ 474 3227]
742 -- [ 169 3208]
743 -- [4127 1161]
744 -- [2250 1514]
746 -- [4234  492]
747 -- [3974  921]
749 -- [3141 1797]
750 -- [3223 1069]
751 -- [3677  917]
752 -- [2225  895]
753 -- [ 593 2688]
754 -- [1823 1800]
755 -- [2662 1804]
757 -- [1046 3192]
758 -- [3312 1628]
759 -- [2674  388]
761 -- [  25 4586]
762 -- [3508 1524]
763 -- [2015  379]
764 -- [ 555 3708]
766 -- [4055 1627]
767 -- [1803 2446]
768 -- [2355   29]
769 -- [2298  586]
771 -- [1078 3982]
773 -- [4035 1697]
774 -- [2164 1293]
775 -- [2802  226]
776 -- [2513 1774]
778 -- [1937   99]
780 -- [3653 1662]
781 -- [ 243 2009]
782 -- [ 870 2398]
783 -- [3188  988]
784 -- [2525  124]
785 -- [1661 2442]
787 -- [2384 1664]
789 -- [1330 4160]
790 -- [ 940 4497]
791 -- [1336 1979]
792 -- [4233  208]
795 -- [3984  197]
796 -- [4384  911]
797 -- [ 890 3723]
798 -- [1382 3017]
799 -- [ 589 3772]
800 -- [2354 1656]
801 -- [ 761 2638]
803 -- [3604  568]
805 -- [1296 3210]
806 -- [ 212 2832]
808 -- [ 214 3753]
809 -- [1043 2219]
810 -- [4201    3]
813 -- [3434 1086]
814 -- [1515 1879]
815 -- [ 902 3950]
816 -- [3509 1779]
820 -- [1216 2674]
821 -- [3726  387]
822 -- [1255 3251]
824 -- [1384 3337]
825 -- [2319  619]
826 -- [2553  606]
827 -- [2879  715]
828 -- [4279  107]
829 -- [1087 2414]
830 -- [1778 4439]
831 -- [2448  954]
833 -- [4554  643]
835 -- [1271 3170]
836 -- [2852   89]
837 -- [2963  852]
838 -- [ 463 2225]
839 -- [2960   90]
840 -- [ 511 3518]
841 -- [1390 4524]
842 -- [1548 2586]
843 -- [2677 1776]
845 -- [ 464 3044]
846 -- [1080 3507]
849 -- [2097 1020]
850 -- [ 541 4482]
851 -- [1760 3363]
852 -- [1304 2418]
853 -- [3760  974]
854 -- [1545 4237]
856 -- [2415 1539]
859 -- [3850   51]
860 -- [2114   62]
862 -- [2946  767]
863 -- [1227 3494]
864 -- [ 864 2405]
865 -- [2138  414]
866 -- [2548  336]
868 -- [ 143 4162]
869 -- [1079 4349]
870 -- [1255 2425]
872 -- [ 526 2354]
873 -- [1022 4262]
874 -- [1168 3986]
876 -- [2382 1537]
878 -- [4523  681]
879 -- [3208 1642]
880 -- [1891  626]
881 -- [2926  809]
882 -- [1301 2804]
883 -- [1560 2340]
884 -- [2553  169]
885 -- [1072 3876]
886 -- [1580 4576]
889 -- [1825  915]
890 -- [1288 2590]
892 -- [3395  535]
893 -- [1093 4373]
894 -- [ 348 2467]
897 -- [  98 3673]
898 -- [1974 1163]
900 -- [ 374 2087]
901 -- [3159 1516]
903 -- [4137 1143]
904 -- [2271  840]
905 -- [ 557 2777]
906 -- [ 336 3350]
909 -- [1944  305]
910 -- [1124 2969]
911 -- [1129 4145]
912 -- [4392 1415]
913 -- [ 830 4542]
914 -- [4556 1783]
915 -- [1023 2266]
916 -- [ 249 2149]
917 -- [4392    6]
918 -- [ 131 3725]
919 -- [2052 1526]
920 -- [2661  717]
921 -- [1415 3948]
922 -- [ 487 2925]
923 -- [1504 4454]
924 -- [ 898 2402]
926 -- [2340  656]
927 -- [4441 1567]
929 -- [4067  290]
930 -- [ 258 3694]
931 -- [1201 4083]
932 -- [1097 4598]
933 -- [ 843 2736]
934 -- [ 738 4423]
936 -- [3846 1107]
937 -- [1689 4596]
938 -- [2064  954]
939 -- [ 726 3876]
940 -- [3992 1782]
941 -- [ 407 3743]
943 -- [3698  972]
944 -- [2558 1797]
945 -- [3846  125]
946 -- [3336  249]
947 -- [ 548 2957]
949 -- [ 796 2374]
950 -- [ 194 1966]
953 -- [3898  756]
954 -- [3554  954]
955 -- [ 309 2731]
956 -- [1443 2767]
957 -- [2226 1041]
958 -- [3856  966]
959 -- [2895  309]
960 -- [4446  908]
961 -- [2739  764]
964 -- [2455 1239]
966 -- [3027   33]
967 -- [3348 1521]
968 -- [3381 1151]
969 -- [4504 1723]
970 -- [3310 1466]
971 -- [  46 4265]
972 -- [1323 2347]
975 -- [2289  101]
977 -- [1962  262]
978 -- [1903 1300]
979 -- [4209  970]
980 -- [ 524 2011]
981 -- [ 140 3392]
982 -- [2617  348]
983 -- [3713 1250]
984 -- [ 463 2041]
987 -- [3472 1307]
988 -- [ 874 2301]
990 -- [4553 1799]
991 -- [4203  626]
992 -- [ 905 3441]
994 -- [2201  524]
995 -- [  75 3053]
996 -- [1382 3919]
997 -- [1516 3261]
999 -- [3812 1372]
1000 -- [1777 4421]
1003 -- [4243  207]
1004 -- [1770 2561]
1005 -- [2328 1189]
1006 -- [1597 4543]
1008 -- [3179 1549]
1011 -- [ 427 4274]
1012 -- [2699  479]
1013 -- [ 534 2316]
1015 -- [2582  246]
1016 -- [ 832 2622]
1018 -- [2976 1600]
1019 -- [2083  396]
1020 -- [3252  182]
1021 -- [ 133 3048]
1022 -- [ 441 3920]
1024 -- [1114 3580]
1025 -- [1259 2019]
1026 -- [ 193 3562]
1027 -- [1056 2772]
1029 -- [2236  332]
1030 -- [ 745 2143]
1032 -- [ 887 4504]
1033 -- [1320 2545]
1035 -- [1514 3092]
1036 -- [1040 2823]
1037 -- [3102  870]
1038 -- [2783  745]
1039 -- [ 361 3573]
1040 -- [3903 1143]
1042 -- [4554 1507]
1043 -- [1327 2218]
1044 -- [1190 2804]
1045 -- [3542 1270]
1049 -- [3426  369]
1050 -- [ 544 2364]
1051 -- [4046  907]
1052 -- [ 829 3134]
1053 -- [ 187 2861]
1054 -- [2011 1096]
1055 -- [1543 2911]
1056 -- [3602  590]
1057 -- [2472  179]
1058 -- [3424 1289]
1059 -- [4204  184]
1060 -- [2285  130]
1061 -- [2769 1283]
1062 -- [1451 3498]
1064 -- [ 453 2271]
1065 -- [1890 1373]
1067 -- [3614 1586]
1069 -- [2021  262]
1071 -- [4450 1421]
1073 -- [ 281 2313]
1074 -- [1487 3126]
1075 -- [  39 2458]
1076 -- [1305 2438]
1078 -- [1968  281]
1080 -- [2890 1521]
1081 -- [2729  202]
1082 -- [2082  160]
1083 -- [4265  468]
1084 -- [2013 1026]
1085 -- [1222 4295]
1086 -- [1857  496]
1088 -- [3419  118]
1089 -- [3505  859]
1090 -- [3818   59]
1091 -- [ 767 1955]
1092 -- [4544  616]
1094 -- [ 664 3412]
1095 -- [1402 3283]
1096 -- [1206 3068]
1097 -- [2593  339]
1101 -- [3202  413]
1102 -- [1336 3130]
1107 -- [3278 1699]
1109 -- [1168 4338]
1111 -- [ 773 3299]
1113 -- [2314 1698]
1114 -- [1680 3927]
1115 -- [2434 1100]
1116 -- [1366 2923]
1117 -- [2718   82]
1118 -- [3476 1224]
1119 -- [3727    4]
1120 -- [2177  744]
1121 -- [3197 1556]
1123 -- [4291 1179]
1124 -- [3917  321]
1126 -- [ 329 2999]
1127 -- [2311 1414]
1128 -- [1644 1815]
1129 -- [1075 3059]
1130 -- [3895  650]
1131 -- [  36 3560]
7 -time: 0.02107 -dim: (11172, 2)
8 -time: 0.00013 -dim: (7, 57)
9 -time: 4.19587 -dim: (1835400, 3)
10 -time: 5.43229 -dim: (1730141, 3)
11_12 -time: 0.19050 -dim: [110424, 2]
13 -time: 0.07477 -dim: (36808, 4)
14_15 -time: 0.03308 -dim: [798, 2]
16 -time: 0.00001 -dim: (0, 2)
17_18 -time: 0.35117 -dim: [73616, 3]
19 -time: 0.00008 -dim: (1, 1)
20 -time: 0.22003 -dim: (0, 4601)
21 -time: 0.00107 -dim: (1, 4601)
22 -time: 0.00005 -dim: (1132, 3)
23 -time: 0.00002 -dim: (1132, 3)
24 -time: 0.00004 -dim: (0, 5)
25 -time: 0.00004 -dim: (1168, 3)
26 -time: 0.00004 -dim: (1168, 3)
smtPr 22-26 -time: 0.00712 -dim: nan
slvr_header -time: 2.15242 -dim: nan
*solver* -time: 900.05236 -dim: nan
res_read -time: 0.04740 -dim: nan
-- SUM CL TIME: 10.52738          |  SUM other TIME: 902.25218          |  SUM TIME: 912.77956
